seqid,type,start,end,strand,attributes,locus_name,gene_biotype,prev_start,prev_end,next_start,next_end,overlap_prev,overlap_next,seq_upstream,seq_next_upstream,start_codon,deltaG,RBS_dist,has_RBS,next_has_RBS,next_deltaG,next_RBS_dist
NZ_CP025209.1,CDS,1,1677,+,ID=gene-AL06_RS00005;Dbxref=GeneID:69498373;Name=dnaA;gbkey=Gene;gene=dnaA;gene_biotype=protein_coding;locus_tag=AL06_RS00005;old_locus_tag=CXF52_RS00005,dnaA,protein_coding,0,0,2316,3503,FALSE,FALSE,TTACCTAAATGCGAA,CATCGAGGAGCCCTC,GTG,2.00029,6,FALSE,TRUE,-6.768055,11
NZ_CP025209.1,CDS,2316,3503,+,ID=gene-AL06_RS00010;Dbxref=GeneID:69498374;Name=dnaN;gbkey=Gene;gene=dnaN;gene_biotype=protein_coding;locus_tag=AL06_RS00010;old_locus_tag=CXF52_RS00010,dnaN,protein_coding,1,1677,3542,4735,FALSE,FALSE,CATCGAGGAGCCCTC,CAAAGGACGTCGCCC,ATG,-6.768055,11,TRUE,TRUE,-4.40793,14
NZ_CP025209.1,CDS,3542,4735,+,ID=gene-AL06_RS00015;Dbxref=GeneID:69498375;Name=recF;gbkey=Gene;gene=recF;gene_biotype=protein_coding;locus_tag=AL06_RS00015;old_locus_tag=CXF52_RS00015,recF,protein_coding,2316,3503,4725,5276,FALSE,TRUE,CAAAGGACGTCGCCC,GCCGCCACGGGGGTA,GTG,-4.40793,14,TRUE,TRUE,-8.478815,6
NZ_CP025209.1,CDS,4725,5276,+,ID=gene-AL06_RS00020;Dbxref=GeneID:69498376;Name=AL06_RS00020;gbkey=Gene;gene_biotype=protein_coding;locus_tag=AL06_RS00020;old_locus_tag=CXF52_RS00020,AL06_RS00020,protein_coding,3542,4735,5390,7435,TRUE,FALSE,GCCGCCACGGGGGTA,GCAAGGAGTGCACGC,ATG,-8.478815,6,TRUE,TRUE,-6.768055,13
NZ_CP025209.1,CDS,5390,7435,+,ID=gene-AL06_RS00025;Dbxref=GeneID:69498377;Name=gyrB;gbkey=Gene;gene=gyrB;gene_biotype=protein_coding;locus_tag=AL06_RS00025;old_locus_tag=CXF52_RS00025,gyrB,protein_coding,4725,5276,8788,11358,FALSE,FALSE,GCAAGGAGTGCACGC,TTATAGAAAAAGGTG,GTG,-6.768055,13,TRUE,TRUE,-3.82996,6
NZ_CP025209.1,CDS,7502,7939,-,ID=gene-AL06_RS00030;Dbxref=GeneID:69498378;Name=AL06_RS00030;gbkey=Gene;gene_biotype=protein_coding;locus_tag=AL06_RS00030;old_locus_tag=CXF52_RS00030,AL06_RS00030,protein_coding,8200,8472,0,0,FALSE,FALSE,TAAACGAAAGGACTA,CGGATGGCGTTTCCG,ATG,-4.40793,9,TRUE,FALSE,0,0
NZ_CP025209.1,CDS,8200,8472,-,ID=gene-AL06_RS00035;Dbxref=GeneID:69498379;Name=AL06_RS00035;gbkey=Gene;gene_biotype=protein_coding;locus_tag=AL06_RS00035;old_locus_tag=CXF52_RS00035,AL06_RS00035,protein_coding,8477,8677,7502,7939,FALSE,FALSE,CGGCTAGGCAGGTAG,TAAACGAAAGGACTA,ATG,-8.313115,8,TRUE,TRUE,-4.40793,9
NZ_CP025209.1,CDS,8477,8677,-,ID=gene-AL06_RS00040;Dbxref=GeneID:69498380;Name=AL06_RS00040;gbkey=Gene;gene_biotype=protein_coding;locus_tag=AL06_RS00040;old_locus_tag=CXF52_RS00040,AL06_RS00040,protein_coding,12170,12892,8200,8472,FALSE,FALSE,AGATTGATACCATTT,CGGCTAGGCAGGTAG,ATG,1.5151,18,FALSE,TRUE,-8.313115,8
NZ_CP025209.1,CDS,8788,11358,+,ID=gene-AL06_RS00045;Dbxref=GeneID:69498381;Name=gyrA;gbkey=Gene;gene=gyrA;gene_biotype=protein_coding;locus_tag=AL06_RS00045;old_locus_tag=CXF52_RS00045,gyrA,protein_coding,5390,7435,11358,11702,FALSE,TRUE,TTATAGAAAAAGGTG,ACGCCGACGAGGAGG,ATG,-3.82996,6,TRUE,TRUE,-11.71615,6
NZ_CP025209.1,CDS,11358,11702,+,ID=gene-AL06_RS00050;Dbxref=GeneID:69498382;Name=AL06_RS00050;gbkey=Gene;gene_biotype=protein_coding;locus_tag=AL06_RS00050;old_locus_tag=CXF52_RS00050,AL06_RS00050,protein_coding,8788,11358,11814,11890,TRUE,FALSE,ACGCCGACGAGGAGG,TTGGCATACGTTCCT,ATG,-11.71615,6,TRUE,FALSE,0.827129999999999,16
NZ_CP025209.1,tRNA,11814,11890,+,ID=gene-AL06_RS00055;Dbxref=GeneID:69498383;Name=AL06_RS00055;gbkey=Gene;gene_biotype=tRNA;locus_tag=AL06_RS00055;old_locus_tag=CXF52_RS00055,AL06_RS00055,tRNA,11358,11702,11900,11972,FALSE,FALSE,TTGGCATACGTTCCT,AGGCCCACCAGGAAC,GGG,0.827129999999999,16,FALSE,TRUE,-4.21615,8
NZ_CP025209.1,tRNA,11900,11972,+,ID=gene-AL06_RS00060;Dbxref=GeneID:69498384;Name=AL06_RS00060;gbkey=Gene;gene_biotype=tRNA;locus_tag=AL06_RS00060;old_locus_tag=CXF52_RS00060,AL06_RS00060,tRNA,11814,11890,15066,15605,FALSE,FALSE,AGGCCCACCAGGAAC,ATTTGAGAGGGGAAT,GGG,-4.21615,8,TRUE,TRUE,-5.99388,9
NZ_CP025209.1,CDS,12170,12892,-,ID=gene-AL06_RS00065;Dbxref=GeneID:69498385;Name=AL06_RS00065;gbkey=Gene;gene_biotype=protein_coding;locus_tag=AL06_RS00065;old_locus_tag=CXF52_RS00065,AL06_RS00065,protein_coding,12965,14635,8477,8677,FALSE,FALSE,AACAAGGGAGCCTTT,AGATTGATACCATTT,ATG,-5.145645,10,TRUE,FALSE,1.5151,18
NZ_CP025209.1,CDS,12965,14635,-,ID=gene-AL06_RS00070;Dbxref=GeneID:69498386;Name=AL06_RS00070;gbkey=Gene;gene_biotype=protein_coding;locus_tag=AL06_RS00070;old_locus_tag=CXF52_RS00070,AL06_RS00070,protein_coding,19669,20067,12170,12892,FALSE,FALSE,CTCCAGGAGTTTCCT,AACAAGGGAGCCTTT,ATG,-6.468055,12,TRUE,TRUE,-5.145645,10
NZ_CP025209.1,CDS,15066,15605,+,ID=gene-AL06_RS00075;Dbxref=GeneID:69498387;Name=AL06_RS00075;gbkey=Gene;gene_biotype=protein_coding;locus_tag=AL06_RS00075;old_locus_tag=CXF52_RS00075,AL06_RS00075,protein_coding,11900,11972,15724,17337,FALSE,FALSE,ATTTGAGAGGGGAAT,CCGGCTTGGGGTTTT,TTG,-5.99388,9,TRUE,TRUE,-5.13072,8
NZ_CP025209.1,CDS,15724,17337,+,ID=gene-AL06_RS00080;Dbxref=GeneID:69498388;Name=AL06_RS00080;gbkey=Gene;gene_biotype=protein_coding;locus_tag=AL06_RS00080;old_locus_tag=CXF52_RS00080,AL06_RS00080,protein_coding,15066,15605,17327,18973,FALSE,TRUE,CCGGCTTGGGGTTTT,GAGGAAGAAGAACAC,ATG,-5.13072,8,TRUE,TRUE,-4.40793,16
NZ_CP025209.1,CDS,17327,18973,+,ID=gene-AL06_RS00085;Dbxref=GeneID:69498389;Name=AL06_RS00085;gbkey=Gene;gene_biotype=protein_coding;locus_tag=AL06_RS00085;old_locus_tag=CXF52_RS00085,AL06_RS00085,protein_coding,15724,17337,19041,19117,TRUE,FALSE,GAGGAAGAAGAACAC,TTCCTTTTCGTTCCT,ATG,-4.40793,16,TRUE,FALSE,1.77826,9
NZ_CP025209.1,tRNA,19041,19117,+,ID=gene-AL06_RS00090;Dbxref=GeneID:69498390;Name=AL06_RS00090;gbkey=Gene;gene_biotype=tRNA;locus_tag=AL06_RS00090;old_locus_tag=CXF52_RS00090,AL06_RS00090,tRNA,17327,18973,19127,19199,FALSE,FALSE,TTCCTTTTCGTTCCT,AGGCCCACCAGGAAC,GGG,1.77826,9,FALSE,TRUE,-4.21615,8
NZ_CP025209.1,tRNA,19127,19199,+,ID=gene-AL06_RS00095;Dbxref=GeneID:69498391;Name=AL06_RS00095;gbkey=Gene;gene_biotype=tRNA;locus_tag=AL06_RS00095;old_locus_tag=CXF52_RS00095,AL06_RS00095,tRNA,19041,19117,20181,20253,FALSE,FALSE,AGGCCCACCAGGAAC,TTATAGTGTTGTTGC,GGG,-4.21615,8,TRUE,FALSE,1.1151,15
NZ_CP025209.1,CDS,19669,20067,-,ID=gene-AL06_RS00105;Dbxref=GeneID:69498392;Name=AL06_RS00105;gbkey=Gene;gene_biotype=protein_coding;locus_tag=AL06_RS00105;old_locus_tag=CXF52_RS00105,AL06_RS00105,protein_coding,24277,24885,12965,14635,FALSE,FALSE,CACGCACTAGCATGA,CTCCAGGAGTTTCCT,ATG,1.1151,11,FALSE,TRUE,-6.468055,12
NZ_CP025209.1,tRNA,20181,20253,+,ID=gene-AL06_RS00110;Dbxref=GeneID:69498393;Name=AL06_RS00110;gbkey=Gene;gene_biotype=tRNA;locus_tag=AL06_RS00110;old_locus_tag=CXF52_RS00110,AL06_RS00110,tRNA,19127,19199,21441,22439,FALSE,FALSE,TTATAGTGTTGTTGC,GATGCGACACCATGC,GGG,1.1151,15,FALSE,FALSE,1.80029,18
NZ_CP025209.1,CDS,21441,22439,+,ID=gene-AL06_RS00125;Dbxref=GeneID:69498395;Name=AL06_RS00125;gbkey=Gene;gene_biotype=protein_coding;locus_tag=AL06_RS00125;old_locus_tag=CXF52_RS00125,AL06_RS00125,protein_coding,20181,20253,22436,23467,FALSE,TRUE,GATGCGACACCATGC,CTGCGAAGGCGGGTC,GTG,1.80029,18,FALSE,TRUE,-7.63894,7
NZ_CP025209.1,CDS,22436,23467,+,ID=gene-AL06_RS00130;Dbxref=GeneID:69498396;Name=AL06_RS00130;gbkey=Gene;gene_biotype=protein_coding;locus_tag=AL06_RS00130;old_locus_tag=CXF52_RS00130,AL06_RS00130,protein_coding,21441,22439,23468,24229,TRUE,FALSE,CTGCGAAGGCGGGTC,GACCAAGGGGAGGCG,ATG,-7.63894,7,TRUE,TRUE,-8.39374,7
NZ_CP025209.1,CDS,23468,24229,+,ID=gene-AL06_RS00135;Dbxref=GeneID:69498397;Name=AL06_RS00135;gbkey=Gene;gene_biotype=protein_coding;locus_tag=AL06_RS00135;old_locus_tag=CXF52_RS00135,AL06_RS00135,protein_coding,22436,23467,24954,25490,FALSE,FALSE,GACCAAGGGGAGGCG,GGTTGCGGGTTTCAT,ATG,-8.39374,7,TRUE,FALSE,-3.00755,10
NZ_CP025209.1,CDS,24277,24885,-,ID=gene-AL06_RS00140;Dbxref=GeneID:69498398;Name=AL06_RS00140;gbkey=Gene;gene_biotype=protein_coding;locus_tag=AL06_RS00140;old_locus_tag=CXF52_RS00140,AL06_RS00140,protein_coding,25580,25810,19669,20067,FALSE,FALSE,CTGGGAAGGACGATA,CACGCACTAGCATGA,ATG,-4.49374,11,TRUE,FALSE,1.1151,11
NZ_CP025209.1,CDS,24954,25490,+,ID=gene-AL06_RS00145;Dbxref=GeneID:69498399;Name=AL06_RS00145;gbkey=Gene;gene_biotype=protein_coding;locus_tag=AL06_RS00145;old_locus_tag=CXF52_RS00145,AL06_RS00145,protein_coding,23468,24229,27105,27749,FALSE,FALSE,GGTTGCGGGTTTCAT,TTCACCAGGTTTATG,ATG,-3.00755,10,FALSE,TRUE,-3.82996,10
NZ_CP025209.1,CDS,25580,25810,-,ID=gene-AL06_RS00150;Dbxref=GeneID:69498400;Name=AL06_RS00150;gbkey=Gene;gene_biotype=protein_coding;locus_tag=AL06_RS00150;old_locus_tag=CXF52_RS00150,AL06_RS00150,protein_coding,26198,26548,24277,24885,FALSE,FALSE,TGATGGGCCCCGAGG,CTGGGAAGGACGATA,ATA,-5.30793,5,TRUE,TRUE,-4.49374,11
NZ_CP025209.1,CDS,26198,26548,-,ID=gene-AL06_RS00155;Dbxref=GeneID:69498401;Name=AL06_RS00155;gbkey=Gene;gene_biotype=protein_coding;locus_tag=AL06_RS00155;old_locus_tag=CXF52_RS00155,AL06_RS00155,protein_coding,43230,43499,25580,25810,FALSE,FALSE,ATGATGTGGAGAGAT,TGATGGGCCCCGAGG,TTG,-3.60793,9,TRUE,TRUE,-5.30793,5
NZ_CP025209.1,CDS,27105,27749,+,ID=gene-AL06_RS00160;Dbxref=GeneID:69498402;Name=AL06_RS00160;gbkey=Gene;gene_biotype=protein_coding;locus_tag=AL06_RS00160;old_locus_tag=CXF52_RS00160,AL06_RS00160,protein_coding,24954,25490,28825,30624,FALSE,FALSE,TTCACCAGGTTTATG,AGAGAGGAGCGCGAG,GTG,-3.82996,10,TRUE,TRUE,-6.91615,6
NZ_CP025209.1,CDS,28825,30624,+,ID=gene-AL06_RS00170;Dbxref=GeneID:69498403;Name=thiC;gbkey=Gene;gene=thiC;gene_biotype=protein_coding;locus_tag=AL06_RS00170;old_locus_tag=CXF52_RS00170,thiC,protein_coding,27105,27749,30608,31276,FALSE,TRUE,AGAGAGGAGCGCGAG,TATAGCGAGGTGCGT,GTG,-6.91615,6,TRUE,TRUE,-5.904895,9
NZ_CP025209.1,CDS,30608,31276,+,ID=gene-AL06_RS00175;Dbxref=GeneID:69498404;Name=AL06_RS00175;gbkey=Gene;gene_biotype=protein_coding;locus_tag=AL06_RS00175;old_locus_tag=CXF52_RS00175,AL06_RS00175,protein_coding,28825,30624,31273,32361,TRUE,TRUE,TATAGCGAGGTGCGT,TATTGAAAGGTTTTG,ATG,-5.904895,9,TRUE,TRUE,-3.82996,9
NZ_CP025209.1,CDS,31273,32361,+,ID=gene-AL06_RS00180;Dbxref=GeneID:69498405;Name=thiO;gbkey=Gene;gene=thiO;gene_biotype=protein_coding;locus_tag=AL06_RS00180;old_locus_tag=CXF52_RS00180,thiO,protein_coding,30608,31276,32345,32545,TRUE,TRUE,TATTGAAAGGTTTTG,AACGAAAGGGGCACA,ATG,-3.82996,9,TRUE,TRUE,-5.99388,10
NZ_CP025209.1,CDS,32345,32545,+,ID=gene-AL06_RS00185;Dbxref=GeneID:69498406;Name=thiS;gbkey=Gene;gene=thiS;gene_biotype=protein_coding;locus_tag=AL06_RS00185;old_locus_tag=CXF52_RS00185,thiS,protein_coding,31273,32361,32547,33332,TRUE,FALSE,AACGAAAGGGGCACA,GCAGTGCAGGGAGGA,ATG,-5.99388,10,TRUE,TRUE,-8.39374,6
NZ_CP025209.1,CDS,32547,33332,+,ID=gene-AL06_RS00190;Dbxref=GeneID:69498407;Name=AL06_RS00190;gbkey=Gene;gene_biotype=protein_coding;locus_tag=AL06_RS00190;old_locus_tag=CXF52_RS00190,AL06_RS00190,protein_coding,32345,32545,33332,34342,FALSE,TRUE,GCAGTGCAGGGAGGA,GGGCGGACGAGGTGC,ATG,-8.39374,6,TRUE,TRUE,-5.904895,7
NZ_CP025209.1,CDS,33332,34342,+,ID=gene-AL06_RS00195;Dbxref=GeneID:69498408;Name=AL06_RS00195;gbkey=Gene;gene_biotype=protein_coding;locus_tag=AL06_RS00195;old_locus_tag=CXF52_RS00195,AL06_RS00195,protein_coding,32547,33332,34339,35193,TRUE,TRUE,GGGCGGACGAGGTGC,GCGGAATCAACGAAC,ATG,-5.904895,7,TRUE,FALSE,-1.247805,15
NZ_CP025209.1,CDS,34339,35193,+,ID=gene-AL06_RS00200;Dbxref=GeneID:69498409;Name=thiD;gbkey=Gene;gene=thiD;gene_biotype=protein_coding;locus_tag=AL06_RS00200;old_locus_tag=CXF52_RS00200,thiD,protein_coding,33332,34342,36310,39564,TRUE,FALSE,GCGGAATCAACGAAC,TTGTTAGAAAGGCGT,ATG,-1.247805,15,FALSE,FALSE,-2.332995,9
NZ_CP025209.1,CDS,36310,39564,+,ID=gene-AL06_RS00215;Dbxref=GeneID:69498410;Name=AL06_RS00215;gbkey=Gene;gene_biotype=protein_coding;locus_tag=AL06_RS00215;old_locus_tag=CXF52_RS00215,AL06_RS00215,protein_coding,34339,35193,39589,40482,FALSE,FALSE,TTGTTAGAAAGGCGT,GAATCCTGGATGGCG,GTG,-2.332995,9,FALSE,FALSE,-2.956025,7
NZ_CP025209.1,CDS,39589,40482,+,ID=gene-AL06_RS00220;Dbxref=GeneID:69498411;Name=cas1;gbkey=Gene;gene=cas1;gene_biotype=protein_coding;locus_tag=AL06_RS00220;old_locus_tag=CXF52_RS00220,cas1,protein_coding,36310,39564,40466,40795,FALSE,TRUE,GAATCCTGGATGGCG,ATTTGGGAAGGTCCC,GTG,-2.956025,7,FALSE,TRUE,-6.790705,8
NZ_CP025209.1,CDS,40466,40795,+,ID=gene-AL06_RS00225;Dbxref=GeneID:69498412;Name=cas2;gbkey=Gene;gene=cas2;gene_biotype=protein_coding;locus_tag=AL06_RS00225;old_locus_tag=CXF52_RS00225,cas2,protein_coding,39589,40482,41483,41770,TRUE,FALSE,ATTTGGGAAGGTCCC,AGCTAAAGCTGCTGC,ATG,-6.790705,8,TRUE,FALSE,0.9151,13
NZ_CP025209.1,CDS,41483,41770,+,ID=gene-AL06_RS12370;Dbxref=GeneID:77100346;Name=AL06_RS12370;gbkey=Gene;gene_biotype=protein_coding;locus_tag=AL06_RS12370,AL06_RS12370,protein_coding,40466,40795,41799,42587,FALSE,FALSE,AGCTAAAGCTGCTGC,GTTAGAAGAGTTCTA,ATC,0.9151,13,FALSE,FALSE,-0.359835,10
NZ_CP025209.1,CDS,41799,42587,+,ID=gene-AL06_RS00230;Dbxref=GeneID:69498413;Name=AL06_RS00230;gbkey=Gene;gene_biotype=protein_coding;locus_tag=AL06_RS00230;old_locus_tag=CXF52_RS00230,AL06_RS00230,protein_coding,41483,41770,42805,42900,FALSE,FALSE,GTTAGAAGAGTTCTA,ATCCGCTGATACTGT,GTG,-0.359835,10,FALSE,FALSE,2.00029,11
NZ_CP025209.1,CDS,42805,42900,+,ID=gene-AL06_RS11980;Dbxref=GeneID:69500578;Name=AL06_RS11980;gbkey=Gene;gene_biotype=protein_coding;locus_tag=AL06_RS11980,AL06_RS11980,protein_coding,41799,42587,53016,53099,FALSE,FALSE,ATCCGCTGATACTGT,AAAATTTGCTTCACC,ATC,2.00029,11,FALSE,FALSE,3.875225,15
NZ_CP025209.1,CDS,43230,43499,-,ID=gene-AL06_RS00240;Dbxref=GeneID:69498414;Name=crgA;gbkey=Gene;gene=crgA;gene_biotype=protein_coding;locus_tag=AL06_RS00240;old_locus_tag=CXF52_RS00240,crgA,protein_coding,43616,45625,26198,26548,FALSE,FALSE,CCAACAAGGACACCC,ATGATGTGGAGAGAT,ATG,-4.40793,11,TRUE,TRUE,-3.60793,9
NZ_CP025209.1,CDS,43616,45625,-,ID=gene-AL06_RS00245;Dbxref=GeneID:69498415;Name=pknB;gbkey=Gene;gene=pknB;gene_biotype=protein_coding;locus_tag=AL06_RS00245;old_locus_tag=CXF52_RS00245,pknB,protein_coding,45622,47148,43230,43499,TRUE,FALSE,TCAACCAAGGAGGTG,CCAACAAGGACACCC,GTG,-12.313115,7,TRUE,TRUE,-4.40793,11
NZ_CP025209.1,CDS,45622,47148,-,ID=gene-AL06_RS00250;Dbxref=GeneID:69498416;Name=AL06_RS00250;gbkey=Gene;gene_biotype=protein_coding;locus_tag=AL06_RS00250;old_locus_tag=CXF52_RS00250,AL06_RS00250,protein_coding,47161,48621,43616,45625,FALSE,TRUE,AGGATAGAGGGGAGA,TCAACCAAGGAGGTG,ATG,-5.99388,9,TRUE,TRUE,-12.313115,7
NZ_CP025209.1,CDS,47161,48621,-,ID=gene-AL06_RS00255;Dbxref=GeneID:69498417;Name=AL06_RS00255;gbkey=Gene;gene_biotype=protein_coding;locus_tag=AL06_RS00255;old_locus_tag=CXF52_RS00255,AL06_RS00255,protein_coding,48618,49967,45622,47148,TRUE,FALSE,GAGGTCAGGAGGCCC,AGGATAGAGGGGAGA,ATG,-9.71615,9,TRUE,TRUE,-5.99388,9
NZ_CP025209.1,CDS,48618,49967,-,ID=gene-AL06_RS00260;Dbxref=GeneID:69498418;Name=AL06_RS00260;gbkey=Gene;gene_biotype=protein_coding;locus_tag=AL06_RS00260;old_locus_tag=CXF52_RS00260,AL06_RS00260,protein_coding,51427,51915,47161,48621,FALSE,TRUE,CTGCAGGGAGGTCAA,GAGGTCAGGAGGCCC,ATG,-10.690705,8,TRUE,TRUE,-9.71615,9
NZ_CP025209.1,CDS,51427,51915,-,ID=gene-AL06_RS00270;Dbxref=GeneID:69498420;Name=AL06_RS00270;gbkey=Gene;gene_biotype=protein_coding;locus_tag=AL06_RS00270;old_locus_tag=CXF52_RS00270,AL06_RS00270,protein_coding,51929,52795,48618,49967,FALSE,FALSE,AATTAAGGAGCCCCA,CTGCAGGGAGGTCAA,GTG,-6.768055,11,TRUE,TRUE,-10.690705,8
NZ_CP025209.1,CDS,51929,52795,-,ID=gene-AL06_RS00275;Dbxref=GeneID:69498421;Name=AL06_RS00275;gbkey=Gene;gene_biotype=protein_coding;locus_tag=AL06_RS00275;old_locus_tag=CXF52_RS00275,AL06_RS00275,protein_coding,53305,53604,51427,51915,FALSE,FALSE,TTTAAGGAGGCGAAG,AATTAAGGAGCCCCA,TTG,-10.01615,11,TRUE,TRUE,-6.768055,11
NZ_CP025209.1,tRNA,53016,53099,+,ID=gene-AL06_RS00280;Dbxref=GeneID:69498422;Name=AL06_RS00280;gbkey=Gene;gene_biotype=tRNA;locus_tag=AL06_RS00280;old_locus_tag=CXF52_RS00280,AL06_RS00280,tRNA,42805,42900,60026,60316,FALSE,FALSE,AAAATTTGCTTCACC,ATAAGGGAGTCTCTA,GCC,3.875225,15,FALSE,TRUE,-5.145645,11
NZ_CP025209.1,CDS,53305,53604,-,ID=gene-AL06_RS00285;Dbxref=GeneID:69498423;Name=AL06_RS00285;gbkey=Gene;gene_biotype=protein_coding;locus_tag=AL06_RS00285;old_locus_tag=CXF52_RS00285,AL06_RS00285,protein_coding,54011,54526,51929,52795,FALSE,FALSE,TTTCCGTAGACTGCC,TTTAAGGAGGCGAAG,ATG,1.1151,12,FALSE,TRUE,-10.01615,11
NZ_CP025209.1,CDS,54011,54526,-,ID=gene-AL06_RS00295;Dbxref=GeneID:69498424;Name=AL06_RS00295;gbkey=Gene;gene_biotype=protein_coding;locus_tag=AL06_RS00295;old_locus_tag=CXF52_RS00295,AL06_RS00295,protein_coding,54531,54794,53305,53604,FALSE,FALSE,ACTCAAGGAGCATGA,TTTCCGTAGACTGCC,ATG,-6.768055,11,TRUE,FALSE,1.1151,12
NZ_CP025209.1,CDS,54531,54794,-,ID=gene-AL06_RS00300;Dbxref=GeneID:69498425;Name=AL06_RS00300;gbkey=Gene;gene_biotype=protein_coding;locus_tag=AL06_RS00300;old_locus_tag=CXF52_RS00300,AL06_RS00300,protein_coding,54844,55332,54011,54526,FALSE,FALSE,TTATACAACACTATA,ACTCAAGGAGCATGA,ATG,3.775225,18,FALSE,TRUE,-6.768055,11
NZ_CP025209.1,CDS,54844,55332,-,ID=gene-AL06_RS12375;Dbxref=GeneID:77100347;Name=AL06_RS12375;gbkey=Gene;gene_biotype=protein_coding;locus_tag=AL06_RS12375,AL06_RS12375,protein_coding,55401,55664,54531,54794,FALSE,FALSE,CGCCGCTGGCCTCAT,TTATACAACACTATA,ATC,0.827129999999999,11,FALSE,FALSE,3.775225,18
NZ_CP025209.1,CDS,55401,55664,-,ID=gene-AL06_RS12380;Dbxref=GeneID:77100348;Name=AL06_RS12380;gbkey=Gene;gene_biotype=protein_coding;locus_tag=AL06_RS12380,AL06_RS12380,protein_coding,55816,57255,54844,55332,FALSE,FALSE,GACGCGTCATTTAGG,CGCCGCTGGCCTCAT,ATG,-3.332995,6,FALSE,FALSE,0.827129999999999,11
NZ_CP025209.1,CDS,55816,57255,-,ID=gene-AL06_RS00315;Dbxref=GeneID:69498427;Name=AL06_RS00315;gbkey=Gene;gene_biotype=protein_coding;locus_tag=AL06_RS00315;old_locus_tag=CXF52_RS00315,AL06_RS00315,protein_coding,57248,57949,55401,55664,TRUE,FALSE,CTAGAAACTGGTGAC,GACGCGTCATTTAGG,ATG,-1.469835,8,FALSE,FALSE,-3.332995,6
NZ_CP025209.1,CDS,57248,57949,-,ID=gene-AL06_RS00320;Dbxref=GeneID:69498428;Name=AL06_RS00320;gbkey=Gene;gene_biotype=protein_coding;locus_tag=AL06_RS00320;old_locus_tag=CXF52_RS00320,AL06_RS00320,protein_coding,57988,58647,55816,57255,FALSE,TRUE,TGGATAACAATCAAC,CTAGAAACTGGTGAC,ATG,-1.247805,16,FALSE,FALSE,-1.469835,8
NZ_CP025209.1,CDS,57988,58647,-,ID=gene-AL06_RS00325;Dbxref=GeneID:69498429;Name=AL06_RS00325;gbkey=Gene;gene_biotype=protein_coding;locus_tag=AL06_RS00325;old_locus_tag=CXF52_RS00325,AL06_RS00325,protein_coding,58647,59876,57248,57949,TRUE,FALSE,TACACCAAGAGGACC,TGGATAACAATCAAC,ATG,-4.40793,8,TRUE,FALSE,-1.247805,16
NZ_CP025209.1,CDS,58647,59876,-,ID=gene-AL06_RS00330;Dbxref=GeneID:69498430;Name=AL06_RS00330;gbkey=Gene;gene_biotype=protein_coding;locus_tag=AL06_RS00330;old_locus_tag=CXF52_RS00330,AL06_RS00330,protein_coding,60667,61341,57988,58647,FALSE,TRUE,CACGGAAAGTGAGTA,TACACCAAGAGGACC,GTG,-2.65299,6,FALSE,TRUE,-4.40793,8
NZ_CP025209.1,CDS,60026,60316,+,ID=gene-AL06_RS00335;Dbxref=GeneID:69498431;Name=AL06_RS00335;gbkey=Gene;gene_biotype=protein_coding;locus_tag=AL06_RS00335;old_locus_tag=CXF52_RS00335,AL06_RS00335,protein_coding,53016,53099,64512,66152,FALSE,FALSE,ATAAGGGAGTCTCTA,ATGAGGGAGTACGTA,ATG,-5.145645,11,TRUE,TRUE,-7.290705,6
NZ_CP025209.1,CDS,60667,61341,-,ID=gene-AL06_RS00340;Dbxref=GeneID:69498432;Name=AL06_RS00340;gbkey=Gene;gene_biotype=protein_coding;locus_tag=AL06_RS00340;old_locus_tag=CXF52_RS00340,AL06_RS00340,protein_coding,61348,61989,58647,59876,FALSE,FALSE,AAAGGCACGGTAACC,CACGGAAAGTGAGTA,ATG,-4.613115,10,TRUE,FALSE,-2.65299,6
NZ_CP025209.1,CDS,61348,61989,-,ID=gene-AL06_RS00345;Dbxref=GeneID:69498433;Name=AL06_RS00345;gbkey=Gene;gene_biotype=protein_coding;locus_tag=AL06_RS00345;old_locus_tag=CXF52_RS00345,AL06_RS00345,protein_coding,61980,62810,60667,61341,TRUE,FALSE,CCCTAGGCGATGGTG,AAAGGCACGGTAACC,GTG,-4.33894,7,TRUE,TRUE,-4.613115,10
NZ_CP025209.1,CDS,61980,62810,-,ID=gene-AL06_RS00350;Dbxref=GeneID:69498434;Name=AL06_RS00350;gbkey=Gene;gene_biotype=protein_coding;locus_tag=AL06_RS00350;old_locus_tag=CXF52_RS00350,AL06_RS00350,protein_coding,62820,63428,61348,61989,FALSE,TRUE,CGTAGTGTAGCGTGG,CCCTAGGCGATGGTG,ATG,-0.872870000000002,5,FALSE,TRUE,-4.33894,7
NZ_CP025209.1,CDS,62820,63428,-,ID=gene-AL06_RS00355;Dbxref=GeneID:69498435;Name=AL06_RS00355;gbkey=Gene;gene_biotype=protein_coding;locus_tag=AL06_RS00355;old_locus_tag=CXF52_RS00355,AL06_RS00355,protein_coding,63425,63985,61980,62810,TRUE,FALSE,CTGCGACGGGAGCAG,CGTAGTGTAGCGTGG,ATG,-6.99374,5,TRUE,FALSE,-0.872870000000002,5
NZ_CP025209.1,CDS,63425,63985,-,ID=gene-AL06_RS00360;Dbxref=GeneID:69498436;Name=AL06_RS00360;gbkey=Gene;gene_biotype=protein_coding;locus_tag=AL06_RS00360;old_locus_tag=CXF52_RS00360,AL06_RS00360,protein_coding,64036,64281,62820,63428,FALSE,TRUE,CGCTGTAGAGTTATT,CTGCGACGGGAGCAG,ATG,-0.359835,10,FALSE,TRUE,-6.99374,5
NZ_CP025209.1,CDS,64036,64281,-,ID=gene-AL06_RS00365;Dbxref=GeneID:69498437;Name=AL06_RS00365;gbkey=Gene;gene_biotype=protein_coding;locus_tag=AL06_RS00365;old_locus_tag=CXF52_RS00365,AL06_RS00365,protein_coding,66219,66986,63425,63985,FALSE,FALSE,ACATAAGGAGTATTC,CGCTGTAGAGTTATT,ATG,-6.768055,11,TRUE,FALSE,-0.359835,10
NZ_CP025209.1,CDS,64512,66152,+,ID=gene-AL06_RS00370;Dbxref=GeneID:69498438;Name=AL06_RS00370;gbkey=Gene;gene_biotype=protein_coding;locus_tag=AL06_RS00370;old_locus_tag=CXF52_RS00370,AL06_RS00370,protein_coding,60026,60316,68652,69647,FALSE,FALSE,ATGAGGGAGTACGTA,CACAACATGGGAGCA,ATG,-7.290705,6,TRUE,TRUE,-5.145645,7
NZ_CP025209.1,CDS,66219,66986,-,ID=gene-AL06_RS00375;Dbxref=GeneID:69498439;Name=AL06_RS00375;gbkey=Gene;gene_biotype=protein_coding;locus_tag=AL06_RS00375;old_locus_tag=CXF52_RS00375,AL06_RS00375,protein_coding,67050,67217,64036,64281,FALSE,FALSE,AGGGTGAATGGTAAC,ACATAAGGAGTATTC,ATG,-6.03894,8,TRUE,TRUE,-6.768055,11
NZ_CP025209.1,CDS,67050,67217,-,ID=gene-AL06_RS00380;Dbxref=GeneID:69498440;Name=AL06_RS00380;gbkey=Gene;gene_biotype=protein_coding;locus_tag=AL06_RS00380;old_locus_tag=CXF52_RS00380,AL06_RS00380,protein_coding,67228,68574,66219,66986,FALSE,FALSE,TTTCTGTAGACTGAC,AGGGTGAATGGTAAC,ATG,1.1151,12,FALSE,TRUE,-6.03894,8
NZ_CP025209.1,CDS,67228,68574,-,ID=gene-AL06_RS00385;Dbxref=GeneID:69498441;Name=AL06_RS00385;gbkey=Gene;gene_biotype=protein_coding;locus_tag=AL06_RS00385;old_locus_tag=CXF52_RS00385,AL06_RS00385,protein_coding,77063,78130,67050,67217,FALSE,FALSE,GAACGGTGTTTAATC,TTTCTGTAGACTGAC,ATG,-1.469835,13,FALSE,FALSE,1.1151,12
NZ_CP025209.1,CDS,68652,69647,+,ID=gene-AL06_RS00390;Dbxref=GeneID:69498442;Name=bioB;gbkey=Gene;gene=bioB;gene_biotype=protein_coding;locus_tag=AL06_RS00390;old_locus_tag=CXF52_RS00390,bioB,protein_coding,64512,66152,69647,69907,FALSE,TRUE,CACAACATGGGAGCA,CCCTGAACGCGAGCG,GTG,-5.145645,7,TRUE,FALSE,-1.40793,5
NZ_CP025209.1,CDS,69647,69907,+,ID=gene-AL06_RS00395;Dbxref=GeneID:69498443;Name=AL06_RS00395;gbkey=Gene;gene_biotype=protein_coding;locus_tag=AL06_RS00395;old_locus_tag=CXF52_RS00395,AL06_RS00395,protein_coding,68652,69647,70295,71482,TRUE,FALSE,CCCTGAACGCGAGCG,TCAAAGTAAAGGAAA,ATG,-1.40793,5,FALSE,TRUE,-4.40793,8
NZ_CP025209.1,CDS,70295,71482,+,ID=gene-AL06_RS00405;Dbxref=GeneID:69498444;Name=AL06_RS00405;gbkey=Gene;gene_biotype=protein_coding;locus_tag=AL06_RS00405;old_locus_tag=CXF52_RS00405,AL06_RS00405,protein_coding,69647,69907,71483,72526,FALSE,FALSE,TCAAAGTAAAGGAAA,CAAGGTTGAAGCTAA,GTG,-4.40793,8,TRUE,TRUE,-3.82996,14
NZ_CP025209.1,CDS,71483,72526,+,ID=gene-AL06_RS00410;Dbxref=GeneID:69498445;Name=AL06_RS00410;gbkey=Gene;gene_biotype=protein_coding;locus_tag=AL06_RS00410;old_locus_tag=CXF52_RS00410,AL06_RS00410,protein_coding,70295,71482,72528,73286,FALSE,FALSE,CAAGGTTGAAGCTAA,GCAATGTGGGGGTCC,ATG,-3.82996,14,TRUE,TRUE,-8.378815,7
NZ_CP025209.1,CDS,72528,73286,+,ID=gene-AL06_RS00415;Dbxref=GeneID:69498446;Name=AL06_RS00415;gbkey=Gene;gene_biotype=protein_coding;locus_tag=AL06_RS00415;old_locus_tag=CXF52_RS00415,AL06_RS00415,protein_coding,71483,72526,73376,74854,FALSE,FALSE,GCAATGTGGGGGTCC,CCCTAGGAGGGATTT,ATG,-8.378815,7,TRUE,TRUE,-9.81615,11
NZ_CP025209.1,CDS,73376,74854,+,ID=gene-AL06_RS00420;Dbxref=GeneID:69498447;Name=AL06_RS00420;gbkey=Gene;gene_biotype=protein_coding;locus_tag=AL06_RS00420;old_locus_tag=CXF52_RS00420,AL06_RS00420,protein_coding,72528,73286,74872,75279,FALSE,FALSE,CCCTAGGAGGGATTT,AACGGTATTGTGGTG,GTG,-9.81615,11,TRUE,FALSE,-1.569835,14
NZ_CP025209.1,CDS,74872,75279,+,ID=gene-AL06_RS00425;Dbxref=GeneID:69498448;Name=AL06_RS00425;gbkey=Gene;gene_biotype=protein_coding;locus_tag=AL06_RS00425;old_locus_tag=CXF52_RS00425,AL06_RS00425,protein_coding,73376,74854,75294,76634,FALSE,FALSE,AACGGTATTGTGGTG,AGTAATACAGGAGGA,ATG,-1.569835,14,FALSE,TRUE,-9.71615,7
NZ_CP025209.1,CDS,75294,76634,+,ID=gene-AL06_RS00430;Dbxref=GeneID:69498449;Name=AL06_RS00430;gbkey=Gene;gene_biotype=protein_coding;locus_tag=AL06_RS00430;old_locus_tag=CXF52_RS00430,AL06_RS00430,protein_coding,74872,75279,76657,77076,FALSE,FALSE,AGTAATACAGGAGGA,ATCAGATAGGTTAAG,ATG,-9.71615,7,TRUE,TRUE,-3.868055,6
NZ_CP025209.1,CDS,76657,77076,+,ID=gene-AL06_RS00435;Dbxref=GeneID:69498450;Name=AL06_RS00435;gbkey=Gene;gene_biotype=protein_coding;locus_tag=AL06_RS00435;old_locus_tag=CXF52_RS00435,AL06_RS00435,protein_coding,75294,76634,80109,80687,FALSE,FALSE,ATCAGATAGGTTAAG,GCCTTGAAAGGATAA,ATG,-3.868055,6,TRUE,TRUE,-4.40793,9
NZ_CP025209.1,CDS,77063,78130,-,ID=gene-AL06_RS00440;Dbxref=GeneID:69498451;Name=AL06_RS00440;gbkey=Gene;gene_biotype=protein_coding;locus_tag=AL06_RS00440;old_locus_tag=CXF52_RS00440,AL06_RS00440,protein_coding,78377,79135,67228,68574,FALSE,FALSE,CAAAGCCAAGGGAGT,GAACGGTGTTTAATC,GTG,-5.145645,6,TRUE,FALSE,-1.469835,13
NZ_CP025209.1,CDS,78377,79135,-,ID=gene-AL06_RS00445;Dbxref=GeneID:69498452;Name=AL06_RS00445;gbkey=Gene;gene_biotype=protein_coding;locus_tag=AL06_RS00445;old_locus_tag=CXF52_RS00445,AL06_RS00445,protein_coding,79230,80012,77063,78130,FALSE,FALSE,AAAACCAAGGCAGGC,CAAAGCCAAGGGAGT,ATG,-6.11615,7,TRUE,TRUE,-5.145645,6
NZ_CP025209.1,CDS,79230,80012,-,ID=gene-AL06_RS00450;Dbxref=GeneID:69498453;Name=AL06_RS00450;gbkey=Gene;gene_biotype=protein_coding;locus_tag=AL06_RS00450;old_locus_tag=CXF52_RS00450,AL06_RS00450,protein_coding,80692,81357,78377,79135,FALSE,FALSE,ATAGTACAAGGAGAA,AAAACCAAGGCAGGC,ATG,-6.768055,8,TRUE,TRUE,-6.11615,7
NZ_CP025209.1,CDS,80109,80687,+,ID=gene-AL06_RS00455;Dbxref=GeneID:69498454;Name=AL06_RS00455;gbkey=Gene;gene_biotype=protein_coding;locus_tag=AL06_RS00455;old_locus_tag=CXF52_RS00455,AL06_RS00455,protein_coding,76657,77076,84691,86061,FALSE,FALSE,GCCTTGAAAGGATAA,CCATCACGGAAAGCT,ATG,-4.40793,9,TRUE,FALSE,-1.247805,10
NZ_CP025209.1,CDS,80692,81357,-,ID=gene-AL06_RS00460;Dbxref=GeneID:69498455;Name=AL06_RS00460;gbkey=Gene;gene_biotype=protein_coding;locus_tag=AL06_RS00460;old_locus_tag=CXF52_RS00460,AL06_RS00460,protein_coding,81272,81559,79230,80012,TRUE,FALSE,GAGGCAGTATGCCTT,ATAGTACAAGGAGAA,ATG,-3.80793,16,TRUE,TRUE,-6.768055,8
NZ_CP025209.1,CDS,81272,81559,-,ID=gene-AL06_RS11985;Dbxref=GeneID:69500579;Name=AL06_RS11985;gbkey=Gene;gene_biotype=protein_coding;locus_tag=AL06_RS11985,AL06_RS11985,protein_coding,81767,82009,80692,81357,FALSE,TRUE,GGGAAATGTATCTTT,GAGGCAGTATGCCTT,ATG,-2.78552,16,FALSE,TRUE,-3.80793,16
NZ_CP025209.1,CDS,81767,82009,-,ID=gene-AL06_RS11680;Dbxref=GeneID:69500529;Name=AL06_RS11680;gbkey=Gene;gene_biotype=protein_coding;locus_tag=AL06_RS11680,AL06_RS11680,protein_coding,89374,90426,81272,81559,FALSE,FALSE,TGTAGAGTGCATTGT,GGGAAATGTATCTTT,GTG,-0.359835,13,FALSE,FALSE,-2.78552,16
NZ_CP025209.1,CDS,84691,86061,+,ID=gene-AL06_RS00475;Dbxref=GeneID:69498458;Name=AL06_RS00475;gbkey=Gene;gene_biotype=protein_coding;locus_tag=AL06_RS00475;old_locus_tag=CXF52_RS00475,AL06_RS00475,protein_coding,80109,80687,86074,87297,FALSE,FALSE,CCATCACGGAAAGCT,GAAGTGAAGTGAGTA,ATG,-1.247805,10,FALSE,FALSE,-0.359835,7
NZ_CP025209.1,CDS,86074,87297,+,ID=gene-AL06_RS00480;Dbxref=GeneID:69498459;Name=AL06_RS00480;gbkey=Gene;gene_biotype=protein_coding;locus_tag=AL06_RS00480;old_locus_tag=CXF52_RS00480,AL06_RS00480,protein_coding,84691,86061,87309,88922,FALSE,FALSE,GAAGTGAAGTGAGTA,CTGACTAGACTGTCG,GTG,-0.359835,7,FALSE,FALSE,1.1151,13
NZ_CP025209.1,CDS,87309,88922,+,ID=gene-AL06_RS00485;Dbxref=GeneID:69498460;Name=AL06_RS00485;gbkey=Gene;gene_biotype=protein_coding;locus_tag=AL06_RS00485;old_locus_tag=CXF52_RS00485,AL06_RS00485,protein_coding,86074,87297,88959,89396,FALSE,FALSE,CTGACTAGACTGTCG,ACCTGTTGCGCGCAA,ATG,1.1151,13,FALSE,FALSE,1.77826,14
NZ_CP025209.1,CDS,88959,89396,+,ID=gene-AL06_RS00490;Dbxref=GeneID:69498461;Name=AL06_RS00490;gbkey=Gene;gene_biotype=protein_coding;locus_tag=AL06_RS00490;old_locus_tag=CXF52_RS00490,AL06_RS00490,protein_coding,87309,88922,91014,91784,FALSE,FALSE,ACCTGTTGCGCGCAA,AACAAAGGACAACAC,ATG,1.77826,14,FALSE,TRUE,-4.40793,12
NZ_CP025209.1,CDS,89374,90426,-,ID=gene-AL06_RS00495;Dbxref=GeneID:69498462;Name=AL06_RS00495;gbkey=Gene;gene_biotype=protein_coding;locus_tag=AL06_RS00495;old_locus_tag=CXF52_RS00495,AL06_RS00495,protein_coding,90431,91015,81767,82009,FALSE,FALSE,GAGGCTGTGAACTGA,TGTAGAGTGCATTGT,GTG,-3.80793,16,TRUE,FALSE,-0.359835,13
NZ_CP025209.1,CDS,90431,91015,-,ID=gene-AL06_RS00500;Dbxref=GeneID:69498463;Name=AL06_RS00500;gbkey=Gene;gene_biotype=protein_coding;locus_tag=AL06_RS00500;old_locus_tag=CXF52_RS00500,AL06_RS00500,protein_coding,91774,94119,89374,90426,FALSE,FALSE,GCCGCTTAGTCCTAG,GAGGCTGTGAACTGA,ATG,0.315099999999999,6,FALSE,TRUE,-3.80793,16
NZ_CP025209.1,CDS,91014,91784,+,ID=gene-AL06_RS00505;Dbxref=GeneID:69498464;Name=AL06_RS00505;gbkey=Gene;gene_biotype=protein_coding;locus_tag=AL06_RS00505;old_locus_tag=CXF52_RS00505,AL06_RS00505,protein_coding,88959,89396,95243,95830,FALSE,FALSE,AACAAAGGACAACAC,ATGTTTTAGCCTCGC,ATG,-4.40793,12,TRUE,FALSE,1.1151,12
NZ_CP025209.1,CDS,91774,94119,-,ID=gene-AL06_RS00510;Dbxref=GeneID:69498465;Name=hrpB;gbkey=Gene;gene=hrpB;gene_biotype=protein_coding;locus_tag=AL06_RS00510;old_locus_tag=CXF52_RS00510,hrpB,protein_coding,94109,94480,90431,91015,TRUE,FALSE,GCTAATCCTCACACC,GCCGCTTAGTCCTAG,ATG,3.775225,17,FALSE,FALSE,0.315099999999999,6
NZ_CP025209.1,CDS,94109,94480,-,ID=gene-AL06_RS00515;Dbxref=GeneID:69498466;Name=AL06_RS00515;gbkey=Gene;gene_biotype=protein_coding;locus_tag=AL06_RS00515;old_locus_tag=CXF52_RS00515,AL06_RS00515,protein_coding,100009,100692,91774,94119,FALSE,TRUE,ACCCACTAACCTAGC,GCTAATCCTCACACC,ATG,1.1151,7,FALSE,FALSE,3.775225,17
NZ_CP025209.1,CDS,95243,95830,+,ID=gene-AL06_RS00525;Dbxref=GeneID:69498468;Name=AL06_RS00525;gbkey=Gene;gene_biotype=protein_coding;locus_tag=AL06_RS00525;old_locus_tag=CXF52_RS00525,AL06_RS00525,protein_coding,91014,91784,95835,96563,FALSE,FALSE,ATGTTTTAGCCTCGC,CTCGTGGAAAGCTAG,ATG,1.1151,12,FALSE,FALSE,-1.956025,5
NZ_CP025209.1,CDS,95835,96563,+,ID=gene-AL06_RS00530;Dbxref=GeneID:69498469;Name=AL06_RS00530;gbkey=Gene;gene_biotype=protein_coding;locus_tag=AL06_RS00530;old_locus_tag=CXF52_RS00530,AL06_RS00530,protein_coding,95243,95830,96574,96972,FALSE,FALSE,CTCGTGGAAAGCTAG,GTGATCTAGCTCTAT,ATG,-1.956025,5,FALSE,FALSE,1.1151,12
NZ_CP025209.1,CDS,96574,96972,+,ID=gene-AL06_RS00535;Dbxref=GeneID:69498470;Name=AL06_RS00535;gbkey=Gene;gene_biotype=protein_coding;locus_tag=AL06_RS00535;old_locus_tag=CXF52_RS00535,AL06_RS00535,protein_coding,95835,96563,97238,97996,FALSE,FALSE,GTGATCTAGCTCTAT,CAAGAGGAGAACACA,ATG,1.1151,12,FALSE,TRUE,-6.768055,12
NZ_CP025209.1,CDS,97238,97996,+,ID=gene-AL06_RS00545;Dbxref=GeneID:69498471;Name=AL06_RS00545;gbkey=Gene;gene_biotype=protein_coding;locus_tag=AL06_RS00545;old_locus_tag=CXF52_RS00545,AL06_RS00545,protein_coding,96574,96972,98276,99124,FALSE,FALSE,CAAGAGGAGAACACA,CATCCGAAAGAGGTT,ATG,-6.768055,12,TRUE,TRUE,-5.904895,6
NZ_CP025209.1,CDS,98276,99124,+,ID=gene-AL06_RS11990;Dbxref=GeneID:69500580;Name=AL06_RS11990;gbkey=Gene;gene_biotype=protein_coding;locus_tag=AL06_RS11990,AL06_RS11990,protein_coding,97238,97996,99046,99798,FALSE,TRUE,CATCCGAAAGAGGTT,GAAATCTGTTGTCGG,ATG,-5.904895,6,TRUE,FALSE,-0.872870000000002,5
NZ_CP025209.1,CDS,99046,99798,+,ID=gene-AL06_RS11995;Dbxref=GeneID:69500581;Name=AL06_RS11995;gbkey=Gene;gene_biotype=protein_coding;locus_tag=AL06_RS11995,AL06_RS11995,protein_coding,98276,99124,101195,101431,TRUE,FALSE,GAAATCTGTTGTCGG,AACCTGTAAGCATGT,TTG,-0.872870000000002,5,FALSE,FALSE,0.9151,11
NZ_CP025209.1,CDS,100009,100692,-,ID=gene-AL06_RS00555;Dbxref=GeneID:69498472;Name=AL06_RS00555;gbkey=Gene;gene_biotype=protein_coding;locus_tag=AL06_RS00555;old_locus_tag=CXF52_RS00555,AL06_RS00555,protein_coding,103243,104163,94109,94480,FALSE,FALSE,ATCATCTGAGGAGGA,ACCCACTAACCTAGC,ATG,-10.01615,7,TRUE,FALSE,1.1151,7
NZ_CP025209.1,CDS,101195,101431,+,ID=gene-AL06_RS00565;Dbxref=GeneID:69498473;Name=AL06_RS00565;gbkey=Gene;gene_biotype=protein_coding;locus_tag=AL06_RS00565;old_locus_tag=CXF52_RS00565,AL06_RS00565,protein_coding,99046,99798,101415,101678,FALSE,TRUE,AACCTGTAAGCATGT,AGTCAGCTGGAGCGC,ATG,0.9151,11,FALSE,TRUE,-3.60793,8
NZ_CP025209.1,CDS,101415,101678,+,ID=gene-AL06_RS00570;Dbxref=GeneID:69498474;Name=AL06_RS00570;gbkey=Gene;gene_biotype=protein_coding;locus_tag=AL06_RS00570;old_locus_tag=CXF52_RS00570,AL06_RS00570,protein_coding,101195,101431,101805,102098,TRUE,FALSE,AGTCAGCTGGAGCGC,ACCGGTTAGACTGAT,GTG,-3.60793,8,TRUE,FALSE,-1.469835,14
NZ_CP025209.1,CDS,101805,102098,+,ID=gene-AL06_RS00575;Dbxref=GeneID:69498475;Name=AL06_RS00575;gbkey=Gene;gene_biotype=protein_coding;locus_tag=AL06_RS00575;old_locus_tag=CXF52_RS00575,AL06_RS00575,protein_coding,101415,101678,102098,102922,FALSE,TRUE,ACCGGTTAGACTGAT,AAGTCTGGAGGAACA,ATG,-1.469835,14,FALSE,TRUE,-6.856025,9
NZ_CP025209.1,CDS,102098,102922,+,ID=gene-AL06_RS00580;Dbxref=GeneID:69498476;Name=AL06_RS00580;gbkey=Gene;gene_biotype=protein_coding;locus_tag=AL06_RS00580;old_locus_tag=CXF52_RS00580,AL06_RS00580,protein_coding,101805,102098,102928,103233,TRUE,FALSE,AAGTCTGGAGGAACA,AATTCGGCCTCTAGC,ATG,-6.856025,9,TRUE,FALSE,0.827129999999999,13
NZ_CP025209.1,CDS,102928,103233,+,ID=gene-AL06_RS00585;Dbxref=GeneID:69498477;Name=AL06_RS00585;gbkey=Gene;gene_biotype=protein_coding;locus_tag=AL06_RS00585;old_locus_tag=CXF52_RS00585,AL06_RS00585,protein_coding,102098,102922,104303,104929,FALSE,FALSE,AATTCGGCCTCTAGC,GAAAGGGTTAGTGCG,ATG,0.827129999999999,13,FALSE,TRUE,-4.778055,11
NZ_CP025209.1,CDS,103243,104163,-,ID=gene-AL06_RS00590;Dbxref=GeneID:69498478;Name=AL06_RS00590;gbkey=Gene;gene_biotype=protein_coding;locus_tag=AL06_RS00590;old_locus_tag=CXF52_RS00590,AL06_RS00590,protein_coding,104937,106931,100009,100692,FALSE,FALSE,CACGCGTAGGATGAA,ATCATCTGAGGAGGA,ATG,-4.20793,10,TRUE,TRUE,-10.01615,7
NZ_CP025209.1,CDS,104303,104929,+,ID=gene-AL06_RS00595;Dbxref=GeneID:69498479;Name=AL06_RS00595;gbkey=Gene;gene_biotype=protein_coding;locus_tag=AL06_RS00595;old_locus_tag=CXF52_RS00595,AL06_RS00595,protein_coding,102928,103233,106974,107606,FALSE,FALSE,GAAAGGGTTAGTGCG,ACCTAGTAGGTTGTA,ATG,-4.778055,11,TRUE,TRUE,-3.82996,9
NZ_CP025209.1,CDS,104937,106931,-,ID=gene-AL06_RS00600;Dbxref=GeneID:69498480;Name=AL06_RS00600;gbkey=Gene;gene_biotype=protein_coding;locus_tag=AL06_RS00600;old_locus_tag=CXF52_RS00600,AL06_RS00600,protein_coding,109442,109879,103243,104163,FALSE,FALSE,GTGACATGCGGTTAC,CACGCGTAGGATGAA,ATG,-1.469835,8,FALSE,TRUE,-4.20793,10
NZ_CP025209.1,CDS,106974,107606,+,ID=gene-AL06_RS00605;Dbxref=GeneID:69498481;Name=AL06_RS00605;gbkey=Gene;gene_biotype=protein_coding;locus_tag=AL06_RS00605;old_locus_tag=CXF52_RS00605,AL06_RS00605,protein_coding,104303,104929,107603,108523,FALSE,TRUE,ACCTAGTAGGTTGTA,ACAAGGGGGACGCAC,ATG,-3.82996,9,TRUE,TRUE,-9.241975,12
NZ_CP025209.1,CDS,107603,108523,+,ID=gene-AL06_RS00610;Dbxref=GeneID:69498482;Name=AL06_RS00610;gbkey=Gene;gene_biotype=protein_coding;locus_tag=AL06_RS00610;old_locus_tag=CXF52_RS00610,AL06_RS00610,protein_coding,106974,107606,108513,109421,TRUE,TRUE,ACAAGGGGGACGCAC,TCTGAAGAAAGCCAG,ATG,-9.241975,12,TRUE,FALSE,0.4151,6
NZ_CP025209.1,CDS,108513,109421,+,ID=gene-AL06_RS00615;Dbxref=GeneID:69498483;Name=AL06_RS00615;gbkey=Gene;gene_biotype=protein_coding;locus_tag=AL06_RS00615;old_locus_tag=CXF52_RS00615,AL06_RS00615,protein_coding,107603,108523,118389,118793,TRUE,FALSE,TCTGAAGAAAGCCAG,GTTCGCTAGTGTGTG,ATG,0.4151,6,FALSE,FALSE,1.1151,12
NZ_CP025209.1,CDS,109442,109879,-,ID=gene-AL06_RS00620;Dbxref=GeneID:69498484;Name=AL06_RS00620;gbkey=Gene;gene_biotype=protein_coding;locus_tag=AL06_RS00620;old_locus_tag=CXF52_RS00620,AL06_RS00620,protein_coding,110105,113530,104937,106931,FALSE,FALSE,ACTTCAAAGAGGTGT,GTGACATGCGGTTAC,ATG,-5.904895,7,TRUE,FALSE,-1.469835,8
NZ_CP025209.1,CDS,110105,113530,-,ID=gene-AL06_RS00630;Dbxref=GeneID:69498485;Name=AL06_RS00630;gbkey=Gene;gene_biotype=protein_coding;locus_tag=AL06_RS00630;old_locus_tag=CXF52_RS00630,AL06_RS00630,protein_coding,113523,115523,109442,109879,TRUE,FALSE,CCATTCGTGGTGGTG,ACTTCAAAGAGGTGT,ATG,-1.469835,9,FALSE,TRUE,-5.904895,7
NZ_CP025209.1,CDS,113523,115523,-,ID=gene-AL06_RS00635;Dbxref=GeneID:69498486;Name=AL06_RS00635;gbkey=Gene;gene_biotype=protein_coding;locus_tag=AL06_RS00635;old_locus_tag=CXF52_RS00635,AL06_RS00635,protein_coding,115718,116479,110105,113530,FALSE,TRUE,TTCAGGGGGTTCTTC,CCATTCGTGGTGGTG,GTG,-11.23894,11,TRUE,FALSE,-1.469835,9
NZ_CP025209.1,CDS,115718,116479,-,ID=gene-AL06_RS00640;Dbxref=GeneID:69498487;Name=AL06_RS00640;gbkey=Gene;gene_biotype=protein_coding;locus_tag=AL06_RS00640;old_locus_tag=CXF52_RS00640,AL06_RS00640,protein_coding,116499,117965,113523,115523,FALSE,FALSE,AAGAAAGGACTACTT,TTCAGGGGGTTCTTC,ATG,-4.40793,12,TRUE,TRUE,-11.23894,11
NZ_CP025209.1,CDS,116499,117965,-,ID=gene-AL06_RS00645;Dbxref=GeneID:69498488;Name=AL06_RS00645;gbkey=Gene;gene_biotype=protein_coding;locus_tag=AL06_RS00645;old_locus_tag=CXF52_RS00645,AL06_RS00645,protein_coding,118082,118330,115718,116479,FALSE,FALSE,CGGGTACCGTTGTAA,AAGAAAGGACTACTT,ATG,-3.10755,15,FALSE,TRUE,-4.40793,12
NZ_CP025209.1,CDS,118082,118330,-,ID=gene-AL06_RS00650;Dbxref=GeneID:69498489;Name=AL06_RS00650;gbkey=Gene;gene_biotype=protein_coding;locus_tag=AL06_RS00650;old_locus_tag=CXF52_RS00650,AL06_RS00650,protein_coding,120891,121808,116499,117965,FALSE,FALSE,TTCACAGTAAAGTGG,CGGGTACCGTTGTAA,ATG,-0.872870000000002,5,FALSE,FALSE,-3.10755,15
NZ_CP025209.1,CDS,118389,118793,+,ID=gene-AL06_RS00655;Dbxref=GeneID:69498490;Name=AL06_RS00655;gbkey=Gene;gene_biotype=protein_coding;locus_tag=AL06_RS00655;old_locus_tag=CXF52_RS00655,AL06_RS00655,protein_coding,108513,109421,118790,119338,FALSE,TRUE,GTTCGCTAGTGTGTG,ATGCGGAAGTATCAA,ATG,1.1151,12,FALSE,FALSE,-1.247805,13
NZ_CP025209.1,CDS,118790,119338,+,ID=gene-AL06_RS00660;Dbxref=GeneID:69498491;Name=AL06_RS00660;gbkey=Gene;gene_biotype=protein_coding;locus_tag=AL06_RS00660;old_locus_tag=CXF52_RS00660,AL06_RS00660,protein_coding,118389,118793,119350,119769,TRUE,FALSE,ATGCGGAAGTATCAA,CACGGTAAGATTCCC,ATG,-1.247805,13,FALSE,FALSE,-1.569835,14
NZ_CP025209.1,CDS,119350,119769,+,ID=gene-AL06_RS00665;Dbxref=GeneID:69498492;Name=AL06_RS00665;gbkey=Gene;gene_biotype=protein_coding;locus_tag=AL06_RS00665;old_locus_tag=CXF52_RS00665,AL06_RS00665,protein_coding,118790,119338,120053,120757,FALSE,FALSE,CACGGTAAGATTCCC,CCCTGTGCCGGCGGG,GTG,-1.569835,14,FALSE,FALSE,-2.410585,5
NZ_CP025209.1,CDS,120053,120757,+,ID=gene-AL06_RS00675;Dbxref=GeneID:69498493;Name=AL06_RS00675;gbkey=Gene;gene_biotype=protein_coding;locus_tag=AL06_RS00675;old_locus_tag=CXF52_RS00675,AL06_RS00675,protein_coding,119350,119769,121982,122947,FALSE,FALSE,CCCTGTGCCGGCGGG,GACTAAGGAAACTTC,GTG,-2.410585,5,FALSE,TRUE,-4.40793,12
NZ_CP025209.1,CDS,120891,121808,-,ID=gene-AL06_RS00685;Dbxref=GeneID:69498494;Name=AL06_RS00685;gbkey=Gene;gene_biotype=protein_coding;locus_tag=AL06_RS00685;old_locus_tag=CXF52_RS00685,AL06_RS00685,protein_coding,126753,127532,118082,118330,FALSE,FALSE,ATGTGCCACAATAAG,TTCACAGTAAAGTGG,ATG,0.1151,6,FALSE,FALSE,-0.872870000000002,5
NZ_CP025209.1,CDS,121982,122947,+,ID=gene-AL06_RS00690;Dbxref=GeneID:69498495;Name=AL06_RS00690;gbkey=Gene;gene_biotype=protein_coding;locus_tag=AL06_RS00690;old_locus_tag=CXF52_RS00690,AL06_RS00690,protein_coding,120053,120757,123046,123780,FALSE,FALSE,GACTAAGGAAACTTC,CTATTTTTTAAGAGG,ATG,-4.40793,12,TRUE,TRUE,-5.30793,5
NZ_CP025209.1,CDS,123046,123780,+,ID=gene-AL06_RS00695;Dbxref=GeneID:69498496;Name=AL06_RS00695;gbkey=Gene;gene_biotype=protein_coding;locus_tag=AL06_RS00695;old_locus_tag=CXF52_RS00695,AL06_RS00695,protein_coding,121982,122947,123777,124676,FALSE,TRUE,CTATTTTTTAAGAGG,CGTTTGGTTTGGGGC,ATG,-5.30793,5,TRUE,FALSE,-2.833755,6
NZ_CP025209.1,CDS,123777,124676,+,ID=gene-AL06_RS00700;Dbxref=GeneID:69498497;Name=AL06_RS00700;gbkey=Gene;gene_biotype=protein_coding;locus_tag=AL06_RS00700;old_locus_tag=CXF52_RS00700,AL06_RS00700,protein_coding,123046,123780,124673,125524,TRUE,TRUE,CGTTTGGTTTGGGGC,GTAGGAGTGGGGTGT,ATG,-2.833755,6,FALSE,TRUE,-7.913115,8
NZ_CP025209.1,CDS,124673,125524,+,ID=gene-AL06_RS00705;Dbxref=GeneID:69498498;Name=AL06_RS00705;gbkey=Gene;gene_biotype=protein_coding;locus_tag=AL06_RS00705;old_locus_tag=CXF52_RS00705,AL06_RS00705,protein_coding,123777,124676,125609,126646,TRUE,FALSE,GTAGGAGTGGGGTGT,GTTGCCTATAGTGGC,ATG,-7.913115,8,TRUE,FALSE,0.827129999999999,6
NZ_CP025209.1,CDS,125609,126646,+,ID=gene-AL06_RS00710;Dbxref=GeneID:69498499;Name=AL06_RS00710;gbkey=Gene;gene_biotype=protein_coding;locus_tag=AL06_RS00710;old_locus_tag=CXF52_RS00710,AL06_RS00710,protein_coding,124673,125524,128543,129736,FALSE,FALSE,GTTGCCTATAGTGGC,AGTAGAGGGAGTTTG,ATG,0.827129999999999,6,FALSE,TRUE,-6.59374,5
NZ_CP025209.1,CDS,126753,127532,-,ID=gene-AL06_RS00715;Dbxref=GeneID:69498500;Name=AL06_RS00715;gbkey=Gene;gene_biotype=protein_coding;locus_tag=AL06_RS00715;old_locus_tag=CXF52_RS00715,AL06_RS00715,protein_coding,129733,130680,120891,121808,FALSE,FALSE,AGAAGGAGAAGAACT,ATGTGCCACAATAAG,ATG,-6.91615,10,TRUE,FALSE,0.1151,6
NZ_CP025209.1,CDS,128543,129736,+,ID=gene-AL06_RS00725;Dbxref=GeneID:69498502;Name=AL06_RS00725;gbkey=Gene;gene_biotype=protein_coding;locus_tag=AL06_RS00725;old_locus_tag=CXF52_RS00725,AL06_RS00725,protein_coding,125609,126646,130767,130851,FALSE,FALSE,AGTAGAGGGAGTTTG,TTTTTGGGTTCTCAC,ATG,-6.59374,5,TRUE,FALSE,-3.00755,11
NZ_CP025209.1,CDS,129733,130680,-,ID=gene-AL06_RS00730;Dbxref=GeneID:69498503;Name=AL06_RS00730;gbkey=Gene;gene_biotype=protein_coding;locus_tag=AL06_RS00730;old_locus_tag=CXF52_RS00730,AL06_RS00730,protein_coding,131037,132071,126753,127532,FALSE,FALSE,TTATTTAAAGTGGGG,AGAAGGAGAAGAACT,ATG,-4.533755,5,TRUE,TRUE,-6.91615,10
NZ_CP025209.1,tRNA,130767,130851,+,ID=gene-AL06_RS00735;Dbxref=GeneID:69498504;Name=AL06_RS00735;gbkey=Gene;gene_biotype=tRNA;locus_tag=AL06_RS00735;old_locus_tag=CXF52_RS00735,AL06_RS00735,tRNA,128543,129736,132179,132267,FALSE,FALSE,TTTTTGGGTTCTCAC,ATTCTTTTTTAGGAT,GGA,-3.00755,11,FALSE,TRUE,-4.20793,7
NZ_CP025209.1,CDS,131037,132071,-,ID=gene-AL06_RS00740;Dbxref=GeneID:69498505;Name=AL06_RS00740;gbkey=Gene;gene_biotype=protein_coding;locus_tag=AL06_RS00740;old_locus_tag=CXF52_RS00740,AL06_RS00740,protein_coding,139376,142624,129733,130680,FALSE,FALSE,CGGGGCTACAATTGC,TTATTTAAAGTGGGG,ATG,-2.833755,15,FALSE,TRUE,-4.533755,5
NZ_CP025209.1,tRNA,132179,132267,+,ID=gene-AL06_RS00745;Dbxref=GeneID:69498506;Name=AL06_RS00745;gbkey=Gene;gene_biotype=tRNA;locus_tag=AL06_RS00745;old_locus_tag=CXF52_RS00745,AL06_RS00745,tRNA,130767,130851,132315,132387,FALSE,FALSE,ATTCTTTTTTAGGAT,ACCGGGCCTGGTGGA,GGA,-4.20793,7,TRUE,TRUE,-4.878815,8
NZ_CP025209.1,tRNA,132315,132387,+,ID=gene-AL06_RS00750;Dbxref=GeneID:69498507;Name=AL06_RS00750;gbkey=Gene;gene_biotype=tRNA;locus_tag=AL06_RS00750;old_locus_tag=CXF52_RS00750,AL06_RS00750,tRNA,132179,132267,132837,134411,FALSE,FALSE,ACCGGGCCTGGTGGA,CTATTGAAGGATTTC,GCG,-4.878815,8,TRUE,TRUE,-4.40793,10
NZ_CP025209.1,CDS,132837,134411,+,ID=gene-AL06_RS00755;Dbxref=GeneID:69498508;Name=AL06_RS00755;gbkey=Gene;gene_biotype=protein_coding;locus_tag=AL06_RS00755;old_locus_tag=CXF52_RS00755,AL06_RS00755,protein_coding,132315,132387,134488,134560,FALSE,FALSE,CTATTGAAGGATTTC,TGCACCGCAACAACA,GTG,-4.40793,10,TRUE,FALSE,3.875225,19
NZ_CP025209.1,tRNA,134488,134560,+,ID=gene-AL06_RS00760;Dbxref=GeneID:69498509;Name=AL06_RS00760;gbkey=Gene;gene_biotype=tRNA;locus_tag=AL06_RS00760;old_locus_tag=CXF52_RS00760,AL06_RS00760,tRNA,132837,134411,134995,136401,FALSE,FALSE,TGCACCGCAACAACA,GATGCGCTAAGTTTT,GCG,3.875225,19,FALSE,FALSE,0.9151,10
NZ_CP025209.1,CDS,134995,136401,+,ID=gene-AL06_RS00775;Dbxref=GeneID:69498510;Name=AL06_RS00775;gbkey=Gene;gene_biotype=protein_coding;locus_tag=AL06_RS00775;old_locus_tag=CXF52_RS00775,AL06_RS00775,protein_coding,134488,134560,137852,138745,FALSE,FALSE,GATGCGCTAAGTTTT,ATAGGCTTGGATGTT,ATG,0.9151,10,FALSE,TRUE,-4.73894,7
NZ_CP025209.1,CDS,137852,138745,+,ID=gene-AL06_RS00785;Dbxref=GeneID:69498512;Name=pdxS;gbkey=Gene;gene=pdxS;gene_biotype=protein_coding;locus_tag=AL06_RS00785;old_locus_tag=CXF52_RS00785,pdxS,protein_coding,134995,136401,138739,139296,FALSE,TRUE,ATAGGCTTGGATGTT,ACCGCTTGGCTGAGC,ATG,-4.73894,7,TRUE,FALSE,-0.359835,6
NZ_CP025209.1,CDS,138739,139296,+,ID=gene-AL06_RS00790;Dbxref=GeneID:69498513;Name=pdxT;gbkey=Gene;gene=pdxT;gene_biotype=protein_coding;locus_tag=AL06_RS00790;old_locus_tag=CXF52_RS00790,pdxT,protein_coding,137852,138745,144770,146482,TRUE,FALSE,ACCGCTTGGCTGAGC,TTATCTAAGGAAAGT,ATG,-0.359835,6,FALSE,TRUE,-4.40793,10
NZ_CP025209.1,CDS,139376,142624,-,ID=gene-AL06_RS00795;Dbxref=GeneID:69498514;Name=AL06_RS00795;gbkey=Gene;gene_biotype=protein_coding;locus_tag=AL06_RS00795;old_locus_tag=CXF52_RS00795,AL06_RS00795,protein_coding,143159,144097,131037,132071,FALSE,FALSE,GGCGCTTTTACTCTC,CGGGGCTACAATTGC,ATG,0.727129999999998,18,FALSE,FALSE,-2.833755,15
NZ_CP025209.1,CDS,143159,144097,-,ID=gene-AL06_RS00800;Dbxref=GeneID:69498515;Name=AL06_RS00800;gbkey=Gene;gene_biotype=protein_coding;locus_tag=AL06_RS00800;old_locus_tag=CXF52_RS00800,AL06_RS00800,protein_coding,151917,152222,139376,142624,FALSE,FALSE,TTGGAAAGTTCTTCA,GGCGCTTTTACTCTC,ATG,-1.247805,15,FALSE,FALSE,0.727129999999998,18
NZ_CP025209.1,CDS,144770,146482,+,ID=gene-AL06_RS00810;Dbxref=GeneID:69498516;Name=AL06_RS00810;gbkey=Gene;gene_biotype=protein_coding;locus_tag=AL06_RS00810;old_locus_tag=CXF52_RS00810,AL06_RS00810,protein_coding,138739,139296,146634,147572,FALSE,FALSE,TTATCTAAGGAAAGT,CACGCCAGGCCTTGG,ATG,-4.40793,10,TRUE,FALSE,-2.29388,6
NZ_CP025209.1,CDS,146634,147572,+,ID=gene-AL06_RS00815;Dbxref=GeneID:69498517;Name=AL06_RS00815;gbkey=Gene;gene_biotype=protein_coding;locus_tag=AL06_RS00815;old_locus_tag=CXF52_RS00815,AL06_RS00815,protein_coding,144770,146482,147572,148363,FALSE,TRUE,CACGCCAGGCCTTGG,ACAACGAAGGCGAAC,ATG,-2.29388,6,FALSE,FALSE,-2.332995,11
NZ_CP025209.1,CDS,147572,148363,+,ID=gene-AL06_RS00820;Dbxref=GeneID:69498518;Name=AL06_RS00820;gbkey=Gene;gene_biotype=protein_coding;locus_tag=AL06_RS00820;old_locus_tag=CXF52_RS00820,AL06_RS00820,protein_coding,146634,147572,148442,151549,TRUE,FALSE,ACAACGAAGGCGAAC,AAAATTATGTGAATT,ATG,-2.332995,11,FALSE,FALSE,1.77826,10
NZ_CP025209.1,CDS,148442,151549,+,ID=gene-AL06_RS00825;Dbxref=GeneID:69498519;Name=AL06_RS00825;gbkey=Gene;gene_biotype=protein_coding;locus_tag=AL06_RS00825;old_locus_tag=CXF52_RS00825,AL06_RS00825,protein_coding,147572,148363,154523,154975,FALSE,FALSE,AAAATTATGTGAATT,CCGACTACGGTTATG,ATG,1.77826,10,FALSE,FALSE,-1.469835,9
NZ_CP025209.1,CDS,151917,152222,-,ID=gene-AL06_RS00830;Dbxref=GeneID:69498520;Name=AL06_RS00830;gbkey=Gene;gene_biotype=protein_coding;locus_tag=AL06_RS00830;old_locus_tag=CXF52_RS00830,AL06_RS00830,protein_coding,152810,153334,143159,144097,FALSE,FALSE,TCAAGAAAGGAAAAC,TTGGAAAGTTCTTCA,ATG,-4.40793,10,TRUE,FALSE,-1.247805,15
NZ_CP025209.1,CDS,152810,153334,-,ID=gene-AL06_RS00840;Dbxref=GeneID:69498521;Name=AL06_RS00840;gbkey=Gene;gene_biotype=protein_coding;locus_tag=AL06_RS00840;old_locus_tag=CXF52_RS00840,AL06_RS00840,protein_coding,153475,154485,151917,152222,FALSE,FALSE,TTCATATGGATATAT,TCAAGAAAGGAAAAC,ATG,-1.247805,10,FALSE,TRUE,-4.40793,10
NZ_CP025209.1,CDS,153475,154485,-,ID=gene-AL06_RS00845;Dbxref=GeneID:69498522;Name=AL06_RS00845;gbkey=Gene;gene_biotype=protein_coding;locus_tag=AL06_RS00845;old_locus_tag=CXF52_RS00845,AL06_RS00845,protein_coding,163114,163617,152810,153334,FALSE,FALSE,GGTATGTAAGACTTG,TTCATATGGATATAT,GTG,-1.669835,17,FALSE,FALSE,-1.247805,10
NZ_CP025209.1,CDS,154523,154975,+,ID=gene-AL06_RS00850;Dbxref=GeneID:69498523;Name=AL06_RS00850;gbkey=Gene;gene_biotype=protein_coding;locus_tag=AL06_RS00850;old_locus_tag=CXF52_RS00850,AL06_RS00850,protein_coding,148442,151549,154972,155457,FALSE,TRUE,CCGACTACGGTTATG,ACGAACTCGAACAAG,ATG,-1.469835,9,FALSE,FALSE,0.1151,6
NZ_CP025209.1,CDS,154972,155457,+,ID=gene-AL06_RS00855;Dbxref=GeneID:69498524;Name=AL06_RS00855;gbkey=Gene;gene_biotype=protein_coding;locus_tag=AL06_RS00855;old_locus_tag=CXF52_RS00855,AL06_RS00855,protein_coding,154523,154975,155504,155596,TRUE,FALSE,ACGAACTCGAACAAG,ATTCGCTATTCTGGT,ATG,0.1151,6,FALSE,FALSE,-0.806410000000001,5
NZ_CP025209.1,tRNA,155504,155596,+,ID=gene-AL06_RS11685;Dbxref=GeneID:69500530;Name=AL06_RS11685;gbkey=Gene;gene_biotype=tRNA;locus_tag=AL06_RS11685,AL06_RS11685,tRNA,154972,155457,155827,156186,FALSE,FALSE,ATTCGCTATTCTGGT,AAGTTGAAGGGCGGT,GGT,-0.806410000000001,5,FALSE,TRUE,-6.975515,6
NZ_CP025209.1,CDS,155827,156186,+,ID=gene-AL06_RS00860;Dbxref=GeneID:69498525;Name=AL06_RS00860;gbkey=Gene;gene_biotype=protein_coding;locus_tag=AL06_RS00860;old_locus_tag=CXF52_RS00860,AL06_RS00860,protein_coding,155504,155596,156838,159174,FALSE,FALSE,AAGTTGAAGGGCGGT,TTTAAAGGAGATCAT,ATG,-6.975515,6,TRUE,TRUE,-6.768055,11
NZ_CP025209.1,CDS,156838,159174,+,ID=gene-AL06_RS00865;Dbxref=GeneID:69498526;Name=AL06_RS00865;gbkey=Gene;gene_biotype=protein_coding;locus_tag=AL06_RS00865;old_locus_tag=CXF52_RS00865,AL06_RS00865,protein_coding,155827,156186,159454,160746,FALSE,FALSE,TTTAAAGGAGATCAT,CAAGCTAGAATTTCT,GTG,-6.768055,11,TRUE,FALSE,0.9151,17
NZ_CP025209.1,CDS,159454,160746,+,ID=gene-AL06_RS00870;Dbxref=GeneID:69498527;Name=tgt;gbkey=Gene;gene=tgt;gene_biotype=protein_coding;locus_tag=AL06_RS00870;old_locus_tag=CXF52_RS00870,tgt,protein_coding,156838,159174,160756,161649,FALSE,FALSE,CAAGCTAGAATTTCT,CGGAGTTTAACGCAT,ATG,0.9151,17,FALSE,TRUE,-3.60793,15
NZ_CP025209.1,CDS,160756,161649,+,ID=gene-AL06_RS00875;Dbxref=GeneID:69498528;Name=gluQRS;gbkey=Gene;gene=gluQRS;gene_biotype=protein_coding;locus_tag=AL06_RS00875;old_locus_tag=CXF52_RS00875,gluQRS,protein_coding,159454,160746,161729,163117,FALSE,FALSE,CGGAGTTTAACGCAT,TAACCAAGGAGAAAA,ATG,-3.60793,15,TRUE,TRUE,-6.768055,10
NZ_CP025209.1,CDS,161729,163117,+,ID=gene-AL06_RS00880;Dbxref=GeneID:69498529;Name=AL06_RS00880;gbkey=Gene;gene_biotype=protein_coding;locus_tag=AL06_RS00880;old_locus_tag=CXF52_RS00880,AL06_RS00880,protein_coding,160756,161649,165837,165933,FALSE,FALSE,TAACCAAGGAGAAAA,GGGGTTCCGTTAGGC,ATG,-6.768055,10,TRUE,TRUE,-5.33072,15
NZ_CP025209.1,CDS,163114,163617,-,ID=gene-AL06_RS00885;Dbxref=GeneID:69498530;Name=AL06_RS00885;gbkey=Gene;gene_biotype=protein_coding;locus_tag=AL06_RS00885;old_locus_tag=CXF52_RS00885,AL06_RS00885,protein_coding,163614,164585,153475,154485,TRUE,FALSE,GAAAGGTGGTCGTTG,GGTATGTAAGACTTG,GTG,-4.53894,8,TRUE,FALSE,-1.669835,17
NZ_CP025209.1,CDS,163614,164585,-,ID=gene-AL06_RS00890;Dbxref=GeneID:69498531;Name=AL06_RS00890;gbkey=Gene;gene_biotype=protein_coding;locus_tag=AL06_RS00890;old_locus_tag=CXF52_RS00890,AL06_RS00890,protein_coding,164588,165337,163114,163617,FALSE,TRUE,TGACGGCGGTGGTGT,GAAAGGTGGTCGTTG,ATG,-1.469835,10,FALSE,TRUE,-4.53894,8
NZ_CP025209.1,CDS,164588,165337,-,ID=gene-AL06_RS00895;Dbxref=GeneID:69498532;Name=AL06_RS00895;gbkey=Gene;gene_biotype=protein_coding;locus_tag=AL06_RS00895;old_locus_tag=CXF52_RS00895,AL06_RS00895,protein_coding,165619,165704,163614,164585,FALSE,FALSE,CCACACATATACTTT,TGACGGCGGTGGTGT,ATG,3.775225,12,FALSE,FALSE,-1.469835,10
NZ_CP025209.1,tRNA,165619,165704,-,ID=gene-AL06_RS00905;Dbxref=GeneID:69498533;Name=AL06_RS00905;gbkey=Gene;gene_biotype=tRNA;locus_tag=AL06_RS00905;old_locus_tag=CXF52_RS00905,AL06_RS00905,tRNA,171062,171814,164588,165337,FALSE,FALSE,GCATGCTCGTGCATA,CCACACATATACTTT,GGA,1.77826,10,FALSE,FALSE,3.775225,12
NZ_CP025209.1,SRP_RNA,165837,165933,+,ID=gene-AL06_RS00910;Dbxref=GeneID:69498534;Name=ffs;gbkey=Gene;gene=ffs;gene_biotype=SRP_RNA;locus_tag=AL06_RS00910;old_locus_tag=CXF52_RS00910,ffs,SRP_RNA,161729,163117,166057,167316,FALSE,FALSE,GGGGTTCCGTTAGGC,ACGGACCGTAAGGAT,AGC,-5.33072,15,TRUE,TRUE,-4.40793,7
NZ_CP025209.1,CDS,166057,167316,+,ID=gene-AL06_RS00915;Dbxref=GeneID:69498535;Name=AL06_RS00915;gbkey=Gene;gene_biotype=protein_coding;locus_tag=AL06_RS00915;old_locus_tag=CXF52_RS00915,AL06_RS00915,protein_coding,165837,165933,167320,167871,FALSE,FALSE,ACGGACCGTAAGGAT,AGCCCTTGAGGTGTA,ATG,-4.40793,7,TRUE,TRUE,-5.904895,8
NZ_CP025209.1,CDS,167320,167871,+,ID=gene-AL06_RS00920;Dbxref=GeneID:69498536;Name=AL06_RS00920;gbkey=Gene;gene_biotype=protein_coding;locus_tag=AL06_RS00920;old_locus_tag=CXF52_RS00920,AL06_RS00920,protein_coding,166057,167316,167882,170005,FALSE,FALSE,AGCCCTTGAGGTGTA,AGTCGGTAGGCTAGG,ATG,-5.904895,8,TRUE,TRUE,-8.41615,6
NZ_CP025209.1,CDS,167882,170005,+,ID=gene-AL06_RS00925;Dbxref=GeneID:69498537;Name=AL06_RS00925;gbkey=Gene;gene_biotype=protein_coding;locus_tag=AL06_RS00925;old_locus_tag=CXF52_RS00925,AL06_RS00925,protein_coding,167320,167871,170076,170396,FALSE,FALSE,AGTCGGTAGGCTAGG,AAATGCGAAAGGCAG,GTG,-8.41615,6,TRUE,TRUE,-3.668055,6
NZ_CP025209.1,CDS,170076,170396,+,ID=gene-AL06_RS00930;Dbxref=GeneID:69498538;Name=AL06_RS00930;gbkey=Gene;gene_biotype=protein_coding;locus_tag=AL06_RS00930;old_locus_tag=CXF52_RS00930,AL06_RS00930,protein_coding,167882,170005,170400,171056,FALSE,FALSE,AAATGCGAAAGGCAG,TGGTGGGATGTTCTA,ATG,-3.668055,6,TRUE,FALSE,-2.78552,12
NZ_CP025209.1,CDS,170400,171056,+,ID=gene-AL06_RS00935;Dbxref=GeneID:69498539;Name=recR;gbkey=Gene;gene=recR;gene_biotype=protein_coding;locus_tag=AL06_RS00935;old_locus_tag=CXF52_RS00935,recR,protein_coding,170076,170396,177035,178033,FALSE,FALSE,TGGTGGGATGTTCTA,ATGCGCTAGGTATCC,TTG,-2.78552,12,FALSE,TRUE,-3.92996,9
NZ_CP025209.1,CDS,171062,171814,-,ID=gene-AL06_RS00940;Dbxref=GeneID:69498540;Name=AL06_RS00940;gbkey=Gene;gene_biotype=protein_coding;locus_tag=AL06_RS00940;old_locus_tag=CXF52_RS00940,AL06_RS00940,protein_coding,171816,173078,165619,165704,FALSE,FALSE,GCAACCAAGGAGGCT,GCATGCTCGTGCATA,ATG,-10.01615,8,TRUE,FALSE,1.77826,10
NZ_CP025209.1,CDS,171816,173078,-,ID=gene-AL06_RS00945;Dbxref=GeneID:69498541;Name=AL06_RS00945;gbkey=Gene;gene_biotype=protein_coding;locus_tag=AL06_RS00945;old_locus_tag=CXF52_RS00945,AL06_RS00945,protein_coding,173099,174220,171062,171814,FALSE,FALSE,TGGACTAGACTTAGT,GCAACCAAGGAGGCT,ATG,-1.247805,16,FALSE,TRUE,-10.01615,8
NZ_CP025209.1,CDS,173099,174220,-,ID=gene-AL06_RS00950;Dbxref=GeneID:69498542;Name=AL06_RS00950;gbkey=Gene;gene_biotype=protein_coding;locus_tag=AL06_RS00950;old_locus_tag=CXF52_RS00950,AL06_RS00950,protein_coding,174224,175012,171816,173078,FALSE,FALSE,AGGATTTAACCTCTA,TGGACTAGACTTAGT,TTG,-3.60793,16,TRUE,FALSE,-1.247805,16
NZ_CP025209.1,CDS,174224,175012,-,ID=gene-AL06_RS00955;Dbxref=GeneID:69498543;Name=AL06_RS00955;gbkey=Gene;gene_biotype=protein_coding;locus_tag=AL06_RS00955;old_locus_tag=CXF52_RS00955,AL06_RS00955,protein_coding,175036,176853,173099,174220,FALSE,FALSE,CTACTTACACTTGGC,AGGATTTAACCTCTA,ATG,0.827129999999999,6,FALSE,TRUE,-3.60793,16
NZ_CP025209.1,CDS,175036,176853,-,ID=gene-AL06_RS00960;Dbxref=GeneID:69498544;Name=leuA;gbkey=Gene;gene=leuA;gene_biotype=protein_coding;locus_tag=AL06_RS00960;old_locus_tag=CXF52_RS00960,leuA,protein_coding,179846,180334,174224,175012,FALSE,FALSE,CACGTGAAGGAAACT,CTACTTACACTTGGC,ATG,-4.40793,10,TRUE,FALSE,0.827129999999999,6
NZ_CP025209.1,CDS,177035,178033,+,ID=gene-AL06_RS00965;Dbxref=GeneID:69498545;Name=AL06_RS00965;gbkey=Gene;gene_biotype=protein_coding;locus_tag=AL06_RS00965;old_locus_tag=CXF52_RS00965,AL06_RS00965,protein_coding,170400,171056,178239,179339,FALSE,FALSE,ATGCGCTAGGTATCC,AACCAGGGGGCTACA,ATG,-3.92996,9,TRUE,TRUE,-8.941975,11
NZ_CP025209.1,CDS,178239,179339,+,ID=gene-AL06_RS00970;Dbxref=GeneID:69498546;Name=AL06_RS00970;gbkey=Gene;gene_biotype=protein_coding;locus_tag=AL06_RS00970;old_locus_tag=CXF52_RS00970,AL06_RS00970,protein_coding,177035,178033,180819,181535,FALSE,FALSE,AACCAGGGGGCTACA,GAGCGAGGAGATGTA,ATG,-8.941975,11,TRUE,TRUE,-9.313115,7
NZ_CP025209.1,CDS,179846,180334,-,ID=gene-AL06_RS11690;Dbxref=GeneID:69500531;Name=AL06_RS11690;gbkey=Gene;gene_biotype=protein_coding;locus_tag=AL06_RS11690,AL06_RS11690,protein_coding,186333,187169,175036,176853,FALSE,FALSE,CCAAAACCAAGGACC,CACGTGAAGGAAACT,GTG,-4.40793,8,TRUE,TRUE,-4.40793,10
NZ_CP025209.1,CDS,180819,181535,+,ID=gene-AL06_RS01005;Dbxref=GeneID:69498548;Name=deoD;gbkey=Gene;gene=deoD;gene_biotype=protein_coding;locus_tag=AL06_RS01005;old_locus_tag=CXF52_RS01000,deoD,protein_coding,178239,179339,181532,182896,FALSE,TRUE,GAGCGAGGAGATGTA,CACTACCATTGGCAC,ATG,-9.313115,7,TRUE,FALSE,0.827129999999999,8
NZ_CP025209.1,CDS,181532,182896,+,ID=gene-AL06_RS01010;Dbxref=GeneID:69498549;Name=AL06_RS01010;gbkey=Gene;gene_biotype=protein_coding;locus_tag=AL06_RS01010;old_locus_tag=CXF52_RS01005,AL06_RS01010,protein_coding,180819,181535,182931,183587,TRUE,FALSE,CACTACCATTGGCAC,CTCAAGGAGACTCAA,ATG,0.827129999999999,8,FALSE,TRUE,-6.768055,12
NZ_CP025209.1,CDS,182931,183587,+,ID=gene-AL06_RS01015;Dbxref=GeneID:69498550;Name=deoC;gbkey=Gene;gene=deoC;gene_biotype=protein_coding;locus_tag=AL06_RS01015;old_locus_tag=CXF52_RS01010,deoC,protein_coding,181532,182896,183595,185247,FALSE,FALSE,CTCAAGGAGACTCAA,CTAGGAGAGTAGAAC,ATG,-6.768055,12,TRUE,TRUE,-8.313115,11
NZ_CP025209.1,CDS,183595,185247,+,ID=gene-AL06_RS01020;Dbxref=GeneID:69498551;Name=AL06_RS01020;gbkey=Gene;gene_biotype=protein_coding;locus_tag=AL06_RS01020;old_locus_tag=CXF52_RS01015,AL06_RS01020,protein_coding,182931,183587,185285,186331,FALSE,FALSE,CTAGGAGAGTAGAAC,GTTCAGCCTTGCTAC,ATG,-8.313115,11,TRUE,FALSE,1.2151,15
NZ_CP025209.1,CDS,185285,186331,+,ID=gene-AL06_RS01025;Dbxref=GeneID:69498552;Name=AL06_RS01025;gbkey=Gene;gene_biotype=protein_coding;locus_tag=AL06_RS01025;old_locus_tag=CXF52_RS01020,AL06_RS01025,protein_coding,183595,185247,187360,188625,FALSE,FALSE,GTTCAGCCTTGCTAC,CCGGGAAGGGCGTAG,GTG,1.2151,15,FALSE,TRUE,-5.29374,10
NZ_CP025209.1,CDS,186333,187169,-,ID=gene-AL06_RS01030;Dbxref=GeneID:69498553;Name=AL06_RS01030;gbkey=Gene;gene_biotype=protein_coding;locus_tag=AL06_RS01030;old_locus_tag=CXF52_RS01025,AL06_RS01030,protein_coding,197385,197945,179846,180334,FALSE,FALSE,CCGTATAGGCTAAAC,CCAAAACCAAGGACC,ATG,-2.132995,12,FALSE,TRUE,-4.40793,8
NZ_CP025209.1,CDS,187360,188625,+,ID=gene-AL06_RS01035;Dbxref=GeneID:69498554;Name=AL06_RS01035;gbkey=Gene;gene_biotype=protein_coding;locus_tag=AL06_RS01035;old_locus_tag=CXF52_RS01030,AL06_RS01035,protein_coding,185285,186331,188674,189705,FALSE,FALSE,CCGGGAAGGGCGTAG,ATAATCCGAAGGGGA,GTG,-5.29374,10,TRUE,TRUE,-5.99388,7
NZ_CP025209.1,CDS,188674,189705,+,ID=gene-AL06_RS01040;Dbxref=GeneID:69498555;Name=AL06_RS01040;gbkey=Gene;gene_biotype=protein_coding;locus_tag=AL06_RS01040;old_locus_tag=CXF52_RS01035,AL06_RS01040,protein_coding,187360,188625,190496,191701,FALSE,FALSE,ATAATCCGAAGGGGA,GAAATTGGAAAGGGC,ATG,-5.99388,7,TRUE,TRUE,-4.456165,7
NZ_CP025209.1,CDS,190496,191701,+,ID=gene-AL06_RS12000;Dbxref=GeneID:69500582;Name=AL06_RS12000;gbkey=Gene;gene_biotype=protein_coding;locus_tag=AL06_RS12000,AL06_RS12000,protein_coding,188674,189705,191781,193283,FALSE,FALSE,GAAATTGGAAAGGGC,AGATACAAAAGGTGA,ATG,-4.456165,7,TRUE,TRUE,-3.82996,7
NZ_CP025209.1,CDS,191781,193283,+,ID=gene-AL06_RS12005;Dbxref=GeneID:69500583;Name=AL06_RS12005;gbkey=Gene;gene_biotype=protein_coding;locus_tag=AL06_RS12005,AL06_RS12005,protein_coding,190496,191701,193332,194972,FALSE,FALSE,AGATACAAAAGGTGA,TTTAAAAGGAAATTC,GTG,-3.82996,7,TRUE,TRUE,-4.40793,11
NZ_CP025209.1,CDS,193332,194972,+,ID=gene-AL06_RS01050;Dbxref=GeneID:69498556;Name=AL06_RS01050;gbkey=Gene;gene_biotype=protein_coding;locus_tag=AL06_RS01050;old_locus_tag=CXF52_RS01045,AL06_RS01050,protein_coding,191781,193283,195004,195945,FALSE,FALSE,TTTAAAAGGAAATTC,AGTAGTTAGGTAGTT,ATG,-4.40793,11,TRUE,TRUE,-3.92996,9
NZ_CP025209.1,CDS,195004,195945,+,ID=gene-AL06_RS01055;Dbxref=GeneID:69498557;Name=AL06_RS01055;gbkey=Gene;gene_biotype=protein_coding;locus_tag=AL06_RS01055;old_locus_tag=CXF52_RS01050,AL06_RS01055,protein_coding,193332,194972,195935,196777,FALSE,TRUE,AGTAGTTAGGTAGTT,GACCATGAGGAGGAC,ATG,-3.92996,9,TRUE,TRUE,-10.01615,8
NZ_CP025209.1,CDS,195935,196777,+,ID=gene-AL06_RS01060;Dbxref=GeneID:69498558;Name=AL06_RS01060;gbkey=Gene;gene_biotype=protein_coding;locus_tag=AL06_RS01060;old_locus_tag=CXF52_RS01055,AL06_RS01060,protein_coding,195004,195945,196778,197380,TRUE,FALSE,GACCATGAGGAGGAC,GTATAAAGGAAAGAA,ATG,-10.01615,8,TRUE,TRUE,-4.40793,11
NZ_CP025209.1,CDS,196778,197380,+,ID=gene-AL06_RS01065;Dbxref=GeneID:69498559;Name=AL06_RS01065;gbkey=Gene;gene_biotype=protein_coding;locus_tag=AL06_RS01065;old_locus_tag=CXF52_RS01060,AL06_RS01065,protein_coding,195935,196777,198079,199617,FALSE,FALSE,GTATAAAGGAAAGAA,ACCCTTAAGGAGGGA,ATG,-4.40793,11,TRUE,TRUE,-10.01615,8
NZ_CP025209.1,CDS,197385,197945,-,ID=gene-AL06_RS01070;Dbxref=GeneID:69498560;Name=AL06_RS01070;gbkey=Gene;gene_biotype=protein_coding;locus_tag=AL06_RS01070;old_locus_tag=CXF52_RS01065,AL06_RS01070,protein_coding,199607,200665,186333,187169,FALSE,FALSE,AGTGCTAGAGTTCAT,CCGTATAGGCTAAAC,ATG,-0.359835,10,FALSE,FALSE,-2.132995,12
NZ_CP025209.1,CDS,198079,199617,+,ID=gene-AL06_RS01075;Dbxref=GeneID:69498561;Name=AL06_RS01075;gbkey=Gene;gene_biotype=protein_coding;locus_tag=AL06_RS01075;old_locus_tag=CXF52_RS01070,AL06_RS01075,protein_coding,196778,197380,212405,213760,FALSE,FALSE,ACCCTTAAGGAGGGA,TTAATTAAGTTGGAC,GTG,-10.01615,8,TRUE,FALSE,-1.247805,6
NZ_CP025209.1,CDS,199607,200665,-,ID=gene-AL06_RS01080;Dbxref=GeneID:69498562;Name=AL06_RS01080;gbkey=Gene;gene_biotype=protein_coding;locus_tag=AL06_RS01080;old_locus_tag=CXF52_RS01075,AL06_RS01080,protein_coding,200656,202209,197385,197945,TRUE,FALSE,CTAGGAAACAGGTGG,AGTGCTAGAGTTCAT,ATG,-7.913115,8,TRUE,FALSE,-0.359835,10
NZ_CP025209.1,CDS,200656,202209,-,ID=gene-AL06_RS01085;Dbxref=GeneID:69498563;Name=AL06_RS01085;gbkey=Gene;gene_biotype=protein_coding;locus_tag=AL06_RS01085;old_locus_tag=CXF52_RS01080,AL06_RS01085,protein_coding,202206,203207,199607,200665,TRUE,TRUE,GGTTTTCGGAGCAGC,CTAGGAAACAGGTGG,ATG,-3.756025,6,TRUE,TRUE,-7.913115,8
NZ_CP025209.1,CDS,202206,203207,-,ID=gene-AL06_RS01090;Dbxref=GeneID:69498564;Name=AL06_RS01090;gbkey=Gene;gene_biotype=protein_coding;locus_tag=AL06_RS01090;old_locus_tag=CXF52_RS01085,AL06_RS01090,protein_coding,203288,204658,200656,202209,FALSE,TRUE,GACGCGAAGGAGAAC,GGTTTTCGGAGCAGC,GTG,-6.768055,9,TRUE,TRUE,-3.756025,6
NZ_CP025209.1,CDS,203288,204658,-,ID=gene-AL06_RS01095;Dbxref=GeneID:69498565;Name=AL06_RS01095;gbkey=Gene;gene_biotype=protein_coding;locus_tag=AL06_RS01095;old_locus_tag=CXF52_RS01090,AL06_RS01095,protein_coding,204787,205488,202206,203207,FALSE,FALSE,GCACAAAGGAGTGCC,GACGCGAAGGAGAAC,ATG,-6.768055,10,TRUE,TRUE,-6.768055,9
NZ_CP025209.1,CDS,204787,205488,-,ID=gene-AL06_RS01100;Dbxref=GeneID:69498566;Name=AL06_RS01100;gbkey=Gene;gene_biotype=protein_coding;locus_tag=AL06_RS01100;old_locus_tag=CXF52_RS01095,AL06_RS01100,protein_coding,205481,206266,203288,204658,TRUE,FALSE,ACTCTTCCTAGGACT,GCACAAAGGAGTGCC,ATG,-4.20793,8,TRUE,TRUE,-6.768055,10
NZ_CP025209.1,CDS,205481,206266,-,ID=gene-AL06_RS01105;Dbxref=GeneID:69498567;Name=AL06_RS01105;gbkey=Gene;gene_biotype=protein_coding;locus_tag=AL06_RS01105;old_locus_tag=CXF52_RS01100,AL06_RS01105,protein_coding,206423,206725,204787,205488,FALSE,TRUE,CACGGTAGTGTTATC,ACTCTTCCTAGGACT,ATG,-1.569835,14,FALSE,TRUE,-4.20793,8
NZ_CP025209.1,CDS,206423,206725,-,ID=gene-AL06_RS01110;Dbxref=GeneID:69498568;Name=AL06_RS01110;gbkey=Gene;gene_biotype=protein_coding;locus_tag=AL06_RS01110;old_locus_tag=CXF52_RS01105,AL06_RS01110,protein_coding,206725,206991,205481,206266,TRUE,FALSE,TTTCGAAAGGACGCC,CACGGTAGTGTTATC,ATG,-4.40793,10,TRUE,FALSE,-1.569835,14
NZ_CP025209.1,CDS,206725,206991,-,ID=gene-AL06_RS01115;Dbxref=GeneID:69498569;Name=AL06_RS01115;gbkey=Gene;gene_biotype=protein_coding;locus_tag=AL06_RS01115;old_locus_tag=CXF52_RS01110,AL06_RS01115,protein_coding,206991,207368,206423,206725,TRUE,TRUE,CTATTCGGAAGGAGC,TTTCGAAAGGACGCC,ATG,-6.768055,7,TRUE,TRUE,-4.40793,10
NZ_CP025209.1,CDS,206991,207368,-,ID=gene-AL06_RS01120;Dbxref=GeneID:69498570;Name=AL06_RS01120;gbkey=Gene;gene_biotype=protein_coding;locus_tag=AL06_RS01120;old_locus_tag=CXF52_RS01115,AL06_RS01120,protein_coding,207371,208894,206725,206991,FALSE,TRUE,TTCAGGGAGGCAAAT,CTATTCGGAAGGAGC,ATG,-8.39374,10,TRUE,TRUE,-6.768055,7
NZ_CP025209.1,CDS,207371,208894,-,ID=gene-AL06_RS01125;Dbxref=GeneID:69498571;Name=AL06_RS01125;gbkey=Gene;gene_biotype=protein_coding;locus_tag=AL06_RS01125;old_locus_tag=CXF52_RS01120,AL06_RS01125,protein_coding,208894,209319,206991,207368,TRUE,FALSE,GCCAGGAGGAGACTC,TTCAGGGAGGCAAAT,ATG,-9.71615,12,TRUE,TRUE,-8.39374,10
NZ_CP025209.1,CDS,208894,209319,-,ID=gene-AL06_RS01130;Dbxref=GeneID:69498572;Name=AL06_RS01130;gbkey=Gene;gene_biotype=protein_coding;locus_tag=AL06_RS01130;old_locus_tag=CXF52_RS01125,AL06_RS01130,protein_coding,209323,212235,207371,208894,FALSE,TRUE,GCCGAAGGAGGCCTA,GCCAGGAGGAGACTC,ATG,-10.01615,10,TRUE,TRUE,-9.71615,12
NZ_CP025209.1,CDS,209323,212235,-,ID=gene-AL06_RS01135;Dbxref=GeneID:69498573;Name=AL06_RS01135;gbkey=Gene;gene_biotype=protein_coding;locus_tag=AL06_RS01135;old_locus_tag=CXF52_RS01130,AL06_RS01135,protein_coding,213829,214719,208894,209319,FALSE,FALSE,CCTTGGGTGTGAGTA,GCCGAAGGAGGCCTA,GTG,-3.00755,12,FALSE,TRUE,-10.01615,10
NZ_CP025209.1,CDS,212405,213760,+,ID=gene-AL06_RS01140;Dbxref=GeneID:69498574;Name=AL06_RS01140;gbkey=Gene;gene_biotype=protein_coding;locus_tag=AL06_RS01140;old_locus_tag=CXF52_RS01135,AL06_RS01140,protein_coding,198079,199617,216018,216482,FALSE,FALSE,TTAATTAAGTTGGAC,CCGAGTAGGCTGGGC,ATG,-1.247805,6,FALSE,TRUE,-5.941975,7
NZ_CP025209.1,CDS,213829,214719,-,ID=gene-AL06_RS01145;Dbxref=GeneID:69498575;Name=AL06_RS01145;gbkey=Gene;gene_biotype=protein_coding;locus_tag=AL06_RS01145;old_locus_tag=CXF52_RS01140,AL06_RS01145,protein_coding,214926,215002,209323,212235,FALSE,FALSE,CTGCCATTAGCGTGT,CCTTGGGTGTGAGTA,ATG,1.1151,11,FALSE,FALSE,-3.00755,12
NZ_CP025209.1,tRNA,214926,215002,-,ID=gene-AL06_RS01150;Dbxref=GeneID:69498576;Name=AL06_RS01150;gbkey=Gene;gene_biotype=tRNA;locus_tag=AL06_RS01150;old_locus_tag=CXF52_RS01145,AL06_RS01150,tRNA,215076,215981,213829,214719,FALSE,FALSE,AAGACACGCCAAGTG,CTGCCATTAGCGTGT,CGG,0.9151,18,FALSE,FALSE,1.1151,11
NZ_CP025209.1,CDS,215076,215981,-,ID=gene-AL06_RS01155;Dbxref=GeneID:69498577;Name=AL06_RS01155;gbkey=Gene;gene_biotype=protein_coding;locus_tag=AL06_RS01155;old_locus_tag=CXF52_RS01150,AL06_RS01155,protein_coding,216487,218868,214926,215002,FALSE,FALSE,GGAAGGTAGAGTGAT,AAGACACGCCAAGTG,GTG,-5.45299,13,TRUE,FALSE,0.9151,18
NZ_CP025209.1,CDS,216018,216482,+,ID=gene-AL06_RS01160;Dbxref=GeneID:69498578;Name=AL06_RS01160;gbkey=Gene;gene_biotype=protein_coding;locus_tag=AL06_RS01160;old_locus_tag=CXF52_RS01155,AL06_RS01160,protein_coding,212405,213760,219067,219414,FALSE,FALSE,CCGAGTAGGCTGGGC,ATGTCAGGAGGAGTT,ATG,-5.941975,7,TRUE,TRUE,-9.71615,10
NZ_CP025209.1,CDS,216487,218868,-,ID=gene-AL06_RS01165;Dbxref=GeneID:69498579;Name=AL06_RS01165;gbkey=Gene;gene_biotype=protein_coding;locus_tag=AL06_RS01165;old_locus_tag=CXF52_RS01160,AL06_RS01165,protein_coding,221010,221693,215076,215981,FALSE,FALSE,CTAGGGTAAGGGAGT,GGAAGGTAGAGTGAT,ATG,-6.31615,10,TRUE,TRUE,-5.45299,13
NZ_CP025209.1,CDS,219067,219414,+,ID=gene-AL06_RS01170;Dbxref=GeneID:69498580;Name=AL06_RS01170;gbkey=Gene;gene_biotype=protein_coding;locus_tag=AL06_RS01170;old_locus_tag=CXF52_RS01165,AL06_RS01170,protein_coding,216018,216482,219455,219610,FALSE,FALSE,ATGTCAGGAGGAGTT,TTTCGGTACAGTGGC,ATG,-9.71615,10,TRUE,FALSE,-1.569835,13
NZ_CP025209.1,CDS,219455,219610,+,ID=gene-AL06_RS01175;Dbxref=GeneID:69498581;Name=AL06_RS01175;gbkey=Gene;gene_biotype=protein_coding;locus_tag=AL06_RS01175;old_locus_tag=CXF52_RS01170,AL06_RS01175,protein_coding,219067,219414,219612,220076,FALSE,FALSE,TTTCGGTACAGTGGC,AAGCGCCCGGTGGAA,ATG,-1.569835,13,FALSE,FALSE,-1.469835,9
NZ_CP025209.1,CDS,219612,220076,+,ID=gene-AL06_RS01180;Dbxref=GeneID:69498582;Name=AL06_RS01180;gbkey=Gene;gene_biotype=protein_coding;locus_tag=AL06_RS01180;old_locus_tag=CXF52_RS01175,AL06_RS01180,protein_coding,219455,219610,220125,220949,FALSE,FALSE,AAGCGCCCGGTGGAA,TGTGCCGGCTGGAGT,ATG,-1.469835,9,FALSE,TRUE,-3.60793,6
NZ_CP025209.1,CDS,220125,220949,+,ID=gene-AL06_RS01185;Dbxref=GeneID:69498583;Name=AL06_RS01185;gbkey=Gene;gene_biotype=protein_coding;locus_tag=AL06_RS01185;old_locus_tag=CXF52_RS01180,AL06_RS01185,protein_coding,219612,220076,222198,222953,FALSE,FALSE,TGTGCCGGCTGGAGT,ACACGTTAAGGTAGA,ATG,-3.60793,6,TRUE,TRUE,-3.92996,8
NZ_CP025209.1,CDS,221010,221693,-,ID=gene-AL06_RS01190;Dbxref=GeneID:69498584;Name=AL06_RS01190;gbkey=Gene;gene_biotype=protein_coding;locus_tag=AL06_RS01190;old_locus_tag=CXF52_RS01185,AL06_RS01190,protein_coding,225462,226400,216487,218868,FALSE,FALSE,TTATCAGAGGAGTAT,CTAGGGTAAGGGAGT,GTG,-6.768055,9,TRUE,TRUE,-6.31615,10
NZ_CP025209.1,CDS,222198,222953,+,ID=gene-AL06_RS01195;Dbxref=GeneID:69498585;Name=nth;gbkey=Gene;gene=nth;gene_biotype=protein_coding;locus_tag=AL06_RS01195;old_locus_tag=CXF52_RS01190,nth,protein_coding,220125,220949,222946,223506,FALSE,TRUE,ACACGTTAAGGTAGA,CAGATGGCAGGTATT,ATG,-3.92996,8,TRUE,TRUE,-3.92996,8
NZ_CP025209.1,CDS,222946,223506,+,ID=gene-AL06_RS01200;Dbxref=GeneID:69498586;Name=AL06_RS01200;gbkey=Gene;gene_biotype=protein_coding;locus_tag=AL06_RS01200;old_locus_tag=CXF52_RS01195,AL06_RS01200,protein_coding,222198,222953,223503,224246,TRUE,TRUE,CAGATGGCAGGTATT,TGGCCAAGGTGTACA,ATG,-3.92996,8,TRUE,TRUE,-3.82996,10
NZ_CP025209.1,CDS,223503,224246,+,ID=gene-AL06_RS01205;Dbxref=GeneID:69498587;Name=AL06_RS01205;gbkey=Gene;gene_biotype=protein_coding;locus_tag=AL06_RS01205;old_locus_tag=CXF52_RS01200,AL06_RS01205,protein_coding,222946,223506,224281,225465,TRUE,FALSE,TGGCCAAGGTGTACA,CACGACAGTGACACC,ATG,-3.82996,10,TRUE,FALSE,1.2151,13
NZ_CP025209.1,CDS,224281,225465,+,ID=gene-AL06_RS01210;Dbxref=GeneID:69498588;Name=AL06_RS01210;gbkey=Gene;gene_biotype=protein_coding;locus_tag=AL06_RS01210;old_locus_tag=CXF52_RS01205,AL06_RS01210,protein_coding,223503,224246,227116,227769,FALSE,FALSE,CACGACAGTGACACC,GCGAGGATCATGGGC,ATG,1.2151,13,FALSE,TRUE,-5.81615,8
NZ_CP025209.1,CDS,225462,226400,-,ID=gene-AL06_RS01215;Dbxref=GeneID:69498589;Name=AL06_RS01215;gbkey=Gene;gene_biotype=protein_coding;locus_tag=AL06_RS01215;old_locus_tag=CXF52_RS01210,AL06_RS01215,protein_coding,226488,226988,221010,221693,FALSE,FALSE,TAGAAGGAGCTACCC,TTATCAGAGGAGTAT,ATG,-6.768055,12,TRUE,TRUE,-6.768055,9
NZ_CP025209.1,CDS,226488,226988,-,ID=gene-AL06_RS01220;Dbxref=GeneID:69498590;Name=AL06_RS01220;gbkey=Gene;gene_biotype=protein_coding;locus_tag=AL06_RS01220;old_locus_tag=CXF52_RS01215,AL06_RS01220,protein_coding,227707,228564,225462,226400,FALSE,FALSE,GATCTGGAGGGACCG,TAGAAGGAGCTACCC,GTG,-6.856025,10,TRUE,TRUE,-6.768055,12
NZ_CP025209.1,CDS,227116,227769,+,ID=gene-AL06_RS01225;Dbxref=GeneID:69498591;Name=AL06_RS01225;gbkey=Gene;gene_biotype=protein_coding;locus_tag=AL06_RS01225;old_locus_tag=CXF52_RS01220,AL06_RS01225,protein_coding,224281,225465,229029,230066,FALSE,FALSE,GCGAGGATCATGGGC,AACCGGCACACTGCG,ATG,-5.81615,8,TRUE,FALSE,0.827129999999999,14
NZ_CP025209.1,CDS,227707,228564,-,ID=gene-AL06_RS01230;Dbxref=GeneID:69498592;Name=AL06_RS01230;gbkey=Gene;gene_biotype=protein_coding;locus_tag=AL06_RS01230;old_locus_tag=CXF52_RS01225,AL06_RS01230,protein_coding,233283,235619,226488,226988,FALSE,FALSE,CAAGGAGGCCCTGAC,GATCTGGAGGGACCG,ATG,-10.01615,13,TRUE,TRUE,-6.856025,10
NZ_CP025209.1,CDS,229029,230066,+,ID=gene-AL06_RS01235;Dbxref=GeneID:69498593;Name=AL06_RS01235;gbkey=Gene;gene_biotype=protein_coding;locus_tag=AL06_RS01235;old_locus_tag=CXF52_RS01230,AL06_RS01235,protein_coding,227116,227769,230059,231156,FALSE,TRUE,AACCGGCACACTGCG,CAACTGAGGAGTCAC,ATG,0.827129999999999,14,FALSE,TRUE,-6.768055,10
NZ_CP025209.1,CDS,230059,231156,+,ID=gene-AL06_RS01240;Dbxref=GeneID:69498594;Name=AL06_RS01240;gbkey=Gene;gene_biotype=protein_coding;locus_tag=AL06_RS01240;old_locus_tag=CXF52_RS01235,AL06_RS01240,protein_coding,229029,230066,231153,231899,TRUE,TRUE,CAACTGAGGAGTCAC,ATGTGATCTGGGAGG,ATG,-6.768055,10,TRUE,TRUE,-10.09374,5
NZ_CP025209.1,CDS,231153,231899,+,ID=gene-AL06_RS01245;Dbxref=GeneID:69498595;Name=AL06_RS01245;gbkey=Gene;gene_biotype=protein_coding;locus_tag=AL06_RS01245;old_locus_tag=CXF52_RS01240,AL06_RS01245,protein_coding,230059,231156,231899,232477,TRUE,TRUE,ATGTGATCTGGGAGG,TAATCAAGGCGGTGG,ATG,-10.09374,5,TRUE,TRUE,-3.941975,6
NZ_CP025209.1,CDS,231899,232477,+,ID=gene-AL06_RS01250;Dbxref=GeneID:69498596;Name=AL06_RS01250;gbkey=Gene;gene_biotype=protein_coding;locus_tag=AL06_RS01250;old_locus_tag=CXF52_RS01245,AL06_RS01250,protein_coding,231153,231899,232501,232698,TRUE,FALSE,TAATCAAGGCGGTGG,CACCGAAAGGAACCC,ATG,-3.941975,6,TRUE,TRUE,-4.40793,10
NZ_CP025209.1,CDS,232501,232698,+,ID=gene-AL06_RS01255;Dbxref=GeneID:69498597;Name=AL06_RS01255;gbkey=Gene;gene_biotype=protein_coding;locus_tag=AL06_RS01255;old_locus_tag=CXF52_RS01250,AL06_RS01255,protein_coding,231899,232477,232695,232970,FALSE,TRUE,CACCGAAAGGAACCC,TCAACAACGCGCCGG,ATG,-4.40793,10,TRUE,FALSE,-0.872870000000002,5
NZ_CP025209.1,CDS,232695,232970,+,ID=gene-AL06_RS01260;Dbxref=GeneID:69498598;Name=AL06_RS01260;gbkey=Gene;gene_biotype=protein_coding;locus_tag=AL06_RS01260;old_locus_tag=CXF52_RS01255,AL06_RS01260,protein_coding,232501,232698,232967,233293,TRUE,TRUE,TCAACAACGCGCCGG,TCCCCAAAGAGATGA,ATG,-0.872870000000002,5,FALSE,FALSE,-0.507930000000002,6
NZ_CP025209.1,CDS,232967,233293,+,ID=gene-AL06_RS01265;Dbxref=GeneID:69498599;Name=AL06_RS01265;gbkey=Gene;gene_biotype=protein_coding;locus_tag=AL06_RS01265;old_locus_tag=CXF52_RS01260,AL06_RS01265,protein_coding,232695,232970,235888,236091,TRUE,FALSE,TCCCCAAAGAGATGA,TAGAAGTTAGGTTTT,ATG,-0.507930000000002,6,FALSE,TRUE,-3.82996,8
NZ_CP025209.1,CDS,233283,235619,-,ID=gene-AL06_RS01270;Dbxref=GeneID:69498600;Name=AL06_RS01270;gbkey=Gene;gene_biotype=protein_coding;locus_tag=AL06_RS01270;old_locus_tag=CXF52_RS01265,AL06_RS01270,protein_coding,242053,243546,227707,228564,FALSE,FALSE,GACGAGGCAAAGGTC,CAAGGAGGCCCTGAC,ATG,-8.813115,7,TRUE,TRUE,-10.01615,13
NZ_CP025209.1,CDS,235888,236091,+,ID=gene-AL06_RS01275;Dbxref=GeneID:69498601;Name=AL06_RS01275;gbkey=Gene;gene_biotype=protein_coding;locus_tag=AL06_RS01275;old_locus_tag=CXF52_RS01270,AL06_RS01275,protein_coding,232967,233293,236265,236882,FALSE,FALSE,TAGAAGTTAGGTTTT,GCCCCCCTAGGAGAA,ATG,-3.82996,8,TRUE,TRUE,-6.568055,8
NZ_CP025209.1,CDS,236265,236882,+,ID=gene-AL06_RS01280;Dbxref=GeneID:69498602;Name=AL06_RS01280;gbkey=Gene;gene_biotype=protein_coding;locus_tag=AL06_RS01280;old_locus_tag=CXF52_RS01275,AL06_RS01280,protein_coding,235888,236091,236879,237586,FALSE,TRUE,GCCCCCCTAGGAGAA,AGGGGAAGGTGACCC,ATG,-6.568055,8,TRUE,TRUE,-8.013115,10
NZ_CP025209.1,CDS,236879,237586,+,ID=gene-AL06_RS01285;Dbxref=GeneID:69498603;Name=AL06_RS01285;gbkey=Gene;gene_biotype=protein_coding;locus_tag=AL06_RS01285;old_locus_tag=CXF52_RS01280,AL06_RS01285,protein_coding,236265,236882,237583,238830,TRUE,TRUE,AGGGGAAGGTGACCC,CAGCAAAGGAGCTCG,ATG,-8.013115,10,TRUE,TRUE,-8.21615,6
NZ_CP025209.1,CDS,237583,238830,+,ID=gene-AL06_RS01290;Dbxref=GeneID:69498604;Name=AL06_RS01290;gbkey=Gene;gene_biotype=protein_coding;locus_tag=AL06_RS01290;old_locus_tag=CXF52_RS01285,AL06_RS01290,protein_coding,236879,237586,238827,240314,TRUE,TRUE,CAGCAAAGGAGCTCG,AGAAAGTAGACATCA,GTG,-8.21615,6,TRUE,FALSE,0.9151,15
NZ_CP025209.1,CDS,238827,240314,+,ID=gene-AL06_RS01295;Dbxref=GeneID:69498605;Name=AL06_RS01295;gbkey=Gene;gene_biotype=protein_coding;locus_tag=AL06_RS01295;old_locus_tag=CXF52_RS01290,AL06_RS01295,protein_coding,237583,238830,240315,242075,TRUE,FALSE,AGAAAGTAGACATCA,GAAGACCGCTAAGAA,ATG,0.9151,15,FALSE,FALSE,0.9151,17
NZ_CP025209.1,CDS,240315,242075,+,ID=gene-AL06_RS01300;Dbxref=GeneID:69498606;Name=AL06_RS01300;gbkey=Gene;gene_biotype=protein_coding;locus_tag=AL06_RS01300;old_locus_tag=CXF52_RS01295,AL06_RS01300,protein_coding,238827,240314,243686,246580,FALSE,FALSE,GAAGACCGCTAAGAA,ATTGAGGGTTTCTTC,ATG,0.9151,17,FALSE,TRUE,-4.778055,10
NZ_CP025209.1,CDS,242053,243546,-,ID=gene-AL06_RS01305;Dbxref=GeneID:69498607;Name=AL06_RS01305;gbkey=Gene;gene_biotype=protein_coding;locus_tag=AL06_RS01305;old_locus_tag=CXF52_RS01300,AL06_RS01305,protein_coding,246500,247162,233283,235619,FALSE,FALSE,GTACGTACACTGTCC,GACGAGGCAAAGGTC,ATG,1.47826,18,FALSE,TRUE,-8.813115,7
NZ_CP025209.1,CDS,243686,246580,+,ID=gene-AL06_RS01310;Dbxref=GeneID:69498608;Name=topA;gbkey=Gene;gene=topA;gene_biotype=protein_coding;locus_tag=AL06_RS01310;old_locus_tag=CXF52_RS01305,topA,protein_coding,240315,242075,247420,247566,FALSE,FALSE,ATTGAGGGTTTCTTC,GGTGCCAGAGGCGAA,ATG,-4.778055,10,TRUE,TRUE,-3.60793,9
NZ_CP025209.1,CDS,246500,247162,-,ID=gene-AL06_RS01315;Dbxref=GeneID:69498609;Name=AL06_RS01315;gbkey=Gene;gene_biotype=protein_coding;locus_tag=AL06_RS01315;old_locus_tag=CXF52_RS01310,AL06_RS01315,protein_coding,247641,249617,242053,243546,FALSE,FALSE,TAGAGCACAATGGGT,GTACGTACACTGTCC,ATG,-2.344125,5,FALSE,FALSE,1.47826,18
NZ_CP025209.1,CDS,247420,247566,+,ID=gene-AL06_RS11820;Dbxref=GeneID:69500550;Name=AL06_RS11820;gbkey=Gene;gene_biotype=protein_coding;locus_tag=AL06_RS11820,AL06_RS11820,protein_coding,243686,246580,251847,252746,FALSE,FALSE,GGTGCCAGAGGCGAA,CTTTTGCAAGGGGAA,GTG,-3.60793,9,TRUE,TRUE,-5.99388,8
NZ_CP025209.1,CDS,247641,249617,-,ID=gene-AL06_RS01320;Dbxref=GeneID:69498610;Name=AL06_RS01320;gbkey=Gene;gene_biotype=protein_coding;locus_tag=AL06_RS01320;old_locus_tag=CXF52_RS01315,AL06_RS01320,protein_coding,249704,251740,246500,247162,FALSE,FALSE,CCGAGAGAGGATCCT,TAGAGCACAATGGGT,GTG,-4.40793,10,TRUE,FALSE,-2.344125,5
NZ_CP025209.1,CDS,249704,251740,-,ID=gene-AL06_RS01325;Dbxref=GeneID:69498611;Name=AL06_RS01325;gbkey=Gene;gene_biotype=protein_coding;locus_tag=AL06_RS01325;old_locus_tag=CXF52_RS01320,AL06_RS01325,protein_coding,252751,254277,247641,249617,FALSE,FALSE,CACCCTTGAAAGTAA,CCGAGAGAGGATCCT,ATG,0.9151,9,FALSE,TRUE,-4.40793,10
NZ_CP025209.1,CDS,251847,252746,+,ID=gene-AL06_RS01330;Dbxref=GeneID:69498612;Name=AL06_RS01330;gbkey=Gene;gene_biotype=protein_coding;locus_tag=AL06_RS01330;old_locus_tag=CXF52_RS01325,AL06_RS01330,protein_coding,247420,247566,254276,255538,FALSE,FALSE,CTTTTGCAAGGGGAA,GGCGCGCCATAGTTT,ATG,-5.99388,8,TRUE,FALSE,0.727129999999998,18
NZ_CP025209.1,CDS,252751,254277,-,ID=gene-AL06_RS01335;Dbxref=GeneID:69498613;Name=AL06_RS01335;gbkey=Gene;gene_biotype=protein_coding;locus_tag=AL06_RS01335;old_locus_tag=CXF52_RS01330,AL06_RS01335,protein_coding,256846,257610,249704,251740,FALSE,FALSE,GACCGTTAAAGTAGT,CACCCTTGAAAGTAA,ATG,0.9151,10,FALSE,FALSE,0.9151,9
NZ_CP025209.1,CDS,254276,255538,+,ID=gene-AL06_RS01340;Dbxref=GeneID:69498614;Name=AL06_RS01340;gbkey=Gene;gene_biotype=protein_coding;locus_tag=AL06_RS01340;old_locus_tag=CXF52_RS01335,AL06_RS01340,protein_coding,251847,252746,255636,255711,FALSE,FALSE,GGCGCGCCATAGTTT,ACCCATACGTTTTAT,ATG,0.727129999999998,18,FALSE,FALSE,1.77826,10
NZ_CP025209.1,tRNA,255636,255711,+,ID=gene-AL06_RS01345;Dbxref=GeneID:69498615;Name=AL06_RS01345;gbkey=Gene;gene_biotype=tRNA;locus_tag=AL06_RS01345;old_locus_tag=CXF52_RS01340,AL06_RS01345,tRNA,254276,255538,256435,256842,FALSE,FALSE,ACCCATACGTTTTAT,AAAAGAACCCAGATA,GCC,1.77826,10,FALSE,FALSE,0.9151,16
NZ_CP025209.1,CDS,256435,256842,+,ID=gene-AL06_RS01355;Dbxref=GeneID:69498616;Name=AL06_RS01355;gbkey=Gene;gene_biotype=protein_coding;locus_tag=AL06_RS01355;old_locus_tag=CXF52_RS01350,AL06_RS01355,protein_coding,255636,255711,259141,259722,FALSE,FALSE,AAAAGAACCCAGATA,GTGGAGGGGGTGATG,GTG,0.9151,16,FALSE,TRUE,-11.53894,10
NZ_CP025209.1,CDS,256846,257610,-,ID=gene-AL06_RS01360;Dbxref=GeneID:69498617;Name=AL06_RS01360;gbkey=Gene;gene_biotype=protein_coding;locus_tag=AL06_RS01360;old_locus_tag=CXF52_RS01355,AL06_RS01360,protein_coding,257836,258045,252751,254277,FALSE,FALSE,CAAGCATAACCAACC,GACCGTTAAAGTAGT,GTG,0.9151,17,FALSE,FALSE,0.9151,10
NZ_CP025209.1,CDS,257836,258045,-,ID=gene-AL06_RS01365;Dbxref=GeneID:69498618;Name=AL06_RS01365;gbkey=Gene;gene_biotype=protein_coding;locus_tag=AL06_RS01365;old_locus_tag=CXF52_RS01360,AL06_RS01365,protein_coding,258335,258766,256846,257610,FALSE,FALSE,CAAGGAAGAAGTCCA,CAAGCATAACCAACC,ATG,-5.313115,9,TRUE,FALSE,0.9151,17
NZ_CP025209.1,CDS,258335,258766,-,ID=gene-AL06_RS01370;Dbxref=GeneID:69498619;Name=rhuM;gbkey=Gene;gene=rhuM;gene_biotype=protein_coding;locus_tag=AL06_RS01370;old_locus_tag=CXF52_RS01365,rhuM,protein_coding,258690,258935,257836,258045,TRUE,FALSE,GAGTTGTTTGAGCGG,CAAGGAAGAAGTCCA,GTG,-3.004895,13,FALSE,TRUE,-5.313115,9
NZ_CP025209.1,CDS,258690,258935,-,ID=gene-AL06_RS12385;Dbxref=GeneID:77100349;Name=rhuM;gbkey=Gene;gene=rhuM;gene_biotype=protein_coding;locus_tag=AL06_RS12385,rhuM,protein_coding,260279,260692,258335,258766,FALSE,TRUE,CAATCACTACAACAT,GAGTTGTTTGAGCGG,ATG,3.775225,12,FALSE,FALSE,-3.004895,13
NZ_CP025209.1,CDS,259141,259722,+,ID=gene-AL06_RS01380;Dbxref=GeneID:69498620;Name=AL06_RS01380;gbkey=Gene;gene_biotype=protein_coding;locus_tag=AL06_RS01380;old_locus_tag=CXF52_RS01375,AL06_RS01380,protein_coding,256435,256842,259729,260055,FALSE,FALSE,GTGGAGGGGGTGATG,AAAGTGTGCATAATT,ATG,-11.53894,10,TRUE,FALSE,0.9151,17
NZ_CP025209.1,CDS,259729,260055,+,ID=gene-AL06_RS01385;Dbxref=GeneID:69498621;Name=AL06_RS01385;gbkey=Gene;gene_biotype=protein_coding;locus_tag=AL06_RS01385;old_locus_tag=CXF52_RS01380,AL06_RS01385,protein_coding,259141,259722,262509,262754,FALSE,FALSE,AAAGTGTGCATAATT,TGCCTAAAACCATCA,ATG,0.9151,17,FALSE,FALSE,3.775225,15
NZ_CP025209.1,CDS,260279,260692,-,ID=gene-AL06_RS12010;Dbxref=GeneID:69500584;Name=AL06_RS12010;gbkey=Gene;gene_biotype=protein_coding;locus_tag=AL06_RS12010,AL06_RS12010,protein_coding,262816,263973,258690,258935,FALSE,FALSE,TTCTCTAGATGGCAC,CAATCACTACAACAT,TTG,0.827129999999999,8,FALSE,FALSE,3.775225,12
NZ_CP025209.1,CDS,262509,262754,+,ID=gene-AL06_RS01405;Dbxref=GeneID:69498623;Name=AL06_RS01405;gbkey=Gene;gene_biotype=protein_coding;locus_tag=AL06_RS01405;old_locus_tag=CXF52_RS01400,AL06_RS01405,protein_coding,259729,260055,264109,264807,FALSE,FALSE,TGCCTAAAACCATCA,CAGCCGATACGGTGA,TTG,3.775225,15,FALSE,FALSE,-1.469835,7
NZ_CP025209.1,CDS,262816,263973,-,ID=gene-AL06_RS01410;Dbxref=GeneID:69498624;Name=AL06_RS01410;gbkey=Gene;gene_biotype=protein_coding;locus_tag=AL06_RS01410;old_locus_tag=CXF52_RS01405,AL06_RS01410,protein_coding,264902,265654,260279,260692,FALSE,FALSE,TCGACATTAGAGATG,TTCTCTAGATGGCAC,ATG,-2.20793,5,FALSE,FALSE,0.827129999999999,8
NZ_CP025209.1,CDS,264109,264807,+,ID=gene-AL06_RS01415;Dbxref=GeneID:69498625;Name=AL06_RS01415;gbkey=Gene;gene_biotype=protein_coding;locus_tag=AL06_RS01415;old_locus_tag=CXF52_RS01410,AL06_RS01415,protein_coding,262509,262754,270039,270167,FALSE,FALSE,CAGCCGATACGGTGA,GGGAGGCTTGAAAAA,ATG,-1.469835,7,FALSE,TRUE,-8.39374,14
NZ_CP025209.1,CDS,264902,265654,-,ID=gene-AL06_RS01420;Dbxref=GeneID:69498626;Name=AL06_RS01420;gbkey=Gene;gene_biotype=protein_coding;locus_tag=AL06_RS01420;old_locus_tag=CXF52_RS01415,AL06_RS01420,protein_coding,266261,266770,262816,263973,FALSE,FALSE,AAGATTGCAAGGATG,TCGACATTAGAGATG,ATG,-4.40793,8,TRUE,FALSE,-2.20793,5
NZ_CP025209.1,CDS,266261,266770,-,ID=gene-AL06_RS01425;Dbxref=GeneID:69498627;Name=AL06_RS01425;gbkey=Gene;gene_biotype=protein_coding;locus_tag=AL06_RS01425;old_locus_tag=CXF52_RS01420,AL06_RS01425,protein_coding,267567,268970,264902,265654,FALSE,FALSE,CTTTATGAAATGAGA,AAGATTGCAAGGATG,ATG,-0.359835,6,FALSE,TRUE,-4.40793,8
NZ_CP025209.1,CDS,267567,268970,-,ID=gene-AL06_RS01435;Dbxref=GeneID:69498629;Name=AL06_RS01435;gbkey=Gene;gene_biotype=protein_coding;locus_tag=AL06_RS01435;old_locus_tag=CXF52_RS01430,AL06_RS01435,protein_coding,269161,269496,266261,266770,FALSE,FALSE,GAGTAAGAAGACCAG,CTTTATGAAATGAGA,ATG,-0.559835000000001,17,FALSE,FALSE,-0.359835,6
NZ_CP025209.1,CDS,269161,269496,-,ID=gene-AL06_RS01440;Dbxref=GeneID:69498630;Name=AL06_RS01440;gbkey=Gene;gene_biotype=protein_coding;locus_tag=AL06_RS01440;old_locus_tag=CXF52_RS01435,AL06_RS01440,protein_coding,270535,272187,267567,268970,FALSE,FALSE,CTTGTAGGGCATATT,GAGTAAGAAGACCAG,ATG,-4.256165,12,TRUE,FALSE,-0.559835000000001,17
NZ_CP025209.1,CDS,270039,270167,+,ID=gene-AL06_RS12390;Dbxref=GeneID:77100350;Name=AL06_RS12390;gbkey=Gene;gene_biotype=protein_coding;locus_tag=AL06_RS12390,AL06_RS12390,protein_coding,264109,264807,272317,273105,FALSE,FALSE,GGGAGGCTTGAAAAA,TCAAGTAGAAAACTT,TTG,-8.39374,14,TRUE,FALSE,0.9151,16
NZ_CP025209.1,CDS,270535,272187,-,ID=gene-AL06_RS01455;Dbxref=GeneID:69498631;Name=AL06_RS01455;gbkey=Gene;gene_biotype=protein_coding;locus_tag=AL06_RS01455;old_locus_tag=CXF52_RS01450,AL06_RS01455,protein_coding,273069,273941,269161,269496,FALSE,FALSE,TTATAGGAGTTTTCC,CTTGTAGGGCATATT,ATG,-6.568055,12,TRUE,TRUE,-4.256165,12
NZ_CP025209.1,CDS,272317,273105,+,ID=gene-AL06_RS01460;Dbxref=GeneID:69498632;Name=AL06_RS01460;gbkey=Gene;gene_biotype=protein_coding;locus_tag=AL06_RS01460;old_locus_tag=CXF52_RS01455,AL06_RS01460,protein_coding,270039,270167,281316,282725,FALSE,FALSE,TCAAGTAGAAAACTT,GCACGTATCCTAGGA,ATG,0.9151,16,FALSE,TRUE,-4.30793,6
NZ_CP025209.1,CDS,273069,273941,-,ID=gene-AL06_RS01465;Dbxref=GeneID:69498633;Name=rfbA;gbkey=Gene;gene=rfbA;gene_biotype=protein_coding;locus_tag=AL06_RS01465;old_locus_tag=CXF52_RS01460,rfbA,protein_coding,273953,275299,270535,272187,FALSE,FALSE,CCAAGTAGGCTTAGG,TTATAGGAGTTTTCC,ATG,-8.01615,6,TRUE,TRUE,-6.568055,12
NZ_CP025209.1,CDS,273953,275299,-,ID=gene-AL06_RS01470;Dbxref=GeneID:69498634;Name=rfbD;gbkey=Gene;gene=rfbD;gene_biotype=protein_coding;locus_tag=AL06_RS01470;old_locus_tag=CXF52_RS01465,rfbD,protein_coding,275338,276330,273069,273941,FALSE,FALSE,TTGATTGAAGGGATA,CCAAGTAGGCTTAGG,ATG,-4.456165,9,TRUE,TRUE,-8.01615,6
NZ_CP025209.1,CDS,275338,276330,-,ID=gene-AL06_RS01475;Dbxref=GeneID:69498635;Name=rfbB;gbkey=Gene;gene=rfbB;gene_biotype=protein_coding;locus_tag=AL06_RS01475;old_locus_tag=CXF52_RS01470,rfbB,protein_coding,276351,277703,273953,275299,FALSE,FALSE,ATCGATGGCTGTGAA,TTGATTGAAGGGATA,ATG,0.827129999999999,12,FALSE,TRUE,-4.456165,9
NZ_CP025209.1,CDS,276351,277703,-,ID=gene-AL06_RS01480;Dbxref=GeneID:69498636;Name=AL06_RS01480;gbkey=Gene;gene_biotype=protein_coding;locus_tag=AL06_RS01480;old_locus_tag=CXF52_RS01475,AL06_RS01480,protein_coding,277700,279694,275338,276330,TRUE,FALSE,ACGCATTGGGAGGCG,ATCGATGGCTGTGAA,GTG,-8.39374,7,TRUE,FALSE,0.827129999999999,12
NZ_CP025209.1,CDS,277700,279694,-,ID=gene-AL06_RS01485;Dbxref=GeneID:69498637;Name=AL06_RS01485;gbkey=Gene;gene_biotype=protein_coding;locus_tag=AL06_RS01485;old_locus_tag=CXF52_RS01480,AL06_RS01485,protein_coding,279782,280849,276351,277703,FALSE,TRUE,AGGAAAGGACACGCC,ACGCATTGGGAGGCG,ATG,-6.11615,12,TRUE,TRUE,-8.39374,7
NZ_CP025209.1,CDS,279782,280849,-,ID=gene-AL06_RS01490;Dbxref=GeneID:69498638;Name=AL06_RS01490;gbkey=Gene;gene_biotype=protein_coding;locus_tag=AL06_RS01490;old_locus_tag=CXF52_RS01485,AL06_RS01490,protein_coding,282934,284358,277700,279694,FALSE,FALSE,GGAAGTCTTAAAAGT,AGGAAAGGACACGCC,ATG,-1.347805,17,FALSE,TRUE,-6.11615,12
NZ_CP025209.1,CDS,281316,282725,+,ID=gene-AL06_RS01495;Dbxref=GeneID:69498639;Name=lpdA;gbkey=Gene;gene=lpdA;gene_biotype=protein_coding;locus_tag=AL06_RS01495;old_locus_tag=CXF52_RS01490,lpdA,protein_coding,272317,273105,284808,285566,FALSE,FALSE,GCACGTATCCTAGGA,TAGCGACACTGGAGG,GTG,-4.30793,6,TRUE,TRUE,-8.556025,5
NZ_CP025209.1,CDS,282934,284358,-,ID=gene-AL06_RS01505;Dbxref=GeneID:69498640;Name=ramB;gbkey=Gene;gene=ramB;gene_biotype=protein_coding;locus_tag=AL06_RS01505;old_locus_tag=CXF52_RS01500,ramB,protein_coding,291023,291766,279782,280849,FALSE,FALSE,TCACGTAGTGTAGAA,GGAAGTCTTAAAAGT,ATG,1.1151,13,FALSE,FALSE,-1.347805,17
NZ_CP025209.1,CDS,284808,285566,+,ID=gene-AL06_RS01510;Dbxref=GeneID:69498641;Name=AL06_RS01510;gbkey=Gene;gene_biotype=protein_coding;locus_tag=AL06_RS01510;old_locus_tag=CXF52_RS01505,AL06_RS01510,protein_coding,281316,282725,285585,287600,FALSE,FALSE,TAGCGACACTGGAGG,GGGGAGAAGGTAAAT,ATG,-8.556025,5,TRUE,TRUE,-7.290705,9
NZ_CP025209.1,CDS,285585,287600,+,ID=gene-AL06_RS01515;Dbxref=GeneID:69498642;Name=AL06_RS01515;gbkey=Gene;gene_biotype=protein_coding;locus_tag=AL06_RS01515;old_locus_tag=CXF52_RS01510,AL06_RS01515,protein_coding,284808,285566,287600,288349,FALSE,TRUE,GGGGAGAAGGTAAAT,TGACAAGGAATTACA,ATG,-7.290705,9,TRUE,TRUE,-4.40793,12
NZ_CP025209.1,CDS,287600,288349,+,ID=gene-AL06_RS01520;Dbxref=GeneID:69498643;Name=AL06_RS01520;gbkey=Gene;gene_biotype=protein_coding;locus_tag=AL06_RS01520;old_locus_tag=CXF52_RS01515,AL06_RS01520,protein_coding,285585,287600,288426,288776,TRUE,FALSE,TGACAAGGAATTACA,ACATAGAAAGGCAAG,ATG,-4.40793,12,TRUE,TRUE,-4.468055,6
NZ_CP025209.1,CDS,288426,288776,+,ID=gene-AL06_RS01525;Dbxref=GeneID:69498644;Name=AL06_RS01525;gbkey=Gene;gene_biotype=protein_coding;locus_tag=AL06_RS01525;old_locus_tag=CXF52_RS01520,AL06_RS01525,protein_coding,287600,288349,288975,290243,FALSE,FALSE,ACATAGAAAGGCAAG,GCGTGGGATAATAGT,ATG,-4.468055,6,TRUE,FALSE,-2.78552,12
NZ_CP025209.1,CDS,288975,290243,+,ID=gene-AL06_RS01530;Dbxref=GeneID:69498645;Name=AL06_RS01530;gbkey=Gene;gene_biotype=protein_coding;locus_tag=AL06_RS01530;old_locus_tag=CXF52_RS01525,AL06_RS01530,protein_coding,288426,288776,290256,290531,FALSE,FALSE,GCGTGGGATAATAGT,ACTATAAATAAGGCG,ATG,-2.78552,12,FALSE,FALSE,-2.332995,8
NZ_CP025209.1,CDS,290256,290531,+,ID=gene-AL06_RS01535;Dbxref=GeneID:69498646;Name=AL06_RS01535;gbkey=Gene;gene_biotype=protein_coding;locus_tag=AL06_RS01535;old_locus_tag=CXF52_RS01530,AL06_RS01535,protein_coding,288975,290243,290571,291026,FALSE,FALSE,ACTATAAATAAGGCG,CAGTGGCCCCGAGGC,ATG,-2.332995,8,FALSE,TRUE,-3.60793,6
NZ_CP025209.1,CDS,290571,291026,+,ID=gene-AL06_RS01540;Dbxref=GeneID:69498647;Name=AL06_RS01540;gbkey=Gene;gene_biotype=protein_coding;locus_tag=AL06_RS01540;old_locus_tag=CXF52_RS01535,AL06_RS01540,protein_coding,290256,290531,296830,297933,FALSE,FALSE,CAGTGGCCCCGAGGC,ACAGACTACCTTTAA,GTG,-3.60793,6,TRUE,FALSE,1.2151,17
NZ_CP025209.1,CDS,291023,291766,-,ID=gene-AL06_RS01545;Dbxref=GeneID:69498648;Name=AL06_RS01545;gbkey=Gene;gene_biotype=protein_coding;locus_tag=AL06_RS01545;old_locus_tag=CXF52_RS01540,AL06_RS01545,protein_coding,291772,292647,282934,284358,FALSE,FALSE,TGACCGTCTACTAGC,TCACGTAGTGTAGAA,ATG,1.1151,7,FALSE,FALSE,1.1151,13
NZ_CP025209.1,CDS,291772,292647,-,ID=gene-AL06_RS01550;Dbxref=GeneID:69498649;Name=pflA;gbkey=Gene;gene=pflA;gene_biotype=protein_coding;locus_tag=AL06_RS01550;old_locus_tag=CXF52_RS01545,pflA,protein_coding,292726,292977,291023,291766,FALSE,FALSE,CGAAAGGAATCCCTC,TGACCGTCTACTAGC,ATG,-4.40793,13,TRUE,FALSE,1.1151,7
NZ_CP025209.1,CDS,292726,292977,-,ID=gene-AL06_RS01555;Dbxref=GeneID:69498650;Name=grcA2;gbkey=Gene;gene=grcA2;gene_biotype=protein_coding;locus_tag=AL06_RS01555;old_locus_tag=CXF52_RS01550,grcA2,protein_coding,293027,295123,291772,292647,FALSE,FALSE,ACAGAATTCGGAGAA,CGAAAGGAATCCCTC,ATG,-3.60793,7,TRUE,TRUE,-4.40793,13
NZ_CP025209.1,CDS,293027,295123,-,ID=gene-AL06_RS01560;Dbxref=GeneID:69498651;Name=pflB;gbkey=Gene;gene=pflB;gene_biotype=protein_coding;locus_tag=AL06_RS01560;old_locus_tag=CXF52_RS01555,pflB,protein_coding,295475,296287,292726,292977,FALSE,FALSE,AAGGAAGGGCTCATA,ACAGAATTCGGAGAA,ATG,-6.91615,12,TRUE,TRUE,-3.60793,7
NZ_CP025209.1,CDS,295475,296287,-,ID=gene-AL06_RS01565;Dbxref=GeneID:69498652;Name=AL06_RS01565;gbkey=Gene;gene_biotype=protein_coding;locus_tag=AL06_RS01565;old_locus_tag=CXF52_RS01560,AL06_RS01565,protein_coding,296303,296806,293027,295123,FALSE,FALSE,CTAATTTCGCGGGGT,AAGGAAGGGCTCATA,ATG,-4.467295,5,TRUE,TRUE,-6.91615,12
NZ_CP025209.1,CDS,296303,296806,-,ID=gene-AL06_RS01570;Dbxref=GeneID:69498653;Name=AL06_RS01570;gbkey=Gene;gene_biotype=protein_coding;locus_tag=AL06_RS01570;old_locus_tag=CXF52_RS01565,AL06_RS01570,protein_coding,298000,299706,295475,296287,FALSE,FALSE,TTAAAGGTAGTCTGT,CTAATTTCGCGGGGT,ATG,-4.24969,6,TRUE,TRUE,-4.467295,5
NZ_CP025209.1,CDS,296830,297933,+,ID=gene-AL06_RS01575;Dbxref=GeneID:69498654;Name=AL06_RS01575;gbkey=Gene;gene_biotype=protein_coding;locus_tag=AL06_RS01575;old_locus_tag=CXF52_RS01570,AL06_RS01575,protein_coding,290571,291026,301561,302835,FALSE,FALSE,ACAGACTACCTTTAA,GGCGCCTAGAATGAT,GTG,1.2151,17,FALSE,FALSE,0.727129999999998,18
NZ_CP025209.1,CDS,298000,299706,-,ID=gene-AL06_RS01580;Dbxref=GeneID:69498655;Name=AL06_RS01580;gbkey=Gene;gene_biotype=protein_coding;locus_tag=AL06_RS01580;old_locus_tag=CXF52_RS01575,AL06_RS01580,protein_coding,299768,301468,296303,296806,FALSE,FALSE,CTAAAACGAAAGGCC,TTAAAGGTAGTCTGT,ATG,-2.332995,8,FALSE,TRUE,-4.24969,6
NZ_CP025209.1,CDS,299768,301468,-,ID=gene-AL06_RS01585;Dbxref=GeneID:69498656;Name=AL06_RS01585;gbkey=Gene;gene_biotype=protein_coding;locus_tag=AL06_RS01585;old_locus_tag=CXF52_RS01580,AL06_RS01585,protein_coding,305449,306318,298000,299706,FALSE,FALSE,CGAGGATCGAAGGGA,CTAAAACGAAAGGCC,ATG,-5.21615,8,TRUE,FALSE,-2.332995,8
NZ_CP025209.1,CDS,301561,302835,+,ID=gene-AL06_RS01590;Dbxref=GeneID:69498657;Name=mshA;gbkey=Gene;gene=mshA;gene_biotype=protein_coding;locus_tag=AL06_RS01590;old_locus_tag=CXF52_RS01585,mshA,protein_coding,296830,297933,302894,303640,FALSE,FALSE,GGCGCCTAGAATGAT,CGTGGCAAACTTGAC,ATG,0.727129999999998,18,FALSE,FALSE,0.827129999999999,15
NZ_CP025209.1,CDS,302894,303640,+,ID=gene-AL06_RS01595;Dbxref=GeneID:69498658;Name=AL06_RS01595;gbkey=Gene;gene_biotype=protein_coding;locus_tag=AL06_RS01595;old_locus_tag=CXF52_RS01590,AL06_RS01595,protein_coding,301561,302835,303652,304800,FALSE,FALSE,CGTGGCAAACTTGAC,CTAAGTAGTAGCGAG,ATG,0.827129999999999,15,FALSE,FALSE,-1.159835,5
NZ_CP025209.1,CDS,303652,304800,+,ID=gene-AL06_RS01600;Dbxref=GeneID:69498659;Name=AL06_RS01600;gbkey=Gene;gene_biotype=protein_coding;locus_tag=AL06_RS01600;old_locus_tag=CXF52_RS01595,AL06_RS01600,protein_coding,302894,303640,304806,305486,FALSE,FALSE,CTAAGTAGTAGCGAG,GCCGAAAGGATTAGA,GTG,-1.159835,5,FALSE,TRUE,-4.40793,11
NZ_CP025209.1,CDS,304806,305486,+,ID=gene-AL06_RS01605;Dbxref=GeneID:69498660;Name=AL06_RS01605;gbkey=Gene;gene_biotype=protein_coding;locus_tag=AL06_RS01605;old_locus_tag=CXF52_RS01600,AL06_RS01605,protein_coding,303652,304800,306351,306578,FALSE,FALSE,GCCGAAAGGATTAGA,ACCGTCTAACCTAAA,ATG,-4.40793,11,TRUE,FALSE,1.77826,15
NZ_CP025209.1,CDS,305449,306318,-,ID=gene-AL06_RS01610;Dbxref=GeneID:69498661;Name=AL06_RS01610;gbkey=Gene;gene_biotype=protein_coding;locus_tag=AL06_RS01610;old_locus_tag=CXF52_RS01605,AL06_RS01610,protein_coding,309704,310747,299768,301468,FALSE,FALSE,GACGGTATAGCCTAA,CGAGGATCGAAGGGA,GTG,-1.569835,14,FALSE,TRUE,-5.21615,8
NZ_CP025209.1,CDS,306351,306578,+,ID=gene-AL06_RS01615;Dbxref=GeneID:69498662;Name=AL06_RS01615;gbkey=Gene;gene_biotype=protein_coding;locus_tag=AL06_RS01615;old_locus_tag=CXF52_RS01610,AL06_RS01615,protein_coding,304806,305486,306584,307207,FALSE,FALSE,ACCGTCTAACCTAAA,AAGGAGATGAGTAGG,GTG,1.77826,15,FALSE,TRUE,-8.213115,9
NZ_CP025209.1,CDS,306584,307207,+,ID=gene-AL06_RS01620;Dbxref=GeneID:69498663;Name=AL06_RS01620;gbkey=Gene;gene_biotype=protein_coding;locus_tag=AL06_RS01620;old_locus_tag=CXF52_RS01615,AL06_RS01620,protein_coding,306351,306578,307250,308053,FALSE,FALSE,AAGGAGATGAGTAGG,TCGTGGCAGAGTGTT,ATG,-8.213115,9,TRUE,FALSE,-2.004895,6
NZ_CP025209.1,CDS,307250,308053,+,ID=gene-AL06_RS01625;Dbxref=GeneID:69498664;Name=proC;gbkey=Gene;gene=proC;gene_biotype=protein_coding;locus_tag=AL06_RS01625;old_locus_tag=CXF52_RS01620,proC,protein_coding,306584,307207,308309,308500,FALSE,FALSE,TCGTGGCAGAGTGTT,GTTGAAGGGTTAGGT,ATG,-2.004895,6,FALSE,TRUE,-8.14969,6
NZ_CP025209.1,CDS,308309,308500,+,ID=gene-AL06_RS01630;Dbxref=GeneID:69498665;Name=AL06_RS01630;gbkey=Gene;gene_biotype=protein_coding;locus_tag=AL06_RS01630;old_locus_tag=CXF52_RS01625,AL06_RS01630,protein_coding,307250,308053,308688,308789,FALSE,FALSE,GTTGAAGGGTTAGGT,TGAAGCGAGGGAAAC,ATG,-8.14969,6,TRUE,TRUE,-4.456165,10
NZ_CP025209.1,CDS,308688,308789,+,ID=gene-AL06_RS01635;Dbxref=GeneID:69498666;Name=AL06_RS01635;gbkey=Gene;gene_biotype=protein_coding;locus_tag=AL06_RS01635;old_locus_tag=CXF52_RS01630,AL06_RS01635,protein_coding,308309,308500,308869,309738,FALSE,FALSE,TGAAGCGAGGGAAAC,GAAGAGCGTTTAGGA,ATG,-4.456165,10,TRUE,TRUE,-4.30793,6
NZ_CP025209.1,CDS,308869,309738,+,ID=gene-AL06_RS01640;Dbxref=GeneID:69498667;Name=AL06_RS01640;gbkey=Gene;gene_biotype=protein_coding;locus_tag=AL06_RS01640;old_locus_tag=CXF52_RS01635,AL06_RS01640,protein_coding,308688,308789,310819,311055,FALSE,FALSE,GAAGAGCGTTTAGGA,TAACTGTGAAGAGGT,ATG,-4.30793,6,TRUE,TRUE,-5.24147,5
NZ_CP025209.1,CDS,309704,310747,-,ID=gene-AL06_RS01645;Dbxref=GeneID:69498668;Name=AL06_RS01645;gbkey=Gene;gene_biotype=protein_coding;locus_tag=AL06_RS01645;old_locus_tag=CXF52_RS01640,AL06_RS01645,protein_coding,319072,320190,305449,306318,FALSE,FALSE,GAAAGGCGTGAACGG,GACGGTATAGCCTAA,GTG,-2.332995,15,FALSE,FALSE,-1.569835,14
NZ_CP025209.1,CDS,310819,311055,+,ID=gene-AL06_RS01650;Dbxref=GeneID:69498669;Name=AL06_RS01650;gbkey=Gene;gene_biotype=protein_coding;locus_tag=AL06_RS01650;old_locus_tag=CXF52_RS01645,AL06_RS01650,protein_coding,308869,309738,311172,312488,FALSE,FALSE,TAACTGTGAAGAGGT,CGAGCGGAAAGGTGA,ATG,-5.24147,5,TRUE,TRUE,-6.05299,7
NZ_CP025209.1,CDS,311172,312488,+,ID=gene-AL06_RS01655;Dbxref=GeneID:69498670;Name=AL06_RS01655;gbkey=Gene;gene_biotype=protein_coding;locus_tag=AL06_RS01655;old_locus_tag=CXF52_RS01650,AL06_RS01655,protein_coding,310819,311055,312485,313369,FALSE,TRUE,CGAGCGGAAAGGTGA,CGGAAAGGATTAACA,GTG,-6.05299,7,TRUE,TRUE,-4.40793,12
NZ_CP025209.1,CDS,312485,313369,+,ID=gene-AL06_RS01660;Dbxref=GeneID:69498671;Name=hemC;gbkey=Gene;gene=hemC;gene_biotype=protein_coding;locus_tag=AL06_RS01660;old_locus_tag=CXF52_RS01655,hemC,protein_coding,311172,312488,313430,315100,TRUE,FALSE,CGGAAAGGATTAACA,ATCGGCAGCACGCCT,ATG,-4.40793,12,TRUE,FALSE,0.827129999999999,15
NZ_CP025209.1,CDS,313430,315100,+,ID=gene-AL06_RS01665;Dbxref=GeneID:69498672;Name=AL06_RS01665;gbkey=Gene;gene_biotype=protein_coding;locus_tag=AL06_RS01665;old_locus_tag=CXF52_RS01660,AL06_RS01665,protein_coding,312485,313369,315097,316089,FALSE,TRUE,ATCGGCAGCACGCCT,AATCTAAGGAAGGTG,ATG,0.827129999999999,15,FALSE,TRUE,-8.413115,7
NZ_CP025209.1,CDS,315097,316089,+,ID=gene-AL06_RS01670;Dbxref=GeneID:69498673;Name=hemB;gbkey=Gene;gene=hemB;gene_biotype=protein_coding;locus_tag=AL06_RS01670;old_locus_tag=CXF52_RS01665,hemB,protein_coding,313430,315100,316103,316585,TRUE,FALSE,AATCTAAGGAAGGTG,CTTTAAGGGAGCGCG,ATG,-8.413115,7,TRUE,TRUE,-6.59374,5
NZ_CP025209.1,CDS,316103,316585,+,ID=gene-AL06_RS01675;Dbxref=GeneID:69498674;Name=AL06_RS01675;gbkey=Gene;gene_biotype=protein_coding;locus_tag=AL06_RS01675;old_locus_tag=CXF52_RS01670,AL06_RS01675,protein_coding,315097,316089,316578,319094,FALSE,TRUE,CTTTAAGGGAGCGCG,CTGGAGTGGGGTGTG,GTG,-6.59374,5,TRUE,TRUE,-5.13072,8
NZ_CP025209.1,CDS,316578,319094,+,ID=gene-AL06_RS01680;Dbxref=GeneID:69498675;Name=AL06_RS01680;gbkey=Gene;gene_biotype=protein_coding;locus_tag=AL06_RS01680;old_locus_tag=CXF52_RS01675,AL06_RS01680,protein_coding,316103,316585,320253,321290,TRUE,FALSE,CTGGAGTGGGGTGTG,TATCATCCAAAAGTT,GTG,-5.13072,8,TRUE,FALSE,0.9151,8
NZ_CP025209.1,CDS,319072,320190,-,ID=gene-AL06_RS01685;Dbxref=GeneID:69498676;Name=AL06_RS01685;gbkey=Gene;gene_biotype=protein_coding;locus_tag=AL06_RS01685;old_locus_tag=CXF52_RS01680,AL06_RS01685,protein_coding,328466,328735,309704,310747,FALSE,FALSE,ATGCCTTAGTATCTA,GAAAGGCGTGAACGG,ATG,1.1151,12,FALSE,FALSE,-2.332995,15
NZ_CP025209.1,CDS,320253,321290,+,ID=gene-AL06_RS01690;Dbxref=GeneID:69498677;Name=hemE;gbkey=Gene;gene=hemE;gene_biotype=protein_coding;locus_tag=AL06_RS01690;old_locus_tag=CXF52_RS01685,hemE,protein_coding,316578,319094,321306,322658,FALSE,FALSE,TATCATCCAAAAGTT,CTAGAGAAGGACTTT,ATG,0.9151,8,FALSE,TRUE,-4.40793,10
NZ_CP025209.1,CDS,321306,322658,+,ID=gene-AL06_RS01695;Dbxref=GeneID:69498678;Name=AL06_RS01695;gbkey=Gene;gene_biotype=protein_coding;locus_tag=AL06_RS01695;old_locus_tag=CXF52_RS01690,AL06_RS01695,protein_coding,320253,321290,322714,324006,FALSE,FALSE,CTAGAGAAGGACTTT,GTCGGATAGGATGGT,GTG,-4.40793,10,TRUE,TRUE,-7.54969,6
NZ_CP025209.1,CDS,322714,324006,+,ID=gene-AL06_RS01700;Dbxref=GeneID:69498679;Name=hemL;gbkey=Gene;gene=hemL;gene_biotype=protein_coding;locus_tag=AL06_RS01700;old_locus_tag=CXF52_RS01695,hemL,protein_coding,321306,322658,324003,324611,FALSE,TRUE,GTCGGATAGGATGGT,AAGCCGCAGGAAAGG,ATG,-7.54969,6,TRUE,TRUE,-8.31615,6
NZ_CP025209.1,CDS,324003,324611,+,ID=gene-AL06_RS01705;Dbxref=GeneID:69498680;Name=AL06_RS01705;gbkey=Gene;gene_biotype=protein_coding;locus_tag=AL06_RS01705;old_locus_tag=CXF52_RS01700,AL06_RS01705,protein_coding,322714,324006,324612,325172,TRUE,FALSE,AAGCCGCAGGAAAGG,ACCAGCGCAGGAGAT,ATG,-8.31615,6,TRUE,TRUE,-6.468055,8
NZ_CP025209.1,CDS,324612,325172,+,ID=gene-AL06_RS01710;Dbxref=GeneID:69498681;Name=AL06_RS01710;gbkey=Gene;gene_biotype=protein_coding;locus_tag=AL06_RS01710;old_locus_tag=CXF52_RS01705,AL06_RS01710,protein_coding,324003,324611,325169,325960,FALSE,TRUE,ACCAGCGCAGGAGAT,AGGTTATTGATTCTC,ATG,-6.468055,8,TRUE,TRUE,-4.02996,16
NZ_CP025209.1,CDS,325169,325960,+,ID=gene-AL06_RS01715;Dbxref=GeneID:69498682;Name=AL06_RS01715;gbkey=Gene;gene_biotype=protein_coding;locus_tag=AL06_RS01715;old_locus_tag=CXF52_RS01710,AL06_RS01715,protein_coding,324612,325172,325969,327561,TRUE,FALSE,AGGTTATTGATTCTC,CGTTGATTTAAGAGG,ATG,-4.02996,16,TRUE,TRUE,-5.30793,5
NZ_CP025209.1,CDS,325969,327561,+,ID=gene-AL06_RS01720;Dbxref=GeneID:69498683;Name=AL06_RS01720;gbkey=Gene;gene_biotype=protein_coding;locus_tag=AL06_RS01720;old_locus_tag=CXF52_RS01715,AL06_RS01720,protein_coding,325169,325960,327570,328469,FALSE,FALSE,CGTTGATTTAAGAGG,TAGGGAGATAAGAGG,ATG,-5.30793,5,TRUE,TRUE,-6.21615,6
NZ_CP025209.1,CDS,327570,328469,+,ID=gene-AL06_RS01725;Dbxref=GeneID:69498684;Name=ccsB;gbkey=Gene;gene=ccsB;gene_biotype=protein_coding;locus_tag=AL06_RS01725;old_locus_tag=CXF52_RS01720,ccsB,protein_coding,325969,327561,328962,329303,FALSE,FALSE,TAGGGAGATAAGAGG,GAGAATAATGAGTCG,ATG,-6.21615,6,TRUE,FALSE,-2.20793,5
NZ_CP025209.1,CDS,328466,328735,-,ID=gene-AL06_RS01730;Dbxref=GeneID:69498685;Name=AL06_RS01730;gbkey=Gene;gene_biotype=protein_coding;locus_tag=AL06_RS01730;old_locus_tag=CXF52_RS01725,AL06_RS01730,protein_coding,328775,328963,319072,320190,FALSE,FALSE,TTGCCTATATAGTTC,ATGCCTTAGTATCTA,ATG,1.1151,9,FALSE,FALSE,1.1151,12
NZ_CP025209.1,CDS,328775,328963,-,ID=gene-AL06_RS01735;Dbxref=GeneID:69498686;Name=AL06_RS01735;gbkey=Gene;gene_biotype=protein_coding;locus_tag=AL06_RS01735;old_locus_tag=CXF52_RS01730,AL06_RS01735,protein_coding,329278,330141,328466,328735,FALSE,FALSE,CCTACCGGAAAAGGA,TTGCCTATATAGTTC,ATG,-4.50793,6,TRUE,FALSE,1.1151,9
NZ_CP025209.1,CDS,328962,329303,+,ID=gene-AL06_RS01740;Dbxref=GeneID:69498687;Name=AL06_RS01740;gbkey=Gene;gene_biotype=protein_coding;locus_tag=AL06_RS01740;old_locus_tag=CXF52_RS01735,AL06_RS01740,protein_coding,327570,328469,330283,331392,FALSE,FALSE,GAGAATAATGAGTCG,GTGATTTTAAGGGGG,ATG,-2.20793,5,FALSE,TRUE,-10.941975,6
NZ_CP025209.1,CDS,329278,330141,-,ID=gene-AL06_RS01745;Dbxref=GeneID:69498688;Name=AL06_RS01745;gbkey=Gene;gene_biotype=protein_coding;locus_tag=AL06_RS01745;old_locus_tag=CXF52_RS01740,AL06_RS01745,protein_coding,331352,332461,328775,328963,FALSE,FALSE,CAATGGAAGAATAGA,CCTACCGGAAAAGGA,ATG,-1.247805,13,FALSE,TRUE,-4.50793,6
NZ_CP025209.1,CDS,330283,331392,+,ID=gene-AL06_RS01750;Dbxref=GeneID:69498689;Name=AL06_RS01750;gbkey=Gene;gene_biotype=protein_coding;locus_tag=AL06_RS01750;old_locus_tag=CXF52_RS01745,AL06_RS01750,protein_coding,328962,329303,333343,334305,FALSE,FALSE,GTGATTTTAAGGGGG,AAGTTCTGGATTCAT,ATG,-10.941975,6,TRUE,FALSE,-1.247805,10
NZ_CP025209.1,CDS,331352,332461,-,ID=gene-AL06_RS01755;Dbxref=GeneID:69498690;Name=menE;gbkey=Gene;gene=menE;gene_biotype=protein_coding;locus_tag=AL06_RS01755;old_locus_tag=CXF52_RS01750,menE,protein_coding,332472,333338,329278,330141,FALSE,FALSE,TACTTCTAAAATTTT,CAATGGAAGAATAGA,ATG,3.775225,19,FALSE,FALSE,-1.247805,13
NZ_CP025209.1,CDS,332472,333338,-,ID=gene-AL06_RS01760;Dbxref=GeneID:69498691;Name=AL06_RS01760;gbkey=Gene;gene_biotype=protein_coding;locus_tag=AL06_RS01760;old_locus_tag=CXF52_RS01755,AL06_RS01760,protein_coding,337862,338812,331352,332461,FALSE,FALSE,GGCGACTATAGTCAC,TACTTCTAAAATTTT,ATG,0.727129999999998,18,FALSE,FALSE,3.775225,19
NZ_CP025209.1,CDS,333343,334305,+,ID=gene-AL06_RS01765;Dbxref=GeneID:69498692;Name=AL06_RS01765;gbkey=Gene;gene_biotype=protein_coding;locus_tag=AL06_RS01765;old_locus_tag=CXF52_RS01760,AL06_RS01765,protein_coding,330283,331392,334289,335818,FALSE,TRUE,AAGTTCTGGATTCAT,GGCGCGTTAGAATGT,GTG,-1.247805,10,FALSE,FALSE,0.727129999999998,18
NZ_CP025209.1,CDS,334289,335818,+,ID=gene-AL06_RS01770;Dbxref=GeneID:69498693;Name=menD;gbkey=Gene;gene=menD;gene_biotype=protein_coding;locus_tag=AL06_RS01770;old_locus_tag=CXF52_RS01765,menD,protein_coding,333343,334305,335815,336207,TRUE,TRUE,GGCGCGTTAGAATGT,TTGATAAGGCTCTCA,ATG,0.727129999999998,18,FALSE,FALSE,-2.332995,12
NZ_CP025209.1,CDS,335815,336207,+,ID=gene-AL06_RS01775;Dbxref=GeneID:69498694;Name=AL06_RS01775;gbkey=Gene;gene_biotype=protein_coding;locus_tag=AL06_RS01775;old_locus_tag=CXF52_RS01770,AL06_RS01775,protein_coding,334289,335818,336204,337208,TRUE,TRUE,TTGATAAGGCTCTCA,GGTGGATCGTGGGCC,GTG,-2.332995,12,FALSE,FALSE,-2.656025,8
NZ_CP025209.1,CDS,336204,337208,+,ID=gene-AL06_RS01780;Dbxref=GeneID:69498695;Name=AL06_RS01780;gbkey=Gene;gene_biotype=protein_coding;locus_tag=AL06_RS01780;old_locus_tag=CXF52_RS01775,AL06_RS01780,protein_coding,335815,336207,337186,337875,TRUE,TRUE,GGTGGATCGTGGGCC,GTTGTTACACTGGAC,GTG,-2.656025,8,FALSE,FALSE,-1.247805,6
NZ_CP025209.1,CDS,337186,337875,+,ID=gene-AL06_RS01785;Dbxref=GeneID:69498696;Name=AL06_RS01785;gbkey=Gene;gene_biotype=protein_coding;locus_tag=AL06_RS01785;old_locus_tag=CXF52_RS01780,AL06_RS01785,protein_coding,336204,337208,340107,341099,TRUE,FALSE,GTTGTTACACTGGAC,AGACAAAGGTAGTTG,GTG,-1.247805,6,FALSE,TRUE,-4.71615,6
NZ_CP025209.1,CDS,337862,338812,-,ID=gene-AL06_RS01790;Dbxref=GeneID:69498697;Name=AL06_RS01790;gbkey=Gene;gene_biotype=protein_coding;locus_tag=AL06_RS01790;old_locus_tag=CXF52_RS01785,AL06_RS01790,protein_coding,338823,340025,332472,333338,FALSE,FALSE,TGGGACTAAGCTCGA,GGCGACTATAGTCAC,ATG,-2.78552,15,FALSE,FALSE,0.727129999999998,18
NZ_CP025209.1,CDS,338823,340025,-,ID=gene-AL06_RS01795;Dbxref=GeneID:69498698;Name=AL06_RS01795;gbkey=Gene;gene_biotype=protein_coding;locus_tag=AL06_RS01795;old_locus_tag=CXF52_RS01790,AL06_RS01795,protein_coding,362565,363281,337862,338812,FALSE,FALSE,TCTACACATACATGC,TGGGACTAAGCTCGA,ATG,3.775225,17,FALSE,FALSE,-2.78552,15
NZ_CP025209.1,CDS,340107,341099,+,ID=gene-AL06_RS01800;Dbxref=GeneID:69498699;Name=AL06_RS01800;gbkey=Gene;gene_biotype=protein_coding;locus_tag=AL06_RS01800;old_locus_tag=CXF52_RS01795,AL06_RS01800,protein_coding,337186,337875,341151,341232,FALSE,FALSE,AGACAAAGGTAGTTG,GCTAAATTTTATCAA,ATG,-4.71615,6,TRUE,FALSE,3.775225,17
NZ_CP025209.1,tRNA,341151,341232,+,ID=gene-AL06_RS01805;Dbxref=GeneID:69498700;Name=AL06_RS01805;gbkey=Gene;gene_biotype=tRNA;locus_tag=AL06_RS01805;old_locus_tag=CXF52_RS01800,AL06_RS01805,tRNA,340107,341099,341424,341496,FALSE,FALSE,GCTAAATTTTATCAA,CACAATCTAAAGAGG,GCC,3.775225,17,FALSE,TRUE,-5.30793,5
NZ_CP025209.1,tRNA,341424,341496,+,ID=gene-AL06_RS01810;Dbxref=GeneID:69498701;Name=AL06_RS01810;gbkey=Gene;gene_biotype=tRNA;locus_tag=AL06_RS01810;old_locus_tag=CXF52_RS01805,AL06_RS01810,tRNA,341151,341232,341535,341606,FALSE,FALSE,CACAATCTAAAGAGG,TTACCGGATAAAGGA,GCC,-5.30793,5,TRUE,TRUE,-4.50793,6
NZ_CP025209.1,tRNA,341535,341606,+,ID=gene-AL06_RS01815;Dbxref=GeneID:69498702;Name=AL06_RS01815;gbkey=Gene;gene_biotype=tRNA;locus_tag=AL06_RS01815;old_locus_tag=CXF52_RS01810,AL06_RS01815,tRNA,341424,341496,341635,341707,FALSE,FALSE,TTACCGGATAAAGGA,AGAAATGAAAGAGGC,GGC,-4.50793,6,TRUE,TRUE,-3.60793,6
NZ_CP025209.1,tRNA,341635,341707,+,ID=gene-AL06_RS01820;Dbxref=GeneID:69498703;Name=AL06_RS01820;gbkey=Gene;gene_biotype=tRNA;locus_tag=AL06_RS01820;old_locus_tag=CXF52_RS01815,AL06_RS01820,tRNA,341535,341606,341810,342115,FALSE,FALSE,AGAAATGAAAGAGGC,TTCAACATCAAGGAG,AGG,-3.60793,6,TRUE,TRUE,-7.568055,6
NZ_CP025209.1,CDS,341810,342115,+,ID=gene-AL06_RS01825;Dbxref=GeneID:69498704;Name=secE;gbkey=Gene;gene=secE;gene_biotype=protein_coding;locus_tag=AL06_RS01825;old_locus_tag=CXF52_RS01820,secE,protein_coding,341635,341707,342210,343001,FALSE,FALSE,TTCAACATCAAGGAG,AAAACGAGGAGAATG,GTG,-7.568055,6,TRUE,TRUE,-8.21615,6
NZ_CP025209.1,CDS,342210,343001,+,ID=gene-AL06_RS01830;Dbxref=GeneID:69498705;Name=nusG;gbkey=Gene;gene=nusG;gene_biotype=protein_coding;locus_tag=AL06_RS01830;old_locus_tag=CXF52_RS01825,nusG,protein_coding,341810,342115,343146,343574,FALSE,FALSE,AAAACGAGGAGAATG,ACAAGGAAGAGGTAA,ATG,-8.21615,6,TRUE,TRUE,-8.913115,8
NZ_CP025209.1,CDS,343146,343574,+,ID=gene-AL06_RS01835;Dbxref=GeneID:69498706;Name=rplK;gbkey=Gene;gene=rplK;gene_biotype=protein_coding;locus_tag=AL06_RS01835;old_locus_tag=CXF52_RS01830,rplK,protein_coding,342210,343001,343641,344348,FALSE,FALSE,ACAAGGAAGAGGTAA,CTACTTTTAAGGATT,ATG,-8.913115,8,TRUE,TRUE,-4.40793,8
NZ_CP025209.1,CDS,343641,344348,+,ID=gene-AL06_RS01840;Dbxref=GeneID:69498707;Name=rplA;gbkey=Gene;gene=rplA;gene_biotype=protein_coding;locus_tag=AL06_RS01840;old_locus_tag=CXF52_RS01835,rplA,protein_coding,343146,343574,344660,345175,FALSE,FALSE,CTACTTTTAAGGATT,TGAGGAAGGAGGCGA,ATG,-4.40793,8,TRUE,TRUE,-10.01615,9
NZ_CP025209.1,CDS,344660,345175,+,ID=gene-AL06_RS01845;Dbxref=GeneID:69498708;Name=rplJ;gbkey=Gene;gene=rplJ;gene_biotype=protein_coding;locus_tag=AL06_RS01845;old_locus_tag=CXF52_RS01840,rplJ,protein_coding,343641,344348,345219,345599,FALSE,FALSE,TGAGGAAGGAGGCGA,TACCGAAAGGAACAC,ATG,-10.01615,9,TRUE,TRUE,-4.40793,10
NZ_CP025209.1,CDS,345219,345599,+,ID=gene-AL06_RS01850;Dbxref=GeneID:69498709;Name=rplL;gbkey=Gene;gene=rplL;gene_biotype=protein_coding;locus_tag=AL06_RS01850;old_locus_tag=CXF52_RS01845,rplL,protein_coding,344660,345175,345725,347194,FALSE,FALSE,TACCGAAAGGAACAC,CATATTGGAGGCAGG,ATG,-4.40793,10,TRUE,TRUE,-7.81615,6
NZ_CP025209.1,CDS,345725,347194,+,ID=gene-AL06_RS01855;Dbxref=GeneID:69498710;Name=AL06_RS01855;gbkey=Gene;gene_biotype=protein_coding;locus_tag=AL06_RS01855;old_locus_tag=CXF52_RS01850,AL06_RS01855,protein_coding,345219,345599,347195,348091,FALSE,FALSE,CATATTGGAGGCAGG,ACAATCGGAAGGAAA,GTG,-7.81615,6,TRUE,TRUE,-4.40793,8
NZ_CP025209.1,CDS,347195,348091,+,ID=gene-AL06_RS01860;Dbxref=GeneID:69498711;Name=AL06_RS01860;gbkey=Gene;gene_biotype=protein_coding;locus_tag=AL06_RS01860;old_locus_tag=CXF52_RS01855,AL06_RS01860,protein_coding,345725,347194,348084,348812,FALSE,TRUE,ACAATCGGAAGGAAA,GAGGCAAAGAACGTG,ATG,-4.40793,8,TRUE,TRUE,-5.313115,7
NZ_CP025209.1,CDS,348084,348812,+,ID=gene-AL06_RS01865;Dbxref=GeneID:69498712;Name=AL06_RS01865;gbkey=Gene;gene_biotype=protein_coding;locus_tag=AL06_RS01865;old_locus_tag=CXF52_RS01860,AL06_RS01865,protein_coding,347195,348091,348814,349677,TRUE,FALSE,GAGGCAAAGAACGTG,ATAGGAAAGGCAAAC,ATG,-5.313115,7,TRUE,TRUE,-6.71615,11
NZ_CP025209.1,CDS,348814,349677,+,ID=gene-AL06_RS01870;Dbxref=GeneID:69498713;Name=AL06_RS01870;gbkey=Gene;gene_biotype=protein_coding;locus_tag=AL06_RS01870;old_locus_tag=CXF52_RS01865,AL06_RS01870,protein_coding,348084,348812,349670,351652,FALSE,TRUE,ATAGGAAAGGCAAAC,AAGAAGGACTACTAC,GTG,-6.71615,11,TRUE,TRUE,-4.40793,13
NZ_CP025209.1,CDS,349670,351652,+,ID=gene-AL06_RS01875;Dbxref=GeneID:69498714;Name=AL06_RS01875;gbkey=Gene;gene_biotype=protein_coding;locus_tag=AL06_RS01875;old_locus_tag=CXF52_RS01870,AL06_RS01875,protein_coding,348814,349677,351670,352524,TRUE,FALSE,AAGAAGGACTACTAC,AAACTTAAGTAGAGG,ATG,-4.40793,13,TRUE,TRUE,-5.30793,5
NZ_CP025209.1,CDS,351670,352524,+,ID=gene-AL06_RS01880;Dbxref=GeneID:69498715;Name=AL06_RS01880;gbkey=Gene;gene_biotype=protein_coding;locus_tag=AL06_RS01880;old_locus_tag=CXF52_RS01875,AL06_RS01880,protein_coding,349670,351652,352529,353560,FALSE,FALSE,AAACTTAAGTAGAGG,CAGTCTGGGAAATAA,GTG,-5.30793,5,TRUE,FALSE,-2.78552,10
NZ_CP025209.1,CDS,352529,353560,+,ID=gene-AL06_RS01885;Dbxref=GeneID:69498716;Name=AL06_RS01885;gbkey=Gene;gene_biotype=protein_coding;locus_tag=AL06_RS01885;old_locus_tag=CXF52_RS01880,AL06_RS01885,protein_coding,351670,352524,353565,354503,FALSE,FALSE,CAGTCTGGGAAATAA,CAAGGTAAGATCTGA,GTG,-2.78552,10,FALSE,TRUE,-3.92996,14
NZ_CP025209.1,CDS,353565,354503,+,ID=gene-AL06_RS01890;Dbxref=GeneID:69498717;Name=AL06_RS01890;gbkey=Gene;gene_biotype=protein_coding;locus_tag=AL06_RS01890;old_locus_tag=CXF52_RS01885,AL06_RS01890,protein_coding,352529,353560,354700,358194,FALSE,FALSE,CAAGGTAAGATCTGA,GGGGCCACCGCCGCG,ATG,-3.92996,14,TRUE,FALSE,-3.033755,16
NZ_CP025209.1,CDS,354700,358194,+,ID=gene-AL06_RS01895;Dbxref=GeneID:69498718;Name=AL06_RS01895;gbkey=Gene;gene_biotype=protein_coding;locus_tag=AL06_RS01895;old_locus_tag=CXF52_RS01890,AL06_RS01895,protein_coding,353565,354503,358242,362252,FALSE,FALSE,GGGGCCACCGCCGCG,CTAAACGAAAGGGAG,GTG,-3.033755,16,FALSE,TRUE,-5.945645,5
NZ_CP025209.1,CDS,358242,362252,+,ID=gene-AL06_RS01900;Dbxref=GeneID:69498719;Name=AL06_RS01900;gbkey=Gene;gene_biotype=protein_coding;locus_tag=AL06_RS01900;old_locus_tag=CXF52_RS01895,AL06_RS01900,protein_coding,354700,358194,369597,370823,FALSE,FALSE,CTAAACGAAAGGGAG,CTGCGACTAGCATGA,GTG,-5.945645,5,TRUE,FALSE,1.1151,11
NZ_CP025209.1,CDS,362565,363281,-,ID=gene-AL06_RS01905;Dbxref=GeneID:69498720;Name=AL06_RS01905;gbkey=Gene;gene_biotype=protein_coding;locus_tag=AL06_RS01905;old_locus_tag=CXF52_RS01900,AL06_RS01905,protein_coding,363281,364672,338823,340025,TRUE,FALSE,TCGTACTGGGGAGTA,TCTACACATACATGC,ATG,-5.145645,7,TRUE,FALSE,3.775225,17
NZ_CP025209.1,CDS,363281,364672,-,ID=gene-AL06_RS01910;Dbxref=GeneID:69498721;Name=AL06_RS01910;gbkey=Gene;gene_biotype=protein_coding;locus_tag=AL06_RS01910;old_locus_tag=CXF52_RS01905,AL06_RS01910,protein_coding,364669,365439,362565,363281,TRUE,TRUE,TCTTAACGGAGGCAC,TCGTACTGGGGAGTA,ATG,-6.856025,8,TRUE,TRUE,-5.145645,7
NZ_CP025209.1,CDS,364669,365439,-,ID=gene-AL06_RS01915;Dbxref=GeneID:69498722;Name=AL06_RS01915;gbkey=Gene;gene_biotype=protein_coding;locus_tag=AL06_RS01915;old_locus_tag=CXF52_RS01910,AL06_RS01915,protein_coding,365444,366382,363281,364672,FALSE,TRUE,AGTATCTCGAAATAA,TCTTAACGGAGGCAC,ATG,1.5151,18,FALSE,TRUE,-6.856025,8
NZ_CP025209.1,CDS,365444,366382,-,ID=gene-AL06_RS01920;Dbxref=GeneID:69498723;Name=AL06_RS01920;gbkey=Gene;gene_biotype=protein_coding;locus_tag=AL06_RS01920;old_locus_tag=CXF52_RS01915,AL06_RS01920,protein_coding,367505,367789,364669,365439,FALSE,FALSE,TGAGTGAATTAGGCG,AGTATCTCGAAATAA,ATG,-2.132995,8,FALSE,FALSE,1.5151,18
NZ_CP025209.1,CDS,367505,367789,-,ID=gene-AL06_RS01930;Dbxref=GeneID:69498724;Name=AL06_RS01930;gbkey=Gene;gene_biotype=protein_coding;locus_tag=AL06_RS01930;old_locus_tag=CXF52_RS01925,AL06_RS01930,protein_coding,367915,368274,365444,366382,FALSE,FALSE,GGAAAGGCTGGTGGA,TGAGTGAATTAGGCG,ATG,-4.25299,8,TRUE,FALSE,-2.132995,8
NZ_CP025209.1,CDS,367915,368274,-,ID=gene-AL06_RS11700;Dbxref=GeneID:69500532;Name=AL06_RS11700;gbkey=Gene;gene_biotype=protein_coding;locus_tag=AL06_RS11700,AL06_RS11700,protein_coding,368458,368922,367505,367789,FALSE,FALSE,CGGAATGGAACAGTA,GGAAAGGCTGGTGGA,ATG,-3.756025,12,TRUE,TRUE,-4.25299,8
NZ_CP025209.1,CDS,368458,368922,-,ID=gene-AL06_RS01945;Dbxref=GeneID:69498725;Name=AL06_RS01945;gbkey=Gene;gene_biotype=protein_coding;locus_tag=AL06_RS01945;old_locus_tag=CXF52_RS01940,AL06_RS01945,protein_coding,369015,369422,367915,368274,FALSE,FALSE,GAAAAGGAAGACGCA,CGGAATGGAACAGTA,ATG,-4.40793,13,TRUE,TRUE,-3.756025,12
NZ_CP025209.1,CDS,369015,369422,-,ID=gene-AL06_RS01950;Dbxref=GeneID:69498726;Name=AL06_RS01950;gbkey=Gene;gene_biotype=protein_coding;locus_tag=AL06_RS01950;old_locus_tag=CXF52_RS01945,AL06_RS01950,protein_coding,374937,375560,368458,368922,FALSE,FALSE,CTTAAGGAAGATGTG,GAAAAGGAAGACGCA,ATG,-5.313115,7,TRUE,TRUE,-4.40793,13
NZ_CP025209.1,CDS,369597,370823,+,ID=gene-AL06_RS01955;Dbxref=GeneID:69498727;Name=AL06_RS01955;gbkey=Gene;gene_biotype=protein_coding;locus_tag=AL06_RS01955;old_locus_tag=CXF52_RS01950,AL06_RS01955,protein_coding,358242,362252,370828,371529,FALSE,FALSE,CTGCGACTAGCATGA,CCGGTGAAAGGCTAA,GTG,1.1151,11,FALSE,FALSE,-2.332995,10
NZ_CP025209.1,CDS,370828,371529,+,ID=gene-AL06_RS01960;Dbxref=GeneID:69498728;Name=AL06_RS01960;gbkey=Gene;gene_biotype=protein_coding;locus_tag=AL06_RS01960;old_locus_tag=CXF52_RS01955,AL06_RS01960,protein_coding,369597,370823,371556,372530,FALSE,FALSE,CCGGTGAAAGGCTAA,AGGTTCCGACTGTGG,GTG,-2.332995,10,FALSE,TRUE,-4.02996,16
NZ_CP025209.1,CDS,371556,372530,+,ID=gene-AL06_RS01965;Dbxref=GeneID:69498729;Name=AL06_RS01965;gbkey=Gene;gene_biotype=protein_coding;locus_tag=AL06_RS01965;old_locus_tag=CXF52_RS01960,AL06_RS01965,protein_coding,370828,371529,372551,373318,FALSE,FALSE,AGGTTCCGACTGTGG,TAGGAAAGAACTCAT,ATG,-4.02996,16,TRUE,TRUE,-4.20793,16
NZ_CP025209.1,CDS,372551,373318,+,ID=gene-AL06_RS01970;Dbxref=GeneID:69498730;Name=AL06_RS01970;gbkey=Gene;gene_biotype=protein_coding;locus_tag=AL06_RS01970;old_locus_tag=CXF52_RS01965,AL06_RS01970,protein_coding,371556,372530,373388,374005,FALSE,FALSE,TAGGAAAGAACTCAT,GGGCGCGCTGGGAAT,ATG,-4.20793,16,TRUE,FALSE,-2.78552,7
NZ_CP025209.1,CDS,373388,374005,+,ID=gene-AL06_RS01975;Dbxref=GeneID:69498731;Name=AL06_RS01975;gbkey=Gene;gene_biotype=protein_coding;locus_tag=AL06_RS01975;old_locus_tag=CXF52_RS01970,AL06_RS01975,protein_coding,372551,373318,374002,374940,FALSE,TRUE,GGGCGCGCTGGGAAT,CCCCCACGGAGCCAT,ATG,-2.78552,7,FALSE,TRUE,-3.60793,9
NZ_CP025209.1,CDS,374002,374940,+,ID=gene-AL06_RS01980;Dbxref=GeneID:69498732;Name=AL06_RS01980;gbkey=Gene;gene_biotype=protein_coding;locus_tag=AL06_RS01980;old_locus_tag=CXF52_RS01975,AL06_RS01980,protein_coding,373388,374005,377469,377822,TRUE,FALSE,CCCCCACGGAGCCAT,GGCGTGTAAAAAAGA,ATG,-3.60793,9,TRUE,FALSE,0.727129999999998,18
NZ_CP025209.1,CDS,374937,375560,-,ID=gene-AL06_RS01985;Dbxref=GeneID:69498733;Name=AL06_RS01985;gbkey=Gene;gene_biotype=protein_coding;locus_tag=AL06_RS01985;old_locus_tag=CXF52_RS01980,AL06_RS01985,protein_coding,375526,377310,369015,369422,TRUE,FALSE,GGAAAGAAGGGCGAG,CTTAAGGAAGATGTG,ATG,-4.456165,10,TRUE,TRUE,-5.313115,7
NZ_CP025209.1,CDS,375526,377310,-,ID=gene-AL06_RS01990;Dbxref=GeneID:69498734;Name=AL06_RS01990;gbkey=Gene;gene_biotype=protein_coding;locus_tag=AL06_RS01990;old_locus_tag=CXF52_RS01985,AL06_RS01990,protein_coding,398972,400030,374937,375560,FALSE,TRUE,AAGGCTTAAGTTGTT,GGAAAGAAGGGCGAG,ATG,-5.013115,7,TRUE,TRUE,-4.456165,10
NZ_CP025209.1,CDS,377469,377822,+,ID=gene-AL06_RS01995;Dbxref=GeneID:69498735;Name=AL06_RS01995;gbkey=Gene;gene_biotype=protein_coding;locus_tag=AL06_RS01995;old_locus_tag=CXF52_RS01990,AL06_RS01995,protein_coding,374002,374940,378097,378468,FALSE,FALSE,GGCGTGTAAAAAAGA,CCGAAATAGAAAGAC,ATG,0.727129999999998,18,FALSE,FALSE,0.9151,8
NZ_CP025209.1,CDS,378097,378468,+,ID=gene-AL06_RS02000;Dbxref=GeneID:69498736;Name=rpsL;gbkey=Gene;gene=rpsL;gene_biotype=protein_coding;locus_tag=AL06_RS02000;old_locus_tag=CXF52_RS01995,rpsL,protein_coding,377469,377822,378472,378939,FALSE,FALSE,CCGAAATAGAAAGAC,AAAGAAGGAGAAGTA,ATG,0.9151,8,FALSE,TRUE,-9.313115,7
NZ_CP025209.1,CDS,378472,378939,+,ID=gene-AL06_RS02005;Dbxref=GeneID:69498737;Name=rpsG;gbkey=Gene;gene=rpsG;gene_biotype=protein_coding;locus_tag=AL06_RS02005;old_locus_tag=CXF52_RS02000,rpsG,protein_coding,378097,378468,379192,381318,FALSE,FALSE,AAAGAAGGAGAAGTA,ACATAAGTTAGGGAC,ATG,-9.313115,7,TRUE,TRUE,-4.256165,8
NZ_CP025209.1,CDS,379192,381318,+,ID=gene-AL06_RS02010;Dbxref=GeneID:69498738;Name=fusA;gbkey=Gene;gene=fusA;gene_biotype=protein_coding;locus_tag=AL06_RS02010;old_locus_tag=CXF52_RS02005,fusA,protein_coding,378472,378939,381636,382826,FALSE,FALSE,ACATAAGTTAGGGAC,AAGTCCAGGAGGACA,GTG,-4.256165,8,TRUE,TRUE,-9.71615,9
NZ_CP025209.1,CDS,381636,382826,+,ID=gene-AL06_RS02015;Dbxref=GeneID:69498739;Name=tuf;gbkey=Gene;gene=tuf;gene_biotype=protein_coding;locus_tag=AL06_RS02015;old_locus_tag=CXF52_RS02010,tuf,protein_coding,379192,381318,382904,383461,FALSE,FALSE,AAGTCCAGGAGGACA,TTCTCGTATTATCGA,GTG,-9.71615,9,TRUE,FALSE,1.67826,13
NZ_CP025209.1,CDS,382904,383461,+,ID=gene-AL06_RS02020;Dbxref=GeneID:69498740;Name=AL06_RS02020;gbkey=Gene;gene_biotype=protein_coding;locus_tag=AL06_RS02020;old_locus_tag=CXF52_RS02015,AL06_RS02020,protein_coding,381636,382826,383973,384278,FALSE,FALSE,TTCTCGTATTATCGA,AGCGAGGAAGAGGAT,ATG,1.67826,13,FALSE,TRUE,-6.51615,8
NZ_CP025209.1,CDS,383973,384278,+,ID=gene-AL06_RS02025;Dbxref=GeneID:69498741;Name=rpsJ;gbkey=Gene;gene=rpsJ;gene_biotype=protein_coding;locus_tag=AL06_RS02025;old_locus_tag=CXF52_RS02020,rpsJ,protein_coding,382904,383461,384311,384967,FALSE,FALSE,AGCGAGGAAGAGGAT,TGGCAGCGGAGAATA,GTG,-6.51615,8,TRUE,TRUE,-3.60793,9
NZ_CP025209.1,CDS,384311,384967,+,ID=gene-AL06_RS02030;Dbxref=GeneID:69498742;Name=rplC;gbkey=Gene;gene=rplC;gene_biotype=protein_coding;locus_tag=AL06_RS02030;old_locus_tag=CXF52_RS02025,rplC,protein_coding,383973,384278,384964,385617,FALSE,TRUE,TGGCAGCGGAGAATA,TGAAGGGCGGTGCAC,ATG,-3.60793,9,TRUE,TRUE,-7.63894,10
NZ_CP025209.1,CDS,384964,385617,+,ID=gene-AL06_RS02035;Dbxref=GeneID:69498743;Name=rplD;gbkey=Gene;gene=rplD;gene_biotype=protein_coding;locus_tag=AL06_RS02035;old_locus_tag=CXF52_RS02030,rplD,protein_coding,384311,384967,385617,385922,TRUE,TRUE,TGAAGGGCGGTGCAC,CGGCTCAGGAGGAGA,ATG,-7.63894,10,TRUE,TRUE,-9.71615,9
NZ_CP025209.1,CDS,385617,385922,+,ID=gene-AL06_RS02040;Dbxref=GeneID:69498744;Name=rplW;gbkey=Gene;gene=rplW;gene_biotype=protein_coding;locus_tag=AL06_RS02040;old_locus_tag=CXF52_RS02035,rplW,protein_coding,384964,385617,385944,386786,TRUE,FALSE,CGGCTCAGGAGGAGA,GTCGAGGTAAGGACA,ATG,-9.71615,9,TRUE,TRUE,-6.91615,9
NZ_CP025209.1,CDS,385944,386786,+,ID=gene-AL06_RS02045;Dbxref=GeneID:69498745;Name=rplB;gbkey=Gene;gene=rplB;gene_biotype=protein_coding;locus_tag=AL06_RS02045;old_locus_tag=CXF52_RS02040,rplB,protein_coding,385617,385922,386803,387081,FALSE,FALSE,GTCGAGGTAAGGACA,TAAGAGGAGGAAAAC,ATG,-6.91615,9,TRUE,TRUE,-10.01615,11
NZ_CP025209.1,CDS,386803,387081,+,ID=gene-AL06_RS02050;Dbxref=GeneID:69498746;Name=rpsS;gbkey=Gene;gene=rpsS;gene_biotype=protein_coding;locus_tag=AL06_RS02050;old_locus_tag=CXF52_RS02045,rpsS,protein_coding,385944,386786,387085,387447,FALSE,FALSE,TAAGAGGAGGAAAAC,GAAGGGACGTCGATA,ATG,-10.01615,11,TRUE,TRUE,-4.456165,15
NZ_CP025209.1,CDS,387085,387447,+,ID=gene-AL06_RS02055;Dbxref=GeneID:69498747;Name=rplV;gbkey=Gene;gene=rplV;gene_biotype=protein_coding;locus_tag=AL06_RS02055;old_locus_tag=CXF52_RS02050,rplV,protein_coding,386803,387081,387447,388193,FALSE,TRUE,GAAGGGACGTCGATA,AGAAGGAAGGGGCCA,ATG,-4.456165,15,TRUE,TRUE,-6.91615,10
NZ_CP025209.1,CDS,387447,388193,+,ID=gene-AL06_RS02060;Dbxref=GeneID:69498748;Name=rpsC;gbkey=Gene;gene=rpsC;gene_biotype=protein_coding;locus_tag=AL06_RS02060;old_locus_tag=CXF52_RS02055,rpsC,protein_coding,387085,387447,388197,388613,TRUE,FALSE,AGAAGGAAGGGGCCA,GAAGCAGGAGGGCTA,GTG,-6.91615,10,TRUE,TRUE,-9.71615,10
NZ_CP025209.1,CDS,388197,388613,+,ID=gene-AL06_RS02065;Dbxref=GeneID:69498749;Name=rplP;gbkey=Gene;gene=rplP;gene_biotype=protein_coding;locus_tag=AL06_RS02065;old_locus_tag=CXF52_RS02060,rplP,protein_coding,387447,388193,388613,388843,FALSE,TRUE,GAAGCAGGAGGGCTA,AGAAGGAGGACCAGT,ATG,-9.71615,10,TRUE,TRUE,-10.01615,12
NZ_CP025209.1,CDS,388613,388843,+,ID=gene-AL06_RS02070;Dbxref=GeneID:69498750;Name=rpmC;gbkey=Gene;gene=rpmC;gene_biotype=protein_coding;locus_tag=AL06_RS02070;old_locus_tag=CXF52_RS02065,rpmC,protein_coding,388197,388613,388846,389124,TRUE,FALSE,AGAAGGAGGACCAGT,CGGGAGCTGAGGCTT,ATG,-10.01615,12,TRUE,TRUE,-5.29374,11
NZ_CP025209.1,CDS,388846,389124,+,ID=gene-AL06_RS02075;Dbxref=GeneID:69498751;Name=rpsQ;gbkey=Gene;gene=rpsQ;gene_biotype=protein_coding;locus_tag=AL06_RS02075;old_locus_tag=CXF52_RS02070,rpsQ,protein_coding,388613,388843,389335,390933,FALSE,FALSE,CGGGAGCTGAGGCTT,CCCCGCATCGATTGC,ATG,-5.29374,11,TRUE,FALSE,2.00029,9
NZ_CP025209.1,CDS,389335,390933,+,ID=gene-AL06_RS02080;Dbxref=GeneID:69498752;Name=AL06_RS02080;gbkey=Gene;gene_biotype=protein_coding;locus_tag=AL06_RS02080;old_locus_tag=CXF52_RS02075,AL06_RS02080,protein_coding,388846,389124,390950,391666,FALSE,FALSE,CCCCGCATCGATTGC,TAGTGCGGAGGTCAG,CTG,2.00029,9,FALSE,TRUE,-9.15299,8
NZ_CP025209.1,CDS,390950,391666,+,ID=gene-AL06_RS02085;Dbxref=GeneID:69498753;Name=AL06_RS02085;gbkey=Gene;gene_biotype=protein_coding;locus_tag=AL06_RS02085;old_locus_tag=CXF52_RS02080,AL06_RS02085,protein_coding,389335,390933,391663,392973,FALSE,TRUE,TAGTGCGGAGGTCAG,TTCATACGACGGGGC,ATG,-9.15299,8,TRUE,FALSE,-2.833755,6
NZ_CP025209.1,CDS,391663,392973,+,ID=gene-AL06_RS02090;Dbxref=GeneID:69498754;Name=AL06_RS02090;gbkey=Gene;gene_biotype=protein_coding;locus_tag=AL06_RS02090;old_locus_tag=CXF52_RS02085,AL06_RS02090,protein_coding,390950,391666,393169,393537,TRUE,FALSE,TTCATACGACGGGGC,CCAGGTCAGGAGACC,ATG,-2.833755,6,FALSE,TRUE,-6.61615,11
NZ_CP025209.1,CDS,393169,393537,+,ID=gene-AL06_RS02095;Dbxref=GeneID:69498755;Name=rplN;gbkey=Gene;gene=rplN;gene_biotype=protein_coding;locus_tag=AL06_RS02095;old_locus_tag=CXF52_RS02090,rplN,protein_coding,391663,392973,393540,393854,FALSE,FALSE,CCAGGTCAGGAGACC,CACCGGAGGTGATCT,GTG,-6.61615,11,TRUE,TRUE,-9.15299,10
NZ_CP025209.1,CDS,393540,393854,+,ID=gene-AL06_RS02100;Dbxref=GeneID:69498756;Name=rplX;gbkey=Gene;gene=rplX;gene_biotype=protein_coding;locus_tag=AL06_RS02100;old_locus_tag=CXF52_RS02095,rplX,protein_coding,393169,393537,393857,394420,FALSE,FALSE,CACCGGAGGTGATCT,ACGGGAAGGACATCT,ATG,-9.15299,10,TRUE,TRUE,-4.49374,11
NZ_CP025209.1,CDS,393857,394420,+,ID=gene-AL06_RS02105;Dbxref=GeneID:69498757;Name=rplE;gbkey=Gene;gene=rplE;gene_biotype=protein_coding;locus_tag=AL06_RS02105;old_locus_tag=CXF52_RS02100,rplE,protein_coding,393540,393854,395124,396467,FALSE,FALSE,ACGGGAAGGACATCT,AGAGAACGGAAGAAC,ATG,-4.49374,11,TRUE,FALSE,-1.247805,10
NZ_CP025209.1,CDS,395124,396467,+,ID=gene-AL06_RS02110;Dbxref=GeneID:69498758;Name=AL06_RS02110;gbkey=Gene;gene_biotype=protein_coding;locus_tag=AL06_RS02110;old_locus_tag=CXF52_RS02105,AL06_RS02110,protein_coding,393857,394420,396492,397868,FALSE,FALSE,AGAGAACGGAAGAAC,GGGTTAAGGAGCGTA,GTG,-1.247805,10,FALSE,TRUE,-8.513115,7
NZ_CP025209.1,CDS,396492,397868,+,ID=gene-AL06_RS02115;Dbxref=GeneID:69498759;Name=AL06_RS02115;gbkey=Gene;gene_biotype=protein_coding;locus_tag=AL06_RS02115;old_locus_tag=CXF52_RS02110,AL06_RS02115,protein_coding,395124,396467,397947,398975,FALSE,FALSE,GGGTTAAGGAGCGTA,CTTTCAAGGAGTATT,ATG,-8.513115,7,TRUE,TRUE,-6.768055,10
NZ_CP025209.1,CDS,397947,398975,+,ID=gene-AL06_RS02120;Dbxref=GeneID:69498760;Name=AL06_RS02120;gbkey=Gene;gene_biotype=protein_coding;locus_tag=AL06_RS02120;old_locus_tag=CXF52_RS02115,AL06_RS02120,protein_coding,396492,397868,401108,401377,FALSE,FALSE,CTTTCAAGGAGTATT,ATTAAGGCACACTGG,ATG,-6.768055,10,TRUE,TRUE,-3.61615,6
NZ_CP025209.1,CDS,398972,400030,-,ID=gene-AL06_RS02125;Dbxref=GeneID:69498761;Name=AL06_RS02125;gbkey=Gene;gene_biotype=protein_coding;locus_tag=AL06_RS02125;old_locus_tag=CXF52_RS02120,AL06_RS02125,protein_coding,400030,400554,375526,377310,TRUE,FALSE,CCCAGTGGGTCGGGG,AAGGCTTAAGTTGTT,ATG,-5.819565,5,TRUE,TRUE,-5.013115,7
NZ_CP025209.1,CDS,400030,400554,-,ID=gene-AL06_RS12020;Dbxref=GeneID:69500586;Name=AL06_RS12020;gbkey=Gene;gene_biotype=protein_coding;locus_tag=AL06_RS12020,AL06_RS12020,protein_coding,401404,403311,398972,400030,FALSE,TRUE,CCCGCTTATTTCTCA,CCCAGTGGGTCGGGG,ATG,3.775225,13,FALSE,TRUE,-5.819565,5
NZ_CP025209.1,CDS,401108,401377,+,ID=gene-AL06_RS02135;Dbxref=GeneID:69498762;Name=AL06_RS02135;gbkey=Gene;gene_biotype=protein_coding;locus_tag=AL06_RS02135;old_locus_tag=CXF52_RS02130,AL06_RS02135,protein_coding,397947,398975,414039,414548,FALSE,FALSE,ATTAAGGCACACTGG,TGAGAAGAAAGGACC,ATG,-3.61615,6,TRUE,TRUE,-4.40793,8
NZ_CP025209.1,CDS,401404,403311,-,ID=gene-AL06_RS02140;Dbxref=GeneID:69498763;Name=AL06_RS02140;gbkey=Gene;gene_biotype=protein_coding;locus_tag=AL06_RS02140;old_locus_tag=CXF52_RS02135,AL06_RS02140,protein_coding,403488,404267,400030,400554,FALSE,FALSE,AAATGAAAAATAGGA,CCCGCTTATTTCTCA,ATG,-4.30793,6,TRUE,FALSE,3.775225,13
NZ_CP025209.1,CDS,403488,404267,-,ID=gene-AL06_RS02145;Dbxref=GeneID:69498764;Name=narI;gbkey=Gene;gene=narI;gene_biotype=protein_coding;locus_tag=AL06_RS02145;old_locus_tag=CXF52_RS02140,narI,protein_coding,404280,404957,401404,403311,FALSE,FALSE,CGTTTAAGGATAAAA,AAATGAAAAATAGGA,ATG,-4.40793,11,TRUE,TRUE,-4.30793,6
NZ_CP025209.1,CDS,404280,404957,-,ID=gene-AL06_RS02150;Dbxref=GeneID:69498765;Name=narJ;gbkey=Gene;gene=narJ;gene_biotype=protein_coding;locus_tag=AL06_RS02150;old_locus_tag=CXF52_RS02145,narJ,protein_coding,404961,406562,403488,404267,FALSE,FALSE,TCCGCGAAAGAGTTA,CGTTTAAGGATAAAA,ATG,-0.359835,8,FALSE,TRUE,-4.40793,11
NZ_CP025209.1,CDS,404961,406562,-,ID=gene-AL06_RS02155;Dbxref=GeneID:69498766;Name=narH;gbkey=Gene;gene=narH;gene_biotype=protein_coding;locus_tag=AL06_RS02155;old_locus_tag=CXF52_RS02150,narH,protein_coding,406562,410284,404280,404957,TRUE,FALSE,CTCAGGAGGTTCAGT,TCCGCGAAAGAGTTA,ATG,-12.013115,11,TRUE,FALSE,-0.359835,8
NZ_CP025209.1,CDS,406562,410284,-,ID=gene-AL06_RS02160;Dbxref=GeneID:69498767;Name=AL06_RS02160;gbkey=Gene;gene_biotype=protein_coding;locus_tag=AL06_RS02160;old_locus_tag=CXF52_RS02155,AL06_RS02160,protein_coding,410324,411655,404961,406562,FALSE,TRUE,TAGAAAATAAGGAAT,CTCAGGAGGTTCAGT,ATG,-4.40793,8,TRUE,TRUE,-12.013115,11
NZ_CP025209.1,CDS,410324,411655,-,ID=gene-AL06_RS02165;Dbxref=GeneID:69498768;Name=AL06_RS02165;gbkey=Gene;gene_biotype=protein_coding;locus_tag=AL06_RS02165;old_locus_tag=CXF52_RS02160,AL06_RS02165,protein_coding,412530,413768,406562,410284,FALSE,FALSE,GACGAGAAAGAAAAA,TAGAAAATAAGGAAT,ATG,-0.359835,14,FALSE,TRUE,-4.40793,8
NZ_CP025209.1,CDS,412530,413768,-,ID=gene-AL06_RS02175;Dbxref=GeneID:69498770;Name=AL06_RS02175;gbkey=Gene;gene_biotype=protein_coding;locus_tag=AL06_RS02175;old_locus_tag=CXF52_RS02170,AL06_RS02175,protein_coding,414535,415140,410324,411655,FALSE,FALSE,TCACAGTCAGCGTTT,GACGAGAAAGAAAAA,ATG,1.2151,15,FALSE,FALSE,-0.359835,14
NZ_CP025209.1,CDS,414039,414548,+,ID=gene-AL06_RS02180;Dbxref=GeneID:69498771;Name=AL06_RS02180;gbkey=Gene;gene_biotype=protein_coding;locus_tag=AL06_RS02180;old_locus_tag=CXF52_RS02175,AL06_RS02180,protein_coding,401108,401377,420141,420266,FALSE,FALSE,TGAGAAGAAAGGACC,TATCCAATGTTAGCT,ATG,-4.40793,8,TRUE,FALSE,1.1151,8
NZ_CP025209.1,CDS,414535,415140,-,ID=gene-AL06_RS02185;Dbxref=GeneID:69498772;Name=AL06_RS02185;gbkey=Gene;gene_biotype=protein_coding;locus_tag=AL06_RS02185;old_locus_tag=CXF52_RS02180,AL06_RS02185,protein_coding,415118,415585,412530,413768,TRUE,FALSE,AAGTCAGGAGGCCGA,TCACAGTCAGCGTTT,GTG,-9.71615,10,TRUE,FALSE,1.2151,15
NZ_CP025209.1,CDS,415118,415585,-,ID=gene-AL06_RS02190;Dbxref=GeneID:69498773;Name=moaC;gbkey=Gene;gene=moaC;gene_biotype=protein_coding;locus_tag=AL06_RS02190;old_locus_tag=CXF52_RS02185,moaC,protein_coding,415594,416841,414535,415140,FALSE,TRUE,TTAATTTCTAGGAGA,AAGTCAGGAGGCCGA,ATG,-6.568055,7,TRUE,TRUE,-9.71615,10
NZ_CP025209.1,CDS,415594,416841,-,ID=gene-AL06_RS02195;Dbxref=GeneID:69498774;Name=AL06_RS02195;gbkey=Gene;gene_biotype=protein_coding;locus_tag=AL06_RS02195;old_locus_tag=CXF52_RS02190,AL06_RS02195,protein_coding,416863,417930,415118,415585,FALSE,FALSE,AGCTTCTCACTAAGG,TTAATTTCTAGGAGA,ATG,-3.532995,6,TRUE,TRUE,-6.568055,7
NZ_CP025209.1,CDS,416863,417930,-,ID=gene-AL06_RS02200;Dbxref=GeneID:69498775;Name=moaA;gbkey=Gene;gene=moaA;gene_biotype=protein_coding;locus_tag=AL06_RS02200;old_locus_tag=CXF52_RS02195,moaA,protein_coding,418039,418788,415594,416841,FALSE,FALSE,ATGCTAGGTTGATAT,AGCTTCTCACTAAGG,ATG,-3.82996,11,TRUE,TRUE,-3.532995,6
NZ_CP025209.1,CDS,418039,418788,-,ID=gene-AL06_RS02205;Dbxref=GeneID:69498776;Name=modA;gbkey=Gene;gene=modA;gene_biotype=protein_coding;locus_tag=AL06_RS02205;old_locus_tag=CXF52_RS02200,modA,protein_coding,418965,419729,416863,417930,FALSE,FALSE,TATCACTAGGAGTAA,ATGCTAGGTTGATAT,ATG,-6.568055,9,TRUE,TRUE,-3.82996,11
NZ_CP025209.1,CDS,418965,419729,-,ID=gene-AL06_RS02210;Dbxref=GeneID:69498777;Name=AL06_RS02210;gbkey=Gene;gene_biotype=protein_coding;locus_tag=AL06_RS02210;old_locus_tag=CXF52_RS02205,AL06_RS02210,protein_coding,420608,421675,418039,418788,FALSE,FALSE,CCAGCACCACCACGT,TATCACTAGGAGTAA,ATG,1.2151,17,FALSE,TRUE,-6.568055,9
NZ_CP025209.1,CDS,420141,420266,+,ID=gene-AL06_RS12395;Dbxref=GeneID:77100351;Name=AL06_RS12395;gbkey=Gene;gene_biotype=protein_coding;locus_tag=AL06_RS12395,AL06_RS12395,protein_coding,414039,414548,423841,425001,FALSE,FALSE,TATCCAATGTTAGCT,CGCAGAGAAAGGCTC,ATG,1.1151,8,FALSE,FALSE,-2.332995,9
NZ_CP025209.1,CDS,420608,421675,-,ID=gene-AL06_RS02215;Dbxref=GeneID:69498778;Name=AL06_RS02215;gbkey=Gene;gene_biotype=protein_coding;locus_tag=AL06_RS02215;old_locus_tag=CXF52_RS02210,AL06_RS02215,protein_coding,421847,422047,418965,419729,FALSE,FALSE,CCGGTAAGATCATAA,CCAGCACCACCACGT,GTG,-1.569835,15,FALSE,FALSE,1.2151,17
NZ_CP025209.1,CDS,421847,422047,-,ID=gene-AL06_RS02220;Dbxref=GeneID:69498779;Name=AL06_RS02220;gbkey=Gene;gene_biotype=protein_coding;locus_tag=AL06_RS02220;old_locus_tag=CXF52_RS02215,AL06_RS02220,protein_coding,423223,423579,420608,421675,FALSE,FALSE,CGACGCTATCCGTGC,CCGGTAAGATCATAA,GTG,1.77826,7,FALSE,FALSE,-1.569835,15
NZ_CP025209.1,CDS,423223,423579,-,ID=gene-AL06_RS02230;Dbxref=GeneID:69498781;Name=AL06_RS02230;gbkey=Gene;gene_biotype=protein_coding;locus_tag=AL06_RS02230;old_locus_tag=CXF52_RS02225,AL06_RS02230,protein_coding,425139,426122,421847,422047,FALSE,FALSE,CGGGCTATTAGTGCT,CGACGCTATCCGTGC,GTG,-1.29604,16,FALSE,FALSE,1.77826,7
NZ_CP025209.1,CDS,423841,425001,+,ID=gene-AL06_RS02235;Dbxref=GeneID:69498782;Name=AL06_RS02235;gbkey=Gene;gene_biotype=protein_coding;locus_tag=AL06_RS02235;old_locus_tag=CXF52_RS02230,AL06_RS02235,protein_coding,420141,420266,426462,426695,FALSE,FALSE,CGCAGAGAAAGGCTC,AGTTCCAGTAACCGG,ATG,-2.332995,9,FALSE,FALSE,-0.872870000000002,5
NZ_CP025209.1,CDS,425139,426122,-,ID=gene-AL06_RS11825;Dbxref=GeneID:69500551;Name=AL06_RS11825;gbkey=Gene;gene_biotype=protein_coding;locus_tag=AL06_RS11825,AL06_RS11825,protein_coding,429955,430875,423223,423579,FALSE,FALSE,CAACTCCGACAAAGT,CGGGCTATTAGTGCT,ATG,0.9151,7,FALSE,FALSE,-1.29604,16
NZ_CP025209.1,CDS,426462,426695,+,ID=gene-AL06_RS02255;Dbxref=GeneID:69498783;Name=AL06_RS02255;gbkey=Gene;gene_biotype=protein_coding;locus_tag=AL06_RS02255;old_locus_tag=CXF52_RS02250,AL06_RS02255,protein_coding,423841,425001,426723,427058,FALSE,FALSE,AGTTCCAGTAACCGG,TGGGAATAGAGGCGG,ATG,-0.872870000000002,5,FALSE,TRUE,-4.79374,5
NZ_CP025209.1,CDS,426723,427058,+,ID=gene-AL06_RS12030;Dbxref=GeneID:69500588;Name=AL06_RS12030;gbkey=Gene;gene_biotype=protein_coding;locus_tag=AL06_RS12030,AL06_RS12030,protein_coding,426462,426695,427125,428258,FALSE,FALSE,TGGGAATAGAGGCGG,CTTCCTTCCGTGGGC,ATG,-4.79374,5,TRUE,FALSE,-1.29604,6
NZ_CP025209.1,CDS,427125,428258,+,ID=gene-AL06_RS12035;Dbxref=GeneID:69500589;Name=AL06_RS12035;gbkey=Gene;gene_biotype=protein_coding;locus_tag=AL06_RS12035,AL06_RS12035,protein_coding,426723,427058,428334,429215,FALSE,FALSE,CTTCCTTCCGTGGGC,TCTGTAGTCCAGGGT,ATG,-1.29604,6,FALSE,TRUE,-4.156165,7
NZ_CP025209.1,CDS,428334,429215,+,ID=gene-AL06_RS12040;Dbxref=GeneID:69500590;Name=AL06_RS12040;gbkey=Gene;gene_biotype=protein_coding;locus_tag=AL06_RS12040,AL06_RS12040,protein_coding,427125,428258,429199,429435,FALSE,TRUE,TCTGTAGTCCAGGGT,ACAACGGCGCGCTCT,ATG,-4.156165,7,TRUE,FALSE,0.827129999999999,13
NZ_CP025209.1,CDS,429199,429435,+,ID=gene-AL06_RS12045;Dbxref=GeneID:69500591;Name=AL06_RS12045;gbkey=Gene;gene_biotype=protein_coding;locus_tag=AL06_RS12045,AL06_RS12045,protein_coding,428334,429215,436902,437642,TRUE,FALSE,ACAACGGCGCGCTCT,ACGGAACCAAGGAGT,GTG,0.827129999999999,13,FALSE,TRUE,-6.768055,7
NZ_CP025209.1,CDS,429955,430875,-,ID=gene-AL06_RS02275;Dbxref=GeneID:69498785;Name=AL06_RS02275;gbkey=Gene;gene_biotype=protein_coding;locus_tag=AL06_RS02275;old_locus_tag=CXF52_RS02280,AL06_RS02275,protein_coding,430910,431743,425139,426122,FALSE,FALSE,TGAAAGGATTTTTCC,CAACTCCGACAAAGT,ATG,-4.40793,13,TRUE,FALSE,0.9151,7
NZ_CP025209.1,CDS,430910,431743,-,ID=gene-AL06_RS02280;Dbxref=GeneID:69498786;Name=AL06_RS02280;gbkey=Gene;gene_biotype=protein_coding;locus_tag=AL06_RS02280;old_locus_tag=CXF52_RS02285,AL06_RS02280,protein_coding,431749,433737,429955,430875,FALSE,FALSE,GCAAAGGAGAATAGT,TGAAAGGATTTTTCC,ATG,-7.44969,6,TRUE,TRUE,-4.40793,13
NZ_CP025209.1,CDS,431749,433737,-,ID=gene-AL06_RS02285;Dbxref=GeneID:69498787;Name=AL06_RS02285;gbkey=Gene;gene_biotype=protein_coding;locus_tag=AL06_RS02285;old_locus_tag=CXF52_RS02290,AL06_RS02285,protein_coding,433737,434702,430910,431743,TRUE,FALSE,CACGCATCAGGAGCA,GCAAAGGAGAATAGT,ATG,-6.468055,8,TRUE,TRUE,-7.44969,6
NZ_CP025209.1,CDS,433737,434702,-,ID=gene-AL06_RS02290;Dbxref=GeneID:69498788;Name=AL06_RS02290;gbkey=Gene;gene_biotype=protein_coding;locus_tag=AL06_RS02290;old_locus_tag=CXF52_RS02295,AL06_RS02290,protein_coding,434944,436566,431749,433737,FALSE,TRUE,GATAGTCAGGATTAC,CACGCATCAGGAGCA,ATG,-4.10793,10,TRUE,TRUE,-6.468055,8
NZ_CP025209.1,CDS,434944,436566,-,ID=gene-AL06_RS02295;Dbxref=GeneID:69498789;Name=AL06_RS02295;gbkey=Gene;gene_biotype=protein_coding;locus_tag=AL06_RS02295;old_locus_tag=CXF52_RS02300,AL06_RS02295,protein_coding,445574,446308,433737,434702,FALSE,FALSE,CTTGGGAAAGGAAAC,GATAGTCAGGATTAC,ATG,-5.29374,9,TRUE,TRUE,-4.10793,10
NZ_CP025209.1,CDS,436902,437642,+,ID=gene-AL06_RS02300;Dbxref=GeneID:69498790;Name=AL06_RS02300;gbkey=Gene;gene_biotype=protein_coding;locus_tag=AL06_RS02300;old_locus_tag=CXF52_RS02305,AL06_RS02300,protein_coding,429199,429435,437659,438543,FALSE,FALSE,ACGGAACCAAGGAGT,TAGAAAGGCACCCCC,GTG,-6.768055,7,TRUE,FALSE,-2.332995,13
NZ_CP025209.1,CDS,437659,438543,+,ID=gene-AL06_RS02305;Dbxref=GeneID:69498791;Name=AL06_RS02305;gbkey=Gene;gene_biotype=protein_coding;locus_tag=AL06_RS02305;old_locus_tag=CXF52_RS02310,AL06_RS02305,protein_coding,436902,437642,438572,439267,FALSE,FALSE,TAGAAAGGCACCCCC,ACTATTGAAGGAGAA,ATG,-2.332995,13,FALSE,TRUE,-6.768055,8
NZ_CP025209.1,CDS,438572,439267,+,ID=gene-AL06_RS02310;Dbxref=GeneID:69498792;Name=AL06_RS02310;gbkey=Gene;gene_biotype=protein_coding;locus_tag=AL06_RS02310;old_locus_tag=CXF52_RS02315,AL06_RS02310,protein_coding,437659,438543,439303,440439,FALSE,FALSE,ACTATTGAAGGAGAA,AACCAAGGAGTACCA,ATG,-6.768055,8,TRUE,TRUE,-6.768055,11
NZ_CP025209.1,CDS,439303,440439,+,ID=gene-AL06_RS02315;Dbxref=GeneID:69498793;Name=AL06_RS02315;gbkey=Gene;gene_biotype=protein_coding;locus_tag=AL06_RS02315;old_locus_tag=CXF52_RS02320,AL06_RS02315,protein_coding,438572,439267,440473,441252,FALSE,FALSE,AACCAAGGAGTACCA,TCAAAGGAAAGAGAA,ATG,-6.768055,11,TRUE,TRUE,-4.40793,13
NZ_CP025209.1,CDS,440473,441252,+,ID=gene-AL06_RS02320;Dbxref=GeneID:69498794;Name=nagB;gbkey=Gene;gene=nagB;gene_biotype=protein_coding;locus_tag=AL06_RS02320;old_locus_tag=CXF52_RS02325,nagB,protein_coding,439303,440439,441336,441572,FALSE,FALSE,TCAAAGGAAAGAGAA,AATTGTGGGGAGTTT,ATG,-4.40793,13,TRUE,TRUE,-5.145645,8
NZ_CP025209.1,CDS,441336,441572,+,ID=gene-AL06_RS11710;Dbxref=GeneID:69500533;Name=AL06_RS11710;gbkey=Gene;gene_biotype=protein_coding;locus_tag=AL06_RS11710,AL06_RS11710,protein_coding,440473,441252,441930,442328,FALSE,FALSE,AATTGTGGGGAGTTT,AAGGCGCCAGGTCAC,ATG,-5.145645,8,TRUE,TRUE,-8.113115,9
NZ_CP025209.1,CDS,441930,442328,+,ID=gene-AL06_RS02330;Dbxref=GeneID:69498795;Name=rpsH;gbkey=Gene;gene=rpsH;gene_biotype=protein_coding;locus_tag=AL06_RS02330;old_locus_tag=CXF52_RS02335,rpsH,protein_coding,441336,441572,442344,442880,FALSE,FALSE,AAGGCGCCAGGTCAC,GTAAGGGAGGAGACG,ATG,-8.113115,9,TRUE,TRUE,-8.61615,6
NZ_CP025209.1,CDS,442344,442880,+,ID=gene-AL06_RS02335;Dbxref=GeneID:69498796;Name=rplF;gbkey=Gene;gene=rplF;gene_biotype=protein_coding;locus_tag=AL06_RS02335;old_locus_tag=CXF52_RS02340,rplF,protein_coding,441930,442328,442883,443290,FALSE,FALSE,GTAAGGGAGGAGACG,GAAAGACGGGTAAGT,ATG,-8.61615,6,TRUE,FALSE,-3.10755,9
NZ_CP025209.1,CDS,442883,443290,+,ID=gene-AL06_RS02340;Dbxref=GeneID:69498797;Name=rplR;gbkey=Gene;gene=rplR;gene_biotype=protein_coding;locus_tag=AL06_RS02340;old_locus_tag=CXF52_RS02345,rplR,protein_coding,442344,442880,443331,443957,FALSE,FALSE,GAAAGACGGGTAAGT,TCAACGGAAGGATTG,ATG,-3.10755,9,FALSE,TRUE,-4.468055,6
NZ_CP025209.1,CDS,443331,443957,+,ID=gene-AL06_RS02345;Dbxref=GeneID:69498798;Name=rpsE;gbkey=Gene;gene=rpsE;gene_biotype=protein_coding;locus_tag=AL06_RS02345;old_locus_tag=CXF52_RS02350,rpsE,protein_coding,442883,443290,443961,444146,FALSE,FALSE,TCAACGGAAGGATTG,AGGACAGGAGGCTTA,ATG,-4.468055,6,TRUE,TRUE,-9.71615,10
NZ_CP025209.1,CDS,443961,444146,+,ID=gene-AL06_RS02350;Dbxref=GeneID:69498799;Name=rpmD;gbkey=Gene;gene=rpmD;gene_biotype=protein_coding;locus_tag=AL06_RS02350;old_locus_tag=CXF52_RS02355,rpmD,protein_coding,443331,443957,444149,444595,FALSE,FALSE,AGGACAGGAGGCTTA,AAGTGGCAGGGGAGT,ATG,-9.71615,10,TRUE,TRUE,-6.675515,6
NZ_CP025209.1,CDS,444149,444595,+,ID=gene-AL06_RS02355;Dbxref=GeneID:69498800;Name=rplO;gbkey=Gene;gene=rplO;gene_biotype=protein_coding;locus_tag=AL06_RS02355;old_locus_tag=CXF52_RS02360,rplO,protein_coding,443961,444146,444773,445573,FALSE,FALSE,AAGTGGCAGGGGAGT,ATGAGAGGTAAACAC,ATG,-6.675515,6,TRUE,TRUE,-6.004895,11
NZ_CP025209.1,CDS,444773,445573,+,ID=gene-AL06_RS02360;Dbxref=GeneID:69498801;Name=AL06_RS02360;gbkey=Gene;gene_biotype=protein_coding;locus_tag=AL06_RS02360;old_locus_tag=CXF52_RS02365,AL06_RS02360,protein_coding,444149,444595,450031,451266,FALSE,FALSE,ATGAGAGGTAAACAC,TAAAGGCGGTGTCGT,GTG,-6.004895,11,TRUE,TRUE,-3.778055,11
NZ_CP025209.1,CDS,445574,446308,-,ID=gene-AL06_RS02365;Dbxref=GeneID:69498802;Name=AL06_RS02365;gbkey=Gene;gene_biotype=protein_coding;locus_tag=AL06_RS02365;old_locus_tag=CXF52_RS02370,AL06_RS02365,protein_coding,446296,448005,434944,436566,TRUE,FALSE,TGCTGCGTGAAGGAG,CTTGGGAAAGGAAAC,ATG,-7.568055,6,TRUE,TRUE,-5.29374,9
NZ_CP025209.1,CDS,446296,448005,-,ID=gene-AL06_RS02370;Dbxref=GeneID:69498803;Name=AL06_RS02370;gbkey=Gene;gene_biotype=protein_coding;locus_tag=AL06_RS02370;old_locus_tag=CXF52_RS02375,AL06_RS02370,protein_coding,448008,449750,445574,446308,FALSE,TRUE,TCATCTTGTCCGTGT,TGCTGCGTGAAGGAG,ATG,1.77826,11,FALSE,TRUE,-7.568055,6
NZ_CP025209.1,CDS,448008,449750,-,ID=gene-AL06_RS02375;Dbxref=GeneID:69498804;Name=AL06_RS02375;gbkey=Gene;gene_biotype=protein_coding;locus_tag=AL06_RS02375;old_locus_tag=CXF52_RS02380,AL06_RS02375,protein_coding,454468,455721,446296,448005,FALSE,FALSE,GCCGCATCCCCTACT,TCATCTTGTCCGTGT,ATG,3.775225,8,FALSE,FALSE,1.77826,11
NZ_CP025209.1,CDS,450031,451266,+,ID=gene-AL06_RS02380;Dbxref=GeneID:69498805;Name=AL06_RS02380;gbkey=Gene;gene_biotype=protein_coding;locus_tag=AL06_RS02380;old_locus_tag=CXF52_RS02385,AL06_RS02380,protein_coding,444773,445573,451384,452787,FALSE,FALSE,TAAAGGCGGTGTCGT,AGGAAGGAAGTGCGG,ATG,-3.778055,11,TRUE,TRUE,-6.91615,6
NZ_CP025209.1,CDS,451384,452787,+,ID=gene-AL06_RS02385;Dbxref=GeneID:69498806;Name=AL06_RS02385;gbkey=Gene;gene_biotype=protein_coding;locus_tag=AL06_RS02385;old_locus_tag=CXF52_RS02390,AL06_RS02385,protein_coding,450031,451266,452787,453665,FALSE,TRUE,AGGAAGGAAGTGCGG,ACGAGGAAGGATTCC,ATG,-6.91615,6,TRUE,TRUE,-6.11615,11
NZ_CP025209.1,CDS,452787,453665,+,ID=gene-AL06_RS02390;Dbxref=GeneID:69498807;Name=AL06_RS02390;gbkey=Gene;gene_biotype=protein_coding;locus_tag=AL06_RS02390;old_locus_tag=CXF52_RS02395,AL06_RS02390,protein_coding,451384,452787,453749,454471,TRUE,FALSE,ACGAGGAAGGATTCC,GTGAAAAAGGCGTGA,ATG,-6.11615,11,TRUE,FALSE,-2.332995,11
NZ_CP025209.1,CDS,453749,454471,+,ID=gene-AL06_RS02395;Dbxref=GeneID:69498808;Name=AL06_RS02395;gbkey=Gene;gene_biotype=protein_coding;locus_tag=AL06_RS02395;old_locus_tag=CXF52_RS02400,AL06_RS02395,protein_coding,452787,453665,457460,458782,FALSE,FALSE,GTGAAAAAGGCGTGA,AGGAGAACCAGGAGG,GTG,-2.332995,11,FALSE,TRUE,-11.41615,6
NZ_CP025209.1,CDS,454468,455721,-,ID=gene-AL06_RS02400;Dbxref=GeneID:69498809;Name=AL06_RS02400;gbkey=Gene;gene_biotype=protein_coding;locus_tag=AL06_RS02400;old_locus_tag=CXF52_RS02405,AL06_RS02400,protein_coding,455836,456972,448008,449750,FALSE,FALSE,ACCATCCTTGGAGGT,GCCGCATCCCCTACT,GTG,-8.489565,5,TRUE,FALSE,3.775225,8
NZ_CP025209.1,CDS,455836,456972,-,ID=gene-AL06_RS02405;Dbxref=GeneID:69498810;Name=ugpC;gbkey=Gene;gene=ugpC;gene_biotype=protein_coding;locus_tag=AL06_RS02405;old_locus_tag=CXF52_RS02410,ugpC,protein_coding,470336,471481,454468,455721,FALSE,FALSE,AAGAATGGAGTTGCC,ACCATCCTTGGAGGT,ATG,-3.756025,7,TRUE,TRUE,-8.489565,5
NZ_CP025209.1,CDS,457460,458782,+,ID=gene-AL06_RS02410;Dbxref=GeneID:69498811;Name=secY;gbkey=Gene;gene=secY;gene_biotype=protein_coding;locus_tag=AL06_RS02410;old_locus_tag=CXF52_RS02415,secY,protein_coding,453749,454471,458782,459327,FALSE,TRUE,AGGAGAACCAGGAGG,ACGAAGGACTTCTTA,GTG,-11.41615,6,TRUE,TRUE,-4.40793,13
NZ_CP025209.1,CDS,458782,459327,+,ID=gene-AL06_RS02415;Dbxref=GeneID:69498812;Name=AL06_RS02415;gbkey=Gene;gene_biotype=protein_coding;locus_tag=AL06_RS02415;old_locus_tag=CXF52_RS02420,AL06_RS02415,protein_coding,457460,458782,459441,460235,TRUE,FALSE,ACGAAGGACTTCTTA,ACAGAAAGAAAACAC,ATG,-4.40793,13,TRUE,FALSE,0.9151,13
NZ_CP025209.1,CDS,459441,460235,+,ID=gene-AL06_RS02420;Dbxref=GeneID:69498813;Name=map;gbkey=Gene;gene=map;gene_biotype=protein_coding;locus_tag=AL06_RS02420;old_locus_tag=CXF52_RS02425,map,protein_coding,458782,459327,460574,462769,FALSE,FALSE,ACAGAAAGAAAACAC,CTCCCTGAAAGGTTG,ATG,0.9151,13,FALSE,TRUE,-3.82996,7
NZ_CP025209.1,CDS,460574,462769,+,ID=gene-AL06_RS02425;Dbxref=GeneID:69498814;Name=AL06_RS02425;gbkey=Gene;gene_biotype=protein_coding;locus_tag=AL06_RS02425;old_locus_tag=CXF52_RS02430,AL06_RS02425,protein_coding,459441,460235,462878,463636,FALSE,FALSE,CTCCCTGAAAGGTTG,AAGTTTTCTCATATT,GTG,-3.82996,7,TRUE,FALSE,0.9151,18
NZ_CP025209.1,CDS,462878,463636,+,ID=gene-AL06_RS02430;Dbxref=GeneID:69498815;Name=AL06_RS02430;gbkey=Gene;gene_biotype=protein_coding;locus_tag=AL06_RS02430;old_locus_tag=CXF52_RS02435,AL06_RS02430,protein_coding,460574,462769,463943,464161,FALSE,FALSE,AAGTTTTCTCATATT,TGTCAGGAATGTGGA,ATG,0.9151,18,FALSE,TRUE,-5.51615,7
NZ_CP025209.1,CDS,463943,464161,+,ID=gene-AL06_RS02435;Dbxref=GeneID:69498816;Name=infA;gbkey=Gene;gene=infA;gene_biotype=protein_coding;locus_tag=AL06_RS02435;old_locus_tag=CXF52_RS02440,infA,protein_coding,462878,463636,464347,464715,FALSE,FALSE,TGTCAGGAATGTGGA,CCGGAAAGGTACTGC,ATG,-5.51615,7,TRUE,TRUE,-6.15299,10
NZ_CP025209.1,CDS,464347,464715,+,ID=gene-AL06_RS02440;Dbxref=GeneID:69498817;Name=rpsM;gbkey=Gene;gene=rpsM;gene_biotype=protein_coding;locus_tag=AL06_RS02440;old_locus_tag=CXF52_RS02445,rpsM,protein_coding,463943,464161,464719,465123,FALSE,FALSE,CCGGAAAGGTACTGC,CGGAAAGAAGAAGTA,ATG,-6.15299,10,TRUE,FALSE,-1.247805,16
NZ_CP025209.1,CDS,464719,465123,+,ID=gene-AL06_RS02445;Dbxref=GeneID:69498818;Name=rpsK;gbkey=Gene;gene=rpsK;gene_biotype=protein_coding;locus_tag=AL06_RS02445;old_locus_tag=CXF52_RS02450,rpsK,protein_coding,464347,464715,465147,465752,FALSE,FALSE,CGGAAAGAAGAAGTA,AAAGGAAAGGTAACT,ATG,-1.247805,16,FALSE,TRUE,-9.313115,10
NZ_CP025209.1,CDS,465147,465752,+,ID=gene-AL06_RS02450;Dbxref=GeneID:69498819;Name=rpsD;gbkey=Gene;gene=rpsD;gene_biotype=protein_coding;locus_tag=AL06_RS02450;old_locus_tag=CXF52_RS02455,rpsD,protein_coding,464719,465123,465834,466850,FALSE,FALSE,AAAGGAAAGGTAACT,ACTTACAGGAGAGTA,ATG,-9.313115,10,TRUE,TRUE,-8.213115,7
NZ_CP025209.1,CDS,465834,466850,+,ID=gene-AL06_RS02455;Dbxref=GeneID:69498820;Name=AL06_RS02455;gbkey=Gene;gene_biotype=protein_coding;locus_tag=AL06_RS02455;old_locus_tag=CXF52_RS02460,AL06_RS02455,protein_coding,465147,465752,466931,467404,FALSE,FALSE,ACTTACAGGAGAGTA,TGTATACGAGGAGTA,ATG,-8.213115,7,TRUE,TRUE,-6.768055,8
NZ_CP025209.1,CDS,466931,467404,+,ID=gene-AL06_RS02460;Dbxref=GeneID:69498821;Name=rplQ;gbkey=Gene;gene=rplQ;gene_biotype=protein_coding;locus_tag=AL06_RS02460;old_locus_tag=CXF52_RS02465,rplQ,protein_coding,465834,466850,468526,469824,FALSE,FALSE,TGTATACGAGGAGTA,TAAGGAGACGTAGTC,ATG,-6.768055,8,TRUE,TRUE,-9.313115,10
NZ_CP025209.1,CDS,468526,469824,+,ID=gene-AL06_RS02470;Dbxref=GeneID:69498823;Name=eccB;gbkey=Gene;gene=eccB;gene_biotype=protein_coding;locus_tag=AL06_RS02470;old_locus_tag=CXF52_RS02475,eccB,protein_coding,466931,467404,469933,470355,FALSE,FALSE,TAAGGAGACGTAGTC,AAGGAACTTAGCAGC,GTG,-9.313115,10,TRUE,TRUE,-4.40793,16
NZ_CP025209.1,CDS,469933,470355,+,ID=gene-AL06_RS02475;Dbxref=GeneID:69498824;Name=AL06_RS02475;gbkey=Gene;gene_biotype=protein_coding;locus_tag=AL06_RS02475;old_locus_tag=CXF52_RS02480,AL06_RS02475,protein_coding,468526,469824,473219,476704,FALSE,FALSE,AAGGAACTTAGCAGC,GATTACCGTGGTCAT,ATG,-4.40793,16,TRUE,FALSE,-1.469835,8
NZ_CP025209.1,CDS,470336,471481,-,ID=gene-AL06_RS02480;Dbxref=GeneID:69498825;Name=AL06_RS02480;gbkey=Gene;gene_biotype=protein_coding;locus_tag=AL06_RS02480;old_locus_tag=CXF52_RS02485,AL06_RS02480,protein_coding,471494,472909,455836,456972,FALSE,FALSE,GGGTTAGGACGATAG,AAGAATGGAGTTGCC,ATG,-5.29374,12,TRUE,TRUE,-3.756025,7
NZ_CP025209.1,CDS,471494,472909,-,ID=gene-AL06_RS02485;Dbxref=GeneID:69498826;Name=eccD;gbkey=Gene;gene=eccD;gene_biotype=protein_coding;locus_tag=AL06_RS02485;old_locus_tag=CXF52_RS02490,eccD,protein_coding,483513,484367,470336,471481,FALSE,FALSE,GACATTTGAGGGGGT,GGGTTAGGACGATAG,GTG,-10.875515,6,TRUE,TRUE,-5.29374,12
NZ_CP025209.1,CDS,473219,476704,+,ID=gene-AL06_RS02495;Dbxref=GeneID:69498827;Name=AL06_RS02495;gbkey=Gene;gene_biotype=protein_coding;locus_tag=AL06_RS02495;old_locus_tag=CXF52_RS02500,AL06_RS02495,protein_coding,469933,470355,476769,477758,FALSE,FALSE,GATTACCGTGGTCAT,GAAAAAAGGGGGAAA,ATG,-1.469835,8,FALSE,TRUE,-9.241975,9
NZ_CP025209.1,CDS,476769,477758,+,ID=gene-AL06_RS02500;Dbxref=GeneID:69498828;Name=AL06_RS02500;gbkey=Gene;gene_biotype=protein_coding;locus_tag=AL06_RS02500;old_locus_tag=CXF52_RS02505,AL06_RS02500,protein_coding,473219,476704,477961,478278,FALSE,FALSE,GAAAAAAGGGGGAAA,CATATTTAGGGAGGG,GTG,-9.241975,9,TRUE,TRUE,-8.39374,6
NZ_CP025209.1,CDS,477961,478278,+,ID=gene-AL06_RS02505;Dbxref=GeneID:69498829;Name=AL06_RS02505;gbkey=Gene;gene_biotype=protein_coding;locus_tag=AL06_RS02505;old_locus_tag=CXF52_RS02510,AL06_RS02505,protein_coding,476769,477758,478323,478610,FALSE,FALSE,CATATTTAGGGAGGG,CACTCCAAGGAGAAC,ATG,-8.39374,6,TRUE,TRUE,-6.768055,9
NZ_CP025209.1,CDS,478323,478610,+,ID=gene-AL06_RS02510;Dbxref=GeneID:69498830;Name=AL06_RS02510;gbkey=Gene;gene_biotype=protein_coding;locus_tag=AL06_RS02510;old_locus_tag=CXF52_RS02515,AL06_RS02510,protein_coding,477961,478278,479035,479478,FALSE,FALSE,CACTCCAAGGAGAAC,GACTTAAAAGGAGTC,ATG,-6.768055,9,TRUE,TRUE,-6.768055,8
NZ_CP025209.1,CDS,479035,479478,+,ID=gene-AL06_RS02515;Dbxref=GeneID:69498831;Name=rplM;gbkey=Gene;gene=rplM;gene_biotype=protein_coding;locus_tag=AL06_RS02515;old_locus_tag=CXF52_RS02520,rplM,protein_coding,478323,478610,479475,480008,FALSE,TRUE,GACTTAAAAGGAGTC,AGTTCAAGCAGGTGG,GTG,-6.768055,8,TRUE,TRUE,-3.82996,7
NZ_CP025209.1,CDS,479475,480008,+,ID=gene-AL06_RS02520;Dbxref=GeneID:69498832;Name=rpsI;gbkey=Gene;gene=rpsI;gene_biotype=protein_coding;locus_tag=AL06_RS02520;old_locus_tag=CXF52_RS02525,rpsI,protein_coding,479035,479478,480177,481520,TRUE,FALSE,AGTTCAAGCAGGTGG,GACATGCATAATGGA,GTG,-3.82996,7,TRUE,FALSE,-1.347805,5
NZ_CP025209.1,CDS,480177,481520,+,ID=gene-AL06_RS02525;Dbxref=GeneID:69498833;Name=glmM;gbkey=Gene;gene=glmM;gene_biotype=protein_coding;locus_tag=AL06_RS02525;old_locus_tag=CXF52_RS02530,glmM,protein_coding,479475,480008,481625,481924,FALSE,FALSE,GACATGCATAATGGA,ATAACAAGGGGGTTT,ATG,-1.347805,5,FALSE,TRUE,-11.53894,8
NZ_CP025209.1,CDS,481625,481924,+,ID=gene-AL06_RS11715;Dbxref=GeneID:69500534;Name=AL06_RS11715;gbkey=Gene;gene_biotype=protein_coding;locus_tag=AL06_RS11715,AL06_RS11715,protein_coding,480177,481520,481921,483240,FALSE,TRUE,ATAACAAGGGGGTTT,CGCGACTAGGGGCTG,ATG,-11.53894,8,TRUE,TRUE,-7.641975,6
NZ_CP025209.1,CDS,481921,483240,+,ID=gene-AL06_RS02535;Dbxref=GeneID:69498834;Name=AL06_RS02535;gbkey=Gene;gene_biotype=protein_coding;locus_tag=AL06_RS02535;old_locus_tag=CXF52_RS02540,AL06_RS02535,protein_coding,481625,481924,483240,483494,TRUE,TRUE,CGCGACTAGGGGCTG,AGAAAGCGGGGTCAT,ATG,-7.641975,6,TRUE,TRUE,-5.13072,8
NZ_CP025209.1,CDS,483240,483494,+,ID=gene-AL06_RS02540;Dbxref=GeneID:69498835;Name=AL06_RS02540;gbkey=Gene;gene_biotype=protein_coding;locus_tag=AL06_RS02540;old_locus_tag=CXF52_RS02545,AL06_RS02540,protein_coding,481921,483240,484538,485686,TRUE,FALSE,AGAAAGCGGGGTCAT,AGTGGCATGATAGGA,ATG,-5.13072,8,TRUE,TRUE,-4.30793,6
NZ_CP025209.1,CDS,483513,484367,-,ID=gene-AL06_RS02545;Dbxref=GeneID:69498836;Name=AL06_RS02545;gbkey=Gene;gene_biotype=protein_coding;locus_tag=AL06_RS02545;old_locus_tag=CXF52_RS02550,AL06_RS02545,protein_coding,494763,495149,471494,472909,FALSE,FALSE,TCCACTATCCTTGAC,GACATTTGAGGGGGT,GTG,2.00029,6,FALSE,TRUE,-10.875515,6
NZ_CP025209.1,CDS,484538,485686,+,ID=gene-AL06_RS02550;Dbxref=GeneID:69498837;Name=alr;gbkey=Gene;gene=alr;gene_biotype=protein_coding;locus_tag=AL06_RS02550;old_locus_tag=CXF52_RS02555,alr,protein_coding,483240,483494,485693,486187,FALSE,FALSE,AGTGGCATGATAGGA,TACTGAAAGCTGATA,ATG,-4.30793,6,TRUE,FALSE,0.9151,12
NZ_CP025209.1,CDS,485693,486187,+,ID=gene-AL06_RS02555;Dbxref=GeneID:69498838;Name=tsaE;gbkey=Gene;gene=tsaE;gene_biotype=protein_coding;locus_tag=AL06_RS02555;old_locus_tag=CXF52_RS02560,tsaE,protein_coding,484538,485686,486452,488059,FALSE,FALSE,TACTGAAAGCTGATA,CAGGAGAACTCCAAT,ATG,0.9151,12,FALSE,TRUE,-6.468055,15
NZ_CP025209.1,CDS,486452,488059,+,ID=gene-AL06_RS02560;Dbxref=GeneID:69498839;Name=AL06_RS02560;gbkey=Gene;gene_biotype=protein_coding;locus_tag=AL06_RS02560;old_locus_tag=CXF52_RS02565,AL06_RS02560,protein_coding,485693,486187,488206,488679,FALSE,FALSE,CAGGAGAACTCCAAT,TACAAACGGAGGAAA,ATC,-6.468055,15,TRUE,TRUE,-6.856025,8
NZ_CP025209.1,CDS,488206,488679,+,ID=gene-AL06_RS02565;Dbxref=GeneID:69498840;Name=AL06_RS02565;gbkey=Gene;gene_biotype=protein_coding;locus_tag=AL06_RS02565;old_locus_tag=CXF52_RS02570,AL06_RS02565,protein_coding,486452,488059,488747,489415,FALSE,FALSE,TACAAACGGAGGAAA,GCGACTACGCTTACT,ATG,-6.856025,8,TRUE,FALSE,2.00029,16
NZ_CP025209.1,CDS,488747,489415,+,ID=gene-AL06_RS02570;Dbxref=GeneID:69498841;Name=tsaB;gbkey=Gene;gene=tsaB;gene_biotype=protein_coding;locus_tag=AL06_RS02570;old_locus_tag=CXF52_RS02575,tsaB,protein_coding,488206,488679,489416,489907,FALSE,FALSE,GCGACTACGCTTACT,TCCGGATGTGGAGTT,GTG,2.00029,16,FALSE,TRUE,-3.60793,7
NZ_CP025209.1,CDS,489416,489907,+,ID=gene-AL06_RS02575;Dbxref=GeneID:69498842;Name=rimI;gbkey=Gene;gene=rimI;gene_biotype=protein_coding;locus_tag=AL06_RS02575;old_locus_tag=CXF52_RS02580,rimI,protein_coding,488747,489415,489908,490960,FALSE,FALSE,TCCGGATGTGGAGTT,TGAAGGTGAGGATGC,GTG,-3.60793,7,TRUE,TRUE,-6.91615,10
NZ_CP025209.1,CDS,489908,490960,+,ID=gene-AL06_RS02580;Dbxref=GeneID:69498843;Name=tsaD;gbkey=Gene;gene=tsaD;gene_biotype=protein_coding;locus_tag=AL06_RS02580;old_locus_tag=CXF52_RS02585,tsaD,protein_coding,489416,489907,491102,491398,FALSE,FALSE,TGAAGGTGAGGATGC,CATGTAACGGAGGTA,ATG,-6.91615,10,TRUE,TRUE,-9.25299,6
NZ_CP025209.1,CDS,491102,491398,+,ID=gene-AL06_RS02585;Dbxref=GeneID:69498844;Name=groES;gbkey=Gene;gene=groES;gene_biotype=protein_coding;locus_tag=AL06_RS02585;old_locus_tag=CXF52_RS02590,groES,protein_coding,489908,490960,491411,493030,FALSE,FALSE,CATGTAACGGAGGTA,GAAGTAAGGCAGCCC,GTG,-9.25299,6,TRUE,FALSE,-2.868055,9
NZ_CP025209.1,CDS,491411,493030,+,ID=gene-AL06_RS02590;Dbxref=GeneID:69498845;Name=groL;gbkey=Gene;gene=groL;gene_biotype=protein_coding;locus_tag=AL06_RS02590;old_locus_tag=CXF52_RS02595,groL,protein_coding,491102,491398,493240,493794,FALSE,FALSE,GAAGTAAGGCAGCCC,AAGACCAGTGAACGA,ATG,-2.868055,9,FALSE,FALSE,0.9151,18
NZ_CP025209.1,CDS,493240,493794,+,ID=gene-AL06_RS02595;Dbxref=GeneID:69498846;Name=AL06_RS02595;gbkey=Gene;gene_biotype=protein_coding;locus_tag=AL06_RS02595;old_locus_tag=CXF52_RS02600,AL06_RS02595,protein_coding,491411,493030,493791,494693,FALSE,TRUE,AAGACCAGTGAACGA,TAGAGCAGGAGACTG,GTG,0.9151,18,FALSE,TRUE,-7.91615,6
NZ_CP025209.1,CDS,493791,494693,+,ID=gene-AL06_RS02600;Dbxref=GeneID:69498847;Name=AL06_RS02600;gbkey=Gene;gene_biotype=protein_coding;locus_tag=AL06_RS02600;old_locus_tag=CXF52_RS02605,AL06_RS02600,protein_coding,493240,493794,495306,496826,TRUE,FALSE,TAGAGCAGGAGACTG,TTTTCTCAGGAGTAA,ATG,-7.91615,6,TRUE,TRUE,-6.468055,9
NZ_CP025209.1,CDS,494763,495149,-,ID=gene-AL06_RS02605;Dbxref=GeneID:69498848;Name=AL06_RS02605;gbkey=Gene;gene_biotype=protein_coding;locus_tag=AL06_RS02605;old_locus_tag=CXF52_RS02610,AL06_RS02605,protein_coding,506894,507031,483513,484367,FALSE,FALSE,GGGCAATAGGGTGGG,TCCACTATCCTTGAC,GTG,-7.641975,6,TRUE,FALSE,2.00029,6
NZ_CP025209.1,CDS,495306,496826,+,ID=gene-AL06_RS02610;Dbxref=GeneID:69498849;Name=guaB;gbkey=Gene;gene=guaB;gene_biotype=protein_coding;locus_tag=AL06_RS02610;old_locus_tag=CXF52_RS02615,guaB,protein_coding,493791,494693,496854,497999,FALSE,FALSE,TTTTCTCAGGAGTAA,ATCTGAAAGGTCTTC,ATG,-6.468055,9,TRUE,TRUE,-3.82996,9
NZ_CP025209.1,CDS,496854,497999,+,ID=gene-AL06_RS02615;Dbxref=GeneID:69498850;Name=AL06_RS02615;gbkey=Gene;gene_biotype=protein_coding;locus_tag=AL06_RS02615;old_locus_tag=CXF52_RS02620,AL06_RS02615,protein_coding,495306,496826,498130,499026,FALSE,FALSE,ATCTGAAAGGTCTTC,TGTGTTACCTTGGGA,ATG,-3.82996,9,TRUE,FALSE,-2.88552,5
NZ_CP025209.1,CDS,498130,499026,+,ID=gene-AL06_RS02620;Dbxref=GeneID:69498851;Name=AL06_RS02620;gbkey=Gene;gene_biotype=protein_coding;locus_tag=AL06_RS02620;old_locus_tag=CXF52_RS02625,AL06_RS02620,protein_coding,496854,497999,499057,500046,FALSE,FALSE,TGTGTTACCTTGGGA,ATTTGTTAACTGTAG,ATG,-2.88552,5,FALSE,FALSE,0.315099999999999,6
NZ_CP025209.1,CDS,499057,500046,+,ID=gene-AL06_RS02625;Dbxref=GeneID:69498852;Name=AL06_RS02625;gbkey=Gene;gene_biotype=protein_coding;locus_tag=AL06_RS02625;old_locus_tag=CXF52_RS02630,AL06_RS02625,protein_coding,498130,499026,500046,501029,FALSE,TRUE,ATTTGTTAACTGTAG,CGAAGAGGCAGGGTA,ATG,0.315099999999999,6,FALSE,TRUE,-8.53894,7
NZ_CP025209.1,CDS,500046,501029,+,ID=gene-AL06_RS02630;Dbxref=GeneID:69498853;Name=AL06_RS02630;gbkey=Gene;gene_biotype=protein_coding;locus_tag=AL06_RS02630;old_locus_tag=CXF52_RS02635,AL06_RS02630,protein_coding,499057,500046,501033,501845,TRUE,FALSE,CGAAGAGGCAGGGTA,TGTGAAGAGGAAATA,ATG,-8.53894,7,TRUE,TRUE,-4.40793,10
NZ_CP025209.1,CDS,501033,501845,+,ID=gene-AL06_RS02635;Dbxref=GeneID:69498854;Name=AL06_RS02635;gbkey=Gene;gene_biotype=protein_coding;locus_tag=AL06_RS02635;old_locus_tag=CXF52_RS02640,AL06_RS02635,protein_coding,500046,501029,501867,505190,FALSE,FALSE,TGTGAAGAGGAAATA,TAGGGTAGCTTCGCC,ATG,-4.40793,10,TRUE,TRUE,-4.678055,13
NZ_CP025209.1,CDS,501867,505190,+,ID=gene-AL06_RS02640;Dbxref=GeneID:69498855;Name=AL06_RS02640;gbkey=Gene;gene_biotype=protein_coding;locus_tag=AL06_RS02640;old_locus_tag=CXF52_RS02645,AL06_RS02640,protein_coding,501033,501845,505230,506459,FALSE,FALSE,TAGGGTAGCTTCGCC,TAAGGAAGGAGCTGT,GTG,-4.678055,13,TRUE,TRUE,-8.54969,6
NZ_CP025209.1,CDS,505230,506459,+,ID=gene-AL06_RS02645;Dbxref=GeneID:69498856;Name=AL06_RS02645;gbkey=Gene;gene_biotype=protein_coding;locus_tag=AL06_RS02645;old_locus_tag=CXF52_RS02650,AL06_RS02645,protein_coding,501867,505190,506459,506920,FALSE,TRUE,TAAGGAAGGAGCTGT,GTTCTGATGTATTAG,ATG,-8.54969,6,TRUE,FALSE,0.315099999999999,6
NZ_CP025209.1,CDS,506459,506920,+,ID=gene-AL06_RS02650;Dbxref=GeneID:69498857;Name=AL06_RS02650;gbkey=Gene;gene_biotype=protein_coding;locus_tag=AL06_RS02650;old_locus_tag=CXF52_RS02655,AL06_RS02650,protein_coding,505230,506459,508178,508576,TRUE,FALSE,GTTCTGATGTATTAG,ATATTGCGCAATAAC,ATG,0.315099999999999,6,FALSE,FALSE,3.775225,18
NZ_CP025209.1,CDS,506894,507031,-,ID=gene-AL06_RS11720;Dbxref=GeneID:69500535;Name=AL06_RS11720;gbkey=Gene;gene_biotype=protein_coding;locus_tag=AL06_RS11720,AL06_RS11720,protein_coding,510376,510921,494763,495149,FALSE,FALSE,AAGGAGCATATTTCA,GGGCAATAGGGTGGG,GTG,-6.768055,15,TRUE,TRUE,-7.641975,6
NZ_CP025209.1,CDS,508178,508576,+,ID=gene-AL06_RS11830;Dbxref=GeneID:69500552;Name=AL06_RS11830;gbkey=Gene;gene_biotype=protein_coding;locus_tag=AL06_RS11830,AL06_RS11830,protein_coding,506459,506920,508723,510300,FALSE,FALSE,ATATTGCGCAATAAC,GTCAGGTAAGATTTT,ATG,3.775225,18,FALSE,TRUE,-3.92996,13
NZ_CP025209.1,CDS,508723,510300,+,ID=gene-AL06_RS02665;Dbxref=GeneID:69498859;Name=guaA;gbkey=Gene;gene=guaA;gene_biotype=protein_coding;locus_tag=AL06_RS02665;old_locus_tag=CXF52_RS02670,guaA,protein_coding,508178,508576,511150,511605,FALSE,FALSE,GTCAGGTAAGATTTT,GATGCATGGAGGTTT,GTG,-3.92996,13,TRUE,TRUE,-9.15299,7
NZ_CP025209.1,CDS,510376,510921,-,ID=gene-AL06_RS02670;Dbxref=GeneID:69498860;Name=AL06_RS02670;gbkey=Gene;gene_biotype=protein_coding;locus_tag=AL06_RS02670;old_locus_tag=CXF52_RS02675,AL06_RS02670,protein_coding,511624,512745,506894,507031,FALSE,FALSE,CTCGACATCCTGTGC,AAGGAGCATATTTCA,ATG,1.77826,7,FALSE,TRUE,-6.768055,15
NZ_CP025209.1,CDS,511150,511605,+,ID=gene-AL06_RS02675;Dbxref=GeneID:69498861;Name=AL06_RS02675;gbkey=Gene;gene_biotype=protein_coding;locus_tag=AL06_RS02675;old_locus_tag=CXF52_RS02680,AL06_RS02675,protein_coding,508723,510300,512838,514058,FALSE,FALSE,GATGCATGGAGGTTT,ATTCAGGGACATCCC,ATG,-9.15299,7,TRUE,TRUE,-4.156165,13
NZ_CP025209.1,CDS,511624,512745,-,ID=gene-AL06_RS02680;Dbxref=GeneID:69498862;Name=AL06_RS02680;gbkey=Gene;gene_biotype=protein_coding;locus_tag=AL06_RS02680;old_locus_tag=CXF52_RS02685,AL06_RS02680,protein_coding,515469,515909,510376,510921,FALSE,FALSE,GGGCGCGGTGGTCGG,CTCGACATCCTGTGC,ATG,-4.978815,11,TRUE,FALSE,1.77826,7
NZ_CP025209.1,CDS,512838,514058,+,ID=gene-AL06_RS02685;Dbxref=GeneID:69498863;Name=AL06_RS02685;gbkey=Gene;gene_biotype=protein_coding;locus_tag=AL06_RS02685;old_locus_tag=CXF52_RS02690,AL06_RS02685,protein_coding,511150,511605,514064,514759,FALSE,FALSE,ATTCAGGGACATCCC,TTGACGGACAATAGA,GTG,-4.156165,13,TRUE,FALSE,-1.247805,12
NZ_CP025209.1,CDS,514064,514759,+,ID=gene-AL06_RS02690;Dbxref=GeneID:69498864;Name=AL06_RS02690;gbkey=Gene;gene_biotype=protein_coding;locus_tag=AL06_RS02690;old_locus_tag=CXF52_RS02695,AL06_RS02690,protein_coding,512838,514058,514909,515259,FALSE,FALSE,TTGACGGACAATAGA,CCAAAAGGAGTGTTT,ATG,-1.247805,12,FALSE,TRUE,-8.413115,8
NZ_CP025209.1,CDS,514909,515259,+,ID=gene-AL06_RS02695;Dbxref=GeneID:69498865;Name=AL06_RS02695;gbkey=Gene;gene_biotype=protein_coding;locus_tag=AL06_RS02695;old_locus_tag=CXF52_RS02700,AL06_RS02695,protein_coding,514064,514759,515983,516717,FALSE,FALSE,CCAAAAGGAGTGTTT,CAGGTTCTATTATAG,GTG,-8.413115,8,TRUE,TRUE,-3.82996,15
NZ_CP025209.1,CDS,515469,515909,-,ID=gene-AL06_RS02700;Dbxref=GeneID:69498866;Name=AL06_RS02700;gbkey=Gene;gene_biotype=protein_coding;locus_tag=AL06_RS02700;old_locus_tag=CXF52_RS02705,AL06_RS02700,protein_coding,518268,518969,511624,512745,FALSE,FALSE,ACTGCTAATCTTGCC,GGGCGCGGTGGTCGG,ATG,3.775225,14,FALSE,TRUE,-4.978815,11
NZ_CP025209.1,CDS,515983,516717,+,ID=gene-AL06_RS02705;Dbxref=GeneID:69498867;Name=AL06_RS02705;gbkey=Gene;gene_biotype=protein_coding;locus_tag=AL06_RS02705;old_locus_tag=CXF52_RS02710,AL06_RS02705,protein_coding,514909,515259,516726,518264,FALSE,FALSE,CAGGTTCTATTATAG,AAGTGGTCTAAAGAA,ATG,-3.82996,15,TRUE,FALSE,-1.469835,13
NZ_CP025209.1,CDS,516726,518264,+,ID=gene-AL06_RS02710;Dbxref=GeneID:69498868;Name=AL06_RS02710;gbkey=Gene;gene_biotype=protein_coding;locus_tag=AL06_RS02710;old_locus_tag=CXF52_RS02715,AL06_RS02710,protein_coding,515983,516717,519074,519952,FALSE,FALSE,AAGTGGTCTAAAGAA,GGGGAGGTACTCTAG,ATG,-1.469835,13,FALSE,TRUE,-10.790705,12
NZ_CP025209.1,CDS,518268,518969,-,ID=gene-AL06_RS02715;Dbxref=GeneID:69498869;Name=AL06_RS02715;gbkey=Gene;gene_biotype=protein_coding;locus_tag=AL06_RS02715;old_locus_tag=CXF52_RS02720,AL06_RS02715,protein_coding,519969,521426,515469,515909,FALSE,FALSE,AACAGGTTACGGTAG,ACTGCTAATCTTGCC,ATG,-5.113115,8,TRUE,FALSE,3.775225,14
NZ_CP025209.1,CDS,519074,519952,+,ID=gene-AL06_RS02720;Dbxref=GeneID:69498870;Name=AL06_RS02720;gbkey=Gene;gene_biotype=protein_coding;locus_tag=AL06_RS02720;old_locus_tag=CXF52_RS02725,AL06_RS02720,protein_coding,516726,518264,528557,529006,FALSE,FALSE,GGGGAGGTACTCTAG,GATGCTTATGGGTAG,ATG,-10.790705,12,TRUE,FALSE,-3.10755,7
NZ_CP025209.1,CDS,519969,521426,-,ID=gene-AL06_RS02725;Dbxref=GeneID:69498871;Name=AL06_RS02725;gbkey=Gene;gene_biotype=protein_coding;locus_tag=AL06_RS02725;old_locus_tag=CXF52_RS02730,AL06_RS02725,protein_coding,521527,522204,518268,518969,FALSE,FALSE,CAGGACTACCCTTGG,AACAGGTTACGGTAG,ATG,-6.11615,6,TRUE,TRUE,-5.113115,8
NZ_CP025209.1,CDS,521527,522204,-,ID=gene-AL06_RS02730;Dbxref=GeneID:69498872;Name=AL06_RS02730;gbkey=Gene;gene_biotype=protein_coding;locus_tag=AL06_RS02730;old_locus_tag=CXF52_RS02735,AL06_RS02730,protein_coding,522201,523223,519969,521426,TRUE,FALSE,ACATCCAGGAGATCC,CAGGACTACCCTTGG,ATG,-6.468055,10,TRUE,TRUE,-6.11615,6
NZ_CP025209.1,CDS,522201,523223,-,ID=gene-AL06_RS02735;Dbxref=GeneID:69498873;Name=AL06_RS02735;gbkey=Gene;gene_biotype=protein_coding;locus_tag=AL06_RS02735;old_locus_tag=CXF52_RS02740,AL06_RS02735,protein_coding,523261,524133,521527,522204,FALSE,TRUE,GGAAGCAATTACTAC,ACATCCAGGAGATCC,ATG,-1.347805,17,FALSE,TRUE,-6.468055,10
NZ_CP025209.1,CDS,523261,524133,-,ID=gene-AL06_RS02740;Dbxref=GeneID:69498874;Name=AL06_RS02740;gbkey=Gene;gene_biotype=protein_coding;locus_tag=AL06_RS02740;old_locus_tag=CXF52_RS02745,AL06_RS02740,protein_coding,524307,525179,522201,523223,FALSE,FALSE,AATAGAAAAGAGTTT,GGAAGCAATTACTAC,ATG,-0.359835,8,FALSE,FALSE,-1.347805,17
NZ_CP025209.1,CDS,524307,525179,-,ID=gene-AL06_RS02745;Dbxref=GeneID:69498875;Name=AL06_RS02745;gbkey=Gene;gene_biotype=protein_coding;locus_tag=AL06_RS02745;old_locus_tag=CXF52_RS02750,AL06_RS02745,protein_coding,536006,537118,523261,524133,FALSE,FALSE,CATAACAGAAAGACA,AATAGAAAAGAGTTT,ATG,0.9151,9,FALSE,FALSE,-0.359835,8
NZ_CP025209.1,CDS,528557,529006,+,ID=gene-AL06_RS02755;Dbxref=GeneID:69498877;Name=AL06_RS02755;gbkey=Gene;gene_biotype=protein_coding;locus_tag=AL06_RS02755;old_locus_tag=CXF52_RS02760,AL06_RS02755,protein_coding,519074,519952,529003,530343,FALSE,TRUE,GATGCTTATGGGTAG,GCGAGAGGCTTAGCG,ATG,-3.10755,7,FALSE,TRUE,-4.31615,6
NZ_CP025209.1,CDS,529003,530343,+,ID=gene-AL06_RS02760;Dbxref=GeneID:69498878;Name=AL06_RS02760;gbkey=Gene;gene_biotype=protein_coding;locus_tag=AL06_RS02760;old_locus_tag=CXF52_RS02765,AL06_RS02760,protein_coding,528557,529006,530411,531376,TRUE,FALSE,GCGAGAGGCTTAGCG,GTCAAACAGGAGAAG,ATG,-4.31615,6,TRUE,TRUE,-8.31615,6
NZ_CP025209.1,CDS,530411,531376,+,ID=gene-AL06_RS02765;Dbxref=GeneID:69498879;Name=AL06_RS02765;gbkey=Gene;gene_biotype=protein_coding;locus_tag=AL06_RS02765;old_locus_tag=CXF52_RS02770,AL06_RS02765,protein_coding,529003,530343,531445,532230,FALSE,FALSE,GTCAAACAGGAGAAG,ACAAAGTTCACTCTC,ATG,-8.31615,6,TRUE,FALSE,0.9151,15
NZ_CP025209.1,CDS,531445,532230,+,ID=gene-AL06_RS02770;Dbxref=GeneID:69498880;Name=AL06_RS02770;gbkey=Gene;gene_biotype=protein_coding;locus_tag=AL06_RS02770;old_locus_tag=CXF52_RS02775,AL06_RS02770,protein_coding,530411,531376,532220,533053,FALSE,TRUE,ACAAAGTTCACTCTC,CAAGCATATGGGGGA,ATG,0.9151,15,FALSE,TRUE,-6.08185,6
NZ_CP025209.1,CDS,532220,533053,+,ID=gene-AL06_RS02775;Dbxref=GeneID:69498881;Name=AL06_RS02775;gbkey=Gene;gene_biotype=protein_coding;locus_tag=AL06_RS02775;old_locus_tag=CXF52_RS02780,AL06_RS02775,protein_coding,531445,532230,533050,533856,TRUE,TRUE,CAAGCATATGGGGGA,GTTCGGTTGGGAGAA,ATG,-6.08185,6,TRUE,TRUE,-5.145645,7
NZ_CP025209.1,CDS,533050,533856,+,ID=gene-AL06_RS02780;Dbxref=GeneID:69498882;Name=AL06_RS02780;gbkey=Gene;gene_biotype=protein_coding;locus_tag=AL06_RS02780;old_locus_tag=CXF52_RS02785,AL06_RS02780,protein_coding,532220,533053,533871,534485,TRUE,FALSE,GTTCGGTTGGGAGAA,CTTGAAAAACGTGTG,ATG,-5.145645,7,TRUE,FALSE,1.77826,8
NZ_CP025209.1,CDS,533871,534485,+,ID=gene-AL06_RS02785;Dbxref=GeneID:69498883;Name=AL06_RS02785;gbkey=Gene;gene_biotype=protein_coding;locus_tag=AL06_RS02785;old_locus_tag=CXF52_RS02790,AL06_RS02785,protein_coding,533050,533856,534707,535552,FALSE,FALSE,CTTGAAAAACGTGTG,ACATGCAATAATCAA,ATG,1.77826,8,FALSE,FALSE,3.775225,11
NZ_CP025209.1,CDS,534707,535552,+,ID=gene-AL06_RS02790;Dbxref=GeneID:69498884;Name=AL06_RS02790;gbkey=Gene;gene_biotype=protein_coding;locus_tag=AL06_RS02790;old_locus_tag=CXF52_RS02795,AL06_RS02790,protein_coding,533871,534485,535545,535871,FALSE,TRUE,ACATGCAATAATCAA,GTAGTAGAGCGTGCT,GTG,3.775225,11,FALSE,FALSE,-2.004895,8
NZ_CP025209.1,CDS,535545,535871,+,ID=gene-AL06_RS02795;Dbxref=GeneID:69498885;Name=AL06_RS02795;gbkey=Gene;gene_biotype=protein_coding;locus_tag=AL06_RS02795;old_locus_tag=CXF52_RS02800,AL06_RS02795,protein_coding,534707,535552,539186,539860,TRUE,FALSE,GTAGTAGAGCGTGCT,AATGAGGAGTCCCCG,GTG,-2.004895,8,FALSE,TRUE,-6.91615,6
NZ_CP025209.1,CDS,536006,537118,-,ID=gene-AL06_RS02800;Dbxref=GeneID:69498886;Name=AL06_RS02800;gbkey=Gene;gene_biotype=protein_coding;locus_tag=AL06_RS02800;old_locus_tag=CXF52_RS02805,AL06_RS02800,protein_coding,537328,538431,524307,525179,FALSE,FALSE,CAACATTGGGGGAAT,CATAACAGAAAGACA,ATG,-6.08185,8,TRUE,FALSE,0.9151,9
NZ_CP025209.1,CDS,537328,538431,-,ID=gene-AL06_RS02805;Dbxref=GeneID:69498887;Name=AL06_RS02805;gbkey=Gene;gene_biotype=protein_coding;locus_tag=AL06_RS02805;old_locus_tag=CXF52_RS02810,AL06_RS02805,protein_coding,538575,538883,536006,537118,FALSE,FALSE,GCCACGAGAGGTCGG,CAACATTGGGGGAAT,ATG,-5.904895,8,TRUE,TRUE,-6.08185,8
NZ_CP025209.1,CDS,538575,538883,-,ID=gene-AL06_RS02810;Dbxref=GeneID:69498888;Name=AL06_RS02810;gbkey=Gene;gene_biotype=protein_coding;locus_tag=AL06_RS02810;old_locus_tag=CXF52_RS02815,AL06_RS02810,protein_coding,545027,546343,537328,538431,FALSE,FALSE,AACTTGGGAACGCAT,GCCACGAGAGGTCGG,ATG,-2.78552,11,FALSE,TRUE,-5.904895,8
NZ_CP025209.1,CDS,539186,539860,+,ID=gene-AL06_RS12050;Dbxref=GeneID:69500592;Name=AL06_RS12050;gbkey=Gene;gene_biotype=protein_coding;locus_tag=AL06_RS12050,AL06_RS12050,protein_coding,535545,535871,539875,540960,FALSE,FALSE,AATGAGGAGTCCCCG,TCTGATGGCAATGGT,GTG,-6.91615,6,TRUE,FALSE,-0.806410000000001,5
NZ_CP025209.1,CDS,539875,540960,+,ID=gene-AL06_RS12055;Dbxref=GeneID:69500593;Name=AL06_RS12055;gbkey=Gene;gene_biotype=protein_coding;locus_tag=AL06_RS12055,AL06_RS12055,protein_coding,539186,539860,540971,542032,FALSE,FALSE,TCTGATGGCAATGGT,CCGGTGTAGGTGATG,ATG,-0.806410000000001,5,FALSE,TRUE,-3.82996,9
NZ_CP025209.1,CDS,540971,542032,+,ID=gene-AL06_RS02820;Dbxref=GeneID:69498889;Name=AL06_RS02820;gbkey=Gene;gene_biotype=protein_coding;locus_tag=AL06_RS02820;old_locus_tag=CXF52_RS02825,AL06_RS02820,protein_coding,539875,540960,542016,543068,FALSE,TRUE,CCGGTGTAGGTGATG,CGCACGGCACAGGCT,ATG,-3.82996,9,TRUE,FALSE,-2.032995,8
NZ_CP025209.1,CDS,542016,543068,+,ID=gene-AL06_RS02825;Dbxref=GeneID:69498890;Name=AL06_RS02825;gbkey=Gene;gene_biotype=protein_coding;locus_tag=AL06_RS02825;old_locus_tag=CXF52_RS02830,AL06_RS02825,protein_coding,540971,542032,543089,543922,TRUE,FALSE,CGCACGGCACAGGCT,TGCTGATGATCAAAG,ATG,-2.032995,8,FALSE,FALSE,0.1151,6
NZ_CP025209.1,CDS,543089,543922,+,ID=gene-AL06_RS02830;Dbxref=GeneID:69498891;Name=AL06_RS02830;gbkey=Gene;gene_biotype=protein_coding;locus_tag=AL06_RS02830;old_locus_tag=CXF52_RS02835,AL06_RS02830,protein_coding,542016,543068,544109,545128,FALSE,FALSE,TGCTGATGATCAAAG,TAGGAAGGGCTATCC,GTG,0.1151,6,FALSE,TRUE,-6.71615,12
NZ_CP025209.1,CDS,544109,545128,+,ID=gene-AL06_RS02835;Dbxref=GeneID:69498892;Name=AL06_RS02835;gbkey=Gene;gene_biotype=protein_coding;locus_tag=AL06_RS02835;old_locus_tag=CXF52_RS02840,AL06_RS02835,protein_coding,543089,543922,549022,550278,FALSE,FALSE,TAGGAAGGGCTATCC,GGACGCTCATCAGGG,ATG,-6.71615,12,TRUE,TRUE,-4.156165,6
NZ_CP025209.1,CDS,545027,546343,-,ID=gene-AL06_RS02840;Dbxref=GeneID:69498893;Name=AL06_RS02840;gbkey=Gene;gene_biotype=protein_coding;locus_tag=AL06_RS02840;old_locus_tag=CXF52_RS02845,AL06_RS02840,protein_coding,546595,548808,538575,538883,FALSE,FALSE,GGGAAGGAATCGACG,AACTTGGGAACGCAT,ATG,-5.11615,6,TRUE,FALSE,-2.78552,11
NZ_CP025209.1,CDS,546595,548808,-,ID=gene-AL06_RS02845;Dbxref=GeneID:69498894;Name=AL06_RS02845;gbkey=Gene;gene_biotype=protein_coding;locus_tag=AL06_RS02845;old_locus_tag=CXF52_RS02850,AL06_RS02845,protein_coding,554140,555399,545027,546343,FALSE,FALSE,CTGATGAACGAGGAG,GGGAAGGAATCGACG,ATG,-7.568055,6,TRUE,TRUE,-5.11615,6
NZ_CP025209.1,CDS,549022,550278,+,ID=gene-AL06_RS02850;Dbxref=GeneID:69498895;Name=AL06_RS02850;gbkey=Gene;gene_biotype=protein_coding;locus_tag=AL06_RS02850;old_locus_tag=CXF52_RS02855,AL06_RS02850,protein_coding,544109,545128,550289,551194,FALSE,FALSE,GGACGCTCATCAGGG,CACCGCTAGGATGGC,ATG,-4.156165,6,TRUE,TRUE,-5.91615,7
NZ_CP025209.1,CDS,550289,551194,+,ID=gene-AL06_RS02855;Dbxref=GeneID:69498896;Name=AL06_RS02855;gbkey=Gene;gene_biotype=protein_coding;locus_tag=AL06_RS02855;old_locus_tag=CXF52_RS02860,AL06_RS02855,protein_coding,549022,550278,551340,551519,FALSE,FALSE,CACCGCTAGGATGGC,AATCAGGAGCAGTTA,ATG,-5.91615,7,TRUE,TRUE,-8.913115,8
NZ_CP025209.1,CDS,551340,551519,+,ID=gene-AL06_RS02860;Dbxref=GeneID:69498897;Name=AL06_RS02860;gbkey=Gene;gene_biotype=protein_coding;locus_tag=AL06_RS02860;old_locus_tag=CXF52_RS02865,AL06_RS02860,protein_coding,550289,551194,551702,552745,FALSE,FALSE,AATCAGGAGCAGTTA,GTTGTGACTGCGCTG,ATG,-8.913115,8,TRUE,FALSE,1.57826,18
NZ_CP025209.1,CDS,551702,552745,+,ID=gene-AL06_RS02865;Dbxref=GeneID:69498898;Name=trpS;gbkey=Gene;gene=trpS;gene_biotype=protein_coding;locus_tag=AL06_RS02865;old_locus_tag=CXF52_RS02870,trpS,protein_coding,551340,551519,552874,554034,FALSE,FALSE,GTTGTGACTGCGCTG,TAAAAAGGCAGAAAT,ATG,1.57826,18,FALSE,FALSE,-2.868055,10
NZ_CP025209.1,CDS,552874,554034,+,ID=gene-AL06_RS02870;Dbxref=GeneID:69498899;Name=AL06_RS02870;gbkey=Gene;gene_biotype=protein_coding;locus_tag=AL06_RS02870;old_locus_tag=CXF52_RS02875,AL06_RS02870,protein_coding,551702,552745,555398,556342,FALSE,FALSE,TAAAAAGGCAGAAAT,GTGGCTTAAGGTGTA,ATG,-2.868055,10,FALSE,TRUE,-3.82996,8
NZ_CP025209.1,CDS,554140,555399,-,ID=gene-AL06_RS02875;Dbxref=GeneID:69498900;Name=AL06_RS02875;gbkey=Gene;gene_biotype=protein_coding;locus_tag=AL06_RS02875;old_locus_tag=CXF52_RS02880,AL06_RS02875,protein_coding,556624,557856,546595,548808,FALSE,FALSE,GAAAATAGGGGTGTC,CTGATGAACGAGGAG,ATG,-7.43894,7,TRUE,TRUE,-7.568055,6
NZ_CP025209.1,CDS,555398,556342,+,ID=gene-AL06_RS02880;Dbxref=GeneID:69498901;Name=AL06_RS02880;gbkey=Gene;gene_biotype=protein_coding;locus_tag=AL06_RS02880;old_locus_tag=CXF52_RS02885,AL06_RS02880,protein_coding,552874,554034,556349,556627,FALSE,FALSE,GTGGCTTAAGGTGTA,CCTAGATCTCTAGGA,ATG,-3.82996,8,TRUE,TRUE,-4.30793,6
NZ_CP025209.1,CDS,556349,556627,+,ID=gene-AL06_RS02885;Dbxref=GeneID:69498902;Name=AL06_RS02885;gbkey=Gene;gene_biotype=protein_coding;locus_tag=AL06_RS02885;old_locus_tag=CXF52_RS02890,AL06_RS02885,protein_coding,555398,556342,559059,559694,FALSE,FALSE,CCTAGATCTCTAGGA,CGGCGCTACGATGGC,GTG,-4.30793,6,TRUE,FALSE,0.827129999999999,17
NZ_CP025209.1,CDS,556624,557856,-,ID=gene-AL06_RS02890;Dbxref=GeneID:69498903;Name=AL06_RS02890;gbkey=Gene;gene_biotype=protein_coding;locus_tag=AL06_RS02890;old_locus_tag=CXF52_RS02895,AL06_RS02890,protein_coding,557877,558716,554140,555399,FALSE,FALSE,CCCGCTAAGATGCAT,GAAAATAGGGGTGTC,ATG,0.9151,12,FALSE,TRUE,-7.43894,7
NZ_CP025209.1,CDS,557877,558716,-,ID=gene-AL06_RS02895;Dbxref=GeneID:69498904;Name=AL06_RS02895;gbkey=Gene;gene_biotype=protein_coding;locus_tag=AL06_RS02895;old_locus_tag=CXF52_RS02900,AL06_RS02895,protein_coding,558713,558994,556624,557856,TRUE,FALSE,CCCGACGAGAGGACA,CCCGCTAAGATGCAT,GTG,-4.40793,8,TRUE,FALSE,0.9151,12
NZ_CP025209.1,CDS,558713,558994,-,ID=gene-AL06_RS02900;Dbxref=GeneID:69498905;Name=AL06_RS02900;gbkey=Gene;gene_biotype=protein_coding;locus_tag=AL06_RS02900;old_locus_tag=CXF52_RS02905,AL06_RS02900,protein_coding,567278,568042,557877,558716,FALSE,TRUE,TCATTACGTCTAAAC,CCCGACGAGAGGACA,ATG,1.77826,11,FALSE,TRUE,-4.40793,8
NZ_CP025209.1,CDS,559059,559694,+,ID=gene-AL06_RS02905;Dbxref=GeneID:69498906;Name=upp;gbkey=Gene;gene=upp;gene_biotype=protein_coding;locus_tag=AL06_RS02905;old_locus_tag=CXF52_RS02910,upp,protein_coding,556349,556627,559888,560439,FALSE,FALSE,CGGCGCTACGATGGC,ATTGGGCACATTTGA,ATG,0.827129999999999,17,FALSE,FALSE,-1.29604,14
NZ_CP025209.1,CDS,559888,560439,+,ID=gene-AL06_RS02910;Dbxref=GeneID:69498907;Name=AL06_RS02910;gbkey=Gene;gene_biotype=protein_coding;locus_tag=AL06_RS02910;old_locus_tag=CXF52_RS02915,AL06_RS02910,protein_coding,559059,559694,560538,561728,FALSE,FALSE,ATTGGGCACATTTGA,TGAAAGGCAGGGAAG,ATG,-1.29604,14,FALSE,TRUE,-6.141975,9
NZ_CP025209.1,CDS,560538,561728,+,ID=gene-AL06_RS02915;Dbxref=GeneID:69498908;Name=AL06_RS02915;gbkey=Gene;gene_biotype=protein_coding;locus_tag=AL06_RS02915;old_locus_tag=CXF52_RS02920,AL06_RS02915,protein_coding,559888,560439,561837,563243,FALSE,FALSE,TGAAAGGCAGGGAAG,CACCCATACTGGAGG,GTG,-6.141975,9,TRUE,TRUE,-8.556025,5
NZ_CP025209.1,CDS,561837,563243,+,ID=gene-AL06_RS02920;Dbxref=GeneID:69498909;Name=AL06_RS02920;gbkey=Gene;gene_biotype=protein_coding;locus_tag=AL06_RS02920;old_locus_tag=CXF52_RS02925,AL06_RS02920,protein_coding,560538,561728,563763,567188,FALSE,FALSE,CACCCATACTGGAGG,AAACAAGGACAAACT,GTG,-8.556025,5,TRUE,TRUE,-4.40793,12
NZ_CP025209.1,CDS,563763,567188,+,ID=gene-AL06_RS02925;Dbxref=GeneID:69498910;Name=AL06_RS02925;gbkey=Gene;gene_biotype=protein_coding;locus_tag=AL06_RS02925;old_locus_tag=CXF52_RS02930,AL06_RS02925,protein_coding,561837,563243,572152,573210,FALSE,FALSE,AAACAAGGACAAACT,ACCCCGAAAGGTTCA,GTG,-4.40793,12,TRUE,TRUE,-3.82996,8
NZ_CP025209.1,CDS,567278,568042,-,ID=gene-AL06_RS02930;Dbxref=GeneID:69498911;Name=AL06_RS02930;gbkey=Gene;gene_biotype=protein_coding;locus_tag=AL06_RS02930;old_locus_tag=CXF52_RS02935,AL06_RS02930,protein_coding,568057,568431,558713,558994,FALSE,FALSE,ACTAATACAATAAGG,TCATTACGTCTAAAC,ATG,-3.532995,6,TRUE,FALSE,1.77826,11
NZ_CP025209.1,CDS,568057,568431,-,ID=gene-AL06_RS02935;Dbxref=GeneID:69498912;Name=AL06_RS02935;gbkey=Gene;gene_biotype=protein_coding;locus_tag=AL06_RS02935;old_locus_tag=CXF52_RS02940,AL06_RS02935,protein_coding,568633,570417,567278,568042,FALSE,FALSE,AAGCTTTACACTATG,ACTAATACAATAAGG,ATG,0.9151,18,FALSE,TRUE,-3.532995,6
NZ_CP025209.1,CDS,568633,570417,-,ID=gene-AL06_RS02940;Dbxref=GeneID:69498913;Name=AL06_RS02940;gbkey=Gene;gene_biotype=protein_coding;locus_tag=AL06_RS02940;old_locus_tag=CXF52_RS02945,AL06_RS02940,protein_coding,570674,571555,568057,568431,FALSE,FALSE,CAGAACCAGGAGAGC,AAGCTTTACACTATG,GTG,-6.468055,9,TRUE,FALSE,0.9151,18
NZ_CP025209.1,CDS,570674,571555,-,ID=gene-AL06_RS02945;Dbxref=GeneID:69498914;Name=AL06_RS02945;gbkey=Gene;gene_biotype=protein_coding;locus_tag=AL06_RS02945;old_locus_tag=CXF52_RS02950,AL06_RS02945,protein_coding,575519,575947,568633,570417,FALSE,FALSE,GTCATTGAAGAAGGT,CAGAACCAGGAGAGC,ATG,-3.166535,5,FALSE,TRUE,-6.468055,9
NZ_CP025209.1,CDS,572152,573210,+,ID=gene-AL06_RS02950;Dbxref=GeneID:69498915;Name=AL06_RS02950;gbkey=Gene;gene_biotype=protein_coding;locus_tag=AL06_RS02950;old_locus_tag=CXF52_RS02955,AL06_RS02950,protein_coding,563763,567188,573405,575522,FALSE,FALSE,ACCCCGAAAGGTTCA,CTAAGACGCGAGATT,TTG,-3.82996,8,TRUE,FALSE,-0.359835,8
NZ_CP025209.1,CDS,573405,575522,+,ID=gene-AL06_RS02955;Dbxref=GeneID:69498916;Name=AL06_RS02955;gbkey=Gene;gene_biotype=protein_coding;locus_tag=AL06_RS02955;old_locus_tag=CXF52_RS02960,AL06_RS02955,protein_coding,572152,573210,582151,582357,FALSE,FALSE,CTAAGACGCGAGATT,ATTCTGAAAGAGAGA,GTG,-0.359835,8,FALSE,FALSE,-0.359835,8
NZ_CP025209.1,CDS,575519,575947,-,ID=gene-AL06_RS02960;Dbxref=GeneID:69498917;Name=AL06_RS02960;gbkey=Gene;gene_biotype=protein_coding;locus_tag=AL06_RS02960;old_locus_tag=CXF52_RS02965,AL06_RS02960,protein_coding,575949,576545,570674,571555,FALSE,FALSE,TTCTGGAACAATAAC,GTCATTGAAGAAGGT,ATG,-1.247805,13,FALSE,FALSE,-3.166535,5
NZ_CP025209.1,CDS,575949,576545,-,ID=gene-AL06_RS02965;Dbxref=GeneID:69498918;Name=AL06_RS02965;gbkey=Gene;gene_biotype=protein_coding;locus_tag=AL06_RS02965;old_locus_tag=CXF52_RS02970,AL06_RS02965,protein_coding,576564,577469,575519,575947,FALSE,FALSE,GCGCCTACTATAGGT,TTCTGGAACAATAAC,ATG,-3.166535,5,FALSE,FALSE,-1.247805,13
NZ_CP025209.1,CDS,576564,577469,-,ID=gene-AL06_RS02970;Dbxref=GeneID:69498919;Name=AL06_RS02970;gbkey=Gene;gene_biotype=protein_coding;locus_tag=AL06_RS02970;old_locus_tag=CXF52_RS02975,AL06_RS02970,protein_coding,577614,578669,575949,576545,FALSE,FALSE,AAGGAGAGACTGAAA,GCGCCTACTATAGGT,ATG,-6.768055,15,TRUE,FALSE,-3.166535,5
NZ_CP025209.1,CDS,577614,578669,-,ID=gene-AL06_RS02975;Dbxref=GeneID:69498920;Name=AL06_RS02975;gbkey=Gene;gene_biotype=protein_coding;locus_tag=AL06_RS02975;old_locus_tag=CXF52_RS02980,AL06_RS02975,protein_coding,579533,579793,576564,577469,FALSE,FALSE,TGCAGAAAAGTAGGT,AAGGAGAGACTGAAA,ATG,-3.166535,5,FALSE,TRUE,-6.768055,15
NZ_CP025209.1,CDS,579533,579793,-,ID=gene-AL06_RS02995;Dbxref=GeneID:69498921;Name=AL06_RS02995;gbkey=Gene;gene_biotype=protein_coding;locus_tag=AL06_RS02995;old_locus_tag=CXF52_RS03000,AL06_RS02995,protein_coding,579889,581520,577614,578669,FALSE,FALSE,ATTTTGAAATAGGTT,TGCAGAAAAGTAGGT,ATG,-3.82996,6,TRUE,FALSE,-3.166535,5
NZ_CP025209.1,CDS,579889,581520,-,ID=gene-AL06_RS03000;Dbxref=GeneID:69498922;Name=AL06_RS03000;gbkey=Gene;gene_biotype=protein_coding;locus_tag=AL06_RS03000;old_locus_tag=CXF52_RS03005,AL06_RS03000,protein_coding,583381,585012,579533,579793,FALSE,FALSE,GCCCCTACACTATTG,ATTTTGAAATAGGTT,ATG,2.375225,5,FALSE,TRUE,-3.82996,6
NZ_CP025209.1,CDS,582151,582357,+,ID=gene-AL06_RS12065;Dbxref=GeneID:69500595;Name=AL06_RS12065;gbkey=Gene;gene_biotype=protein_coding;locus_tag=AL06_RS12065,AL06_RS12065,protein_coding,573405,575522,582371,583138,FALSE,FALSE,ATTCTGAAAGAGAGA,TCCTGATGTTATTCA,ATG,-0.359835,8,FALSE,FALSE,1.77826,11
NZ_CP025209.1,CDS,582371,583138,+,ID=gene-AL06_RS03005;Dbxref=GeneID:69498923;Name=AL06_RS03005;gbkey=Gene;gene_biotype=protein_coding;locus_tag=AL06_RS03005;old_locus_tag=CXF52_RS03010,AL06_RS03005,protein_coding,582151,582357,585163,585963,FALSE,FALSE,TCCTGATGTTATTCA,CTAAGGAATGACTTC,ATG,1.77826,11,FALSE,TRUE,-4.40793,14
NZ_CP025209.1,CDS,583381,585012,-,ID=gene-AL06_RS03010;Dbxref=GeneID:69498924;Name=AL06_RS03010;gbkey=Gene;gene_biotype=protein_coding;locus_tag=AL06_RS03010;old_locus_tag=CXF52_RS03015,AL06_RS03010,protein_coding,588645,589760,579889,581520,FALSE,FALSE,GGCGCTATCCTCTCA,GCCCCTACACTATTG,ATG,0.727129999999998,18,FALSE,FALSE,2.375225,5
NZ_CP025209.1,CDS,585163,585963,+,ID=gene-AL06_RS03015;Dbxref=GeneID:69498925;Name=AL06_RS03015;gbkey=Gene;gene_biotype=protein_coding;locus_tag=AL06_RS03015;old_locus_tag=CXF52_RS03020,AL06_RS03015,protein_coding,582371,583138,585964,586428,FALSE,FALSE,CTAAGGAATGACTTC,GCGCCTTCAGGATAA,GTG,-4.40793,14,TRUE,TRUE,-4.10793,9
NZ_CP025209.1,CDS,585964,586428,+,ID=gene-AL06_RS03020;Dbxref=GeneID:69498926;Name=AL06_RS03020;gbkey=Gene;gene_biotype=protein_coding;locus_tag=AL06_RS03020;old_locus_tag=CXF52_RS03025,AL06_RS03020,protein_coding,585163,585963,586482,587687,FALSE,FALSE,GCGCCTTCAGGATAA,GCAGGGGTGCACGCT,GTG,-4.10793,9,TRUE,TRUE,-6.92615,12
NZ_CP025209.1,CDS,586482,587687,+,ID=gene-AL06_RS03025;Dbxref=GeneID:69498927;Name=AL06_RS03025;gbkey=Gene;gene_biotype=protein_coding;locus_tag=AL06_RS03025;old_locus_tag=CXF52_RS03030,AL06_RS03025,protein_coding,585964,586428,587687,588187,FALSE,TRUE,GCAGGGGTGCACGCT,CCGAATGGAAGGAAC,TTG,-6.92615,12,TRUE,TRUE,-4.40793,8
NZ_CP025209.1,CDS,587687,588187,+,ID=gene-AL06_RS03030;Dbxref=GeneID:69498928;Name=purE;gbkey=Gene;gene=purE;gene_biotype=protein_coding;locus_tag=AL06_RS03030;old_locus_tag=CXF52_RS03035,purE,protein_coding,586482,587687,588192,588653,TRUE,FALSE,CCGAATGGAAGGAAC,TTGATGGGCGAGTAA,ATG,-4.40793,8,TRUE,FALSE,-2.045645,8
NZ_CP025209.1,CDS,588192,588653,+,ID=gene-AL06_RS03035;Dbxref=GeneID:69498929;Name=AL06_RS03035;gbkey=Gene;gene_biotype=protein_coding;locus_tag=AL06_RS03035;old_locus_tag=CXF52_RS03040,AL06_RS03035,protein_coding,587687,588187,590075,591145,FALSE,FALSE,TTGATGGGCGAGTAA,ACTACCAAGGAAACA,TTG,-2.045645,8,FALSE,TRUE,-4.40793,10
NZ_CP025209.1,CDS,588645,589760,-,ID=gene-AL06_RS03040;Dbxref=GeneID:69498930;Name=hypD;gbkey=Gene;gene=hypD;gene_biotype=protein_coding;locus_tag=AL06_RS03040;old_locus_tag=CXF52_RS03045,hypD,protein_coding,589760,590017,583381,585012,TRUE,FALSE,TTGAGTCATCGGAGA,GGCGCTATCCTCTCA,ATG,-3.60793,6,TRUE,FALSE,0.727129999999998,18
NZ_CP025209.1,CDS,589760,590017,-,ID=gene-AL06_RS03045;Dbxref=GeneID:69498931;Name=AL06_RS03045;gbkey=Gene;gene_biotype=protein_coding;locus_tag=AL06_RS03045;old_locus_tag=CXF52_RS03050,AL06_RS03045,protein_coding,591154,593388,588645,589760,FALSE,TRUE,GGATATGAGGAGTAA,TTGAGTCATCGGAGA,ATG,-6.768055,9,TRUE,TRUE,-3.60793,6
NZ_CP025209.1,CDS,590075,591145,+,ID=gene-AL06_RS03050;Dbxref=GeneID:69498932;Name=hypE;gbkey=Gene;gene=hypE;gene_biotype=protein_coding;locus_tag=AL06_RS03050;old_locus_tag=CXF52_RS03055,hypE,protein_coding,588192,588653,593407,593739,FALSE,FALSE,ACTACCAAGGAAACA,TAGTTCTAGGCTAGT,ATG,-4.40793,10,TRUE,FALSE,-3.468055,7
NZ_CP025209.1,CDS,591154,593388,-,ID=gene-AL06_RS03055;Dbxref=GeneID:69498933;Name=hypF;gbkey=Gene;gene=hypF;gene_biotype=protein_coding;locus_tag=AL06_RS03055;old_locus_tag=CXF52_RS03060,hypF,protein_coding,599491,599856,589760,590017,FALSE,FALSE,CAAGCACTAGCCTAG,GGATATGAGGAGTAA,ATG,0.315099999999999,6,FALSE,TRUE,-6.768055,9
NZ_CP025209.1,CDS,593407,593739,+,ID=gene-AL06_RS03060;Dbxref=GeneID:69498934;Name=AL06_RS03060;gbkey=Gene;gene_biotype=protein_coding;locus_tag=AL06_RS03060;old_locus_tag=CXF52_RS03065,AL06_RS03060,protein_coding,590075,591145,593751,594512,FALSE,FALSE,TAGTTCTAGGCTAGT,AATCCTAGGAGGAGT,GTG,-3.468055,7,FALSE,TRUE,-9.81615,9
NZ_CP025209.1,CDS,593751,594512,+,ID=gene-AL06_RS03065;Dbxref=GeneID:69498935;Name=hypB;gbkey=Gene;gene=hypB;gene_biotype=protein_coding;locus_tag=AL06_RS03065;old_locus_tag=CXF52_RS03070,hypB,protein_coding,593407,593739,594813,596069,FALSE,FALSE,AATCCTAGGAGGAGT,CCGAGGAGGGGCTGC,ATG,-9.81615,9,TRUE,TRUE,-10.01615,12
NZ_CP025209.1,CDS,594813,596069,+,ID=gene-AL06_RS03070;Dbxref=GeneID:69498936;Name=AL06_RS03070;gbkey=Gene;gene_biotype=protein_coding;locus_tag=AL06_RS03070;old_locus_tag=CXF52_RS03075,AL06_RS03070,protein_coding,593751,594512,596075,597820,FALSE,FALSE,CCGAGGAGGGGCTGC,ACGAGGAGGCGTAAA,ATG,-10.01615,12,TRUE,TRUE,-10.01615,12
NZ_CP025209.1,CDS,596075,597820,+,ID=gene-AL06_RS03075;Dbxref=GeneID:69498937;Name=AL06_RS03075;gbkey=Gene;gene_biotype=protein_coding;locus_tag=AL06_RS03075;old_locus_tag=CXF52_RS03080,AL06_RS03075,protein_coding,594813,596069,597817,598971,FALSE,TRUE,ACGAGGAGGCGTAAA,AATTCCAGGTGATGA,ATG,-10.01615,12,TRUE,TRUE,-3.82996,10
NZ_CP025209.1,CDS,597817,598971,+,ID=gene-AL06_RS03080;Dbxref=GeneID:69498938;Name=cybH;gbkey=Gene;gene=cybH;gene_biotype=protein_coding;locus_tag=AL06_RS03080;old_locus_tag=CXF52_RS03085,cybH,protein_coding,596075,597820,598982,599494,TRUE,FALSE,AATTCCAGGTGATGA,ATCGGATAACGAAAA,ATG,-3.82996,10,TRUE,FALSE,-1.247805,14
NZ_CP025209.1,CDS,598982,599494,+,ID=gene-AL06_RS03085;Dbxref=GeneID:69498939;Name=AL06_RS03085;gbkey=Gene;gene_biotype=protein_coding;locus_tag=AL06_RS03085;old_locus_tag=CXF52_RS03090,AL06_RS03085,protein_coding,597817,598971,599883,600926,FALSE,FALSE,ATCGGATAACGAAAA,TTATGAGGAGCTATA,GTG,-1.247805,14,FALSE,TRUE,-6.768055,11
NZ_CP025209.1,CDS,599491,599856,-,ID=gene-AL06_RS03090;Dbxref=GeneID:69498940;Name=AL06_RS03090;gbkey=Gene;gene_biotype=protein_coding;locus_tag=AL06_RS03090;old_locus_tag=CXF52_RS03095,AL06_RS03090,protein_coding,601186,601848,591154,593388,FALSE,FALSE,AGCTCCTCATAATGG,CAAGCACTAGCCTAG,ATG,-0.872870000000002,5,FALSE,FALSE,0.315099999999999,6
NZ_CP025209.1,CDS,599883,600926,+,ID=gene-AL06_RS03095;Dbxref=GeneID:69498941;Name=AL06_RS03095;gbkey=Gene;gene_biotype=protein_coding;locus_tag=AL06_RS03095;old_locus_tag=CXF52_RS03100,AL06_RS03095,protein_coding,598982,599494,600932,601189,FALSE,FALSE,TTATGAGGAGCTATA,AGAAAGGAAACTAGA,GTG,-6.768055,11,TRUE,TRUE,-4.40793,13
NZ_CP025209.1,CDS,600932,601189,+,ID=gene-AL06_RS03100;Dbxref=GeneID:69498942;Name=AL06_RS03100;gbkey=Gene;gene_biotype=protein_coding;locus_tag=AL06_RS03100;old_locus_tag=CXF52_RS03105,AL06_RS03100,protein_coding,599883,600926,603552,604487,FALSE,FALSE,AGAAAGGAAACTAGA,CGTGATGGGTTTACA,ATG,-4.40793,13,TRUE,FALSE,-3.00755,10
NZ_CP025209.1,CDS,601186,601848,-,ID=gene-AL06_RS03105;Dbxref=GeneID:69498943;Name=AL06_RS03105;gbkey=Gene;gene_biotype=protein_coding;locus_tag=AL06_RS03105;old_locus_tag=CXF52_RS03110,AL06_RS03105,protein_coding,601860,603428,599491,599856,FALSE,FALSE,TGAACTAGCATGAGC,AGCTCCTCATAATGG,ATG,-0.359835,6,FALSE,FALSE,-0.872870000000002,5
NZ_CP025209.1,CDS,601860,603428,-,ID=gene-AL06_RS03110;Dbxref=GeneID:69498944;Name=AL06_RS03110;gbkey=Gene;gene_biotype=protein_coding;locus_tag=AL06_RS03110;old_locus_tag=CXF52_RS03115,AL06_RS03110,protein_coding,606560,607015,601186,601848,FALSE,FALSE,TTCTTCGGAGCACCC,TGAACTAGCATGAGC,ATG,-3.60793,10,TRUE,FALSE,-0.359835,6
NZ_CP025209.1,CDS,603552,604487,+,ID=gene-AL06_RS03115;Dbxref=GeneID:69498945;Name=AL06_RS03115;gbkey=Gene;gene_biotype=protein_coding;locus_tag=AL06_RS03115;old_locus_tag=CXF52_RS03120,AL06_RS03115,protein_coding,600932,601189,604641,605729,FALSE,FALSE,CGTGATGGGTTTACA,GTAAAGGCACTCGAA,GTG,-3.00755,10,FALSE,FALSE,-2.332995,14
NZ_CP025209.1,CDS,604641,605729,+,ID=gene-AL06_RS03120;Dbxref=GeneID:69498946;Name=AL06_RS03120;gbkey=Gene;gene_biotype=protein_coding;locus_tag=AL06_RS03120;old_locus_tag=CXF52_RS03125,AL06_RS03120,protein_coding,603552,604487,606187,606486,FALSE,FALSE,GTAAAGGCACTCGAA,ACGAGGAGAGGAGTG,ATG,-2.332995,14,FALSE,TRUE,-8.113115,7
NZ_CP025209.1,CDS,606187,606486,+,ID=gene-AL06_RS03125;Dbxref=GeneID:69498947;Name=AL06_RS03125;gbkey=Gene;gene_biotype=protein_coding;locus_tag=AL06_RS03125;old_locus_tag=CXF52_RS03130,AL06_RS03125,protein_coding,604641,605729,607114,607527,FALSE,FALSE,ACGAGGAGAGGAGTG,CAGTCTAGACTTAAT,GTG,-8.113115,7,TRUE,FALSE,1.1151,13
NZ_CP025209.1,CDS,606560,607015,-,ID=gene-AL06_RS03130;Dbxref=GeneID:69498948;Name=AL06_RS03130;gbkey=Gene;gene_biotype=protein_coding;locus_tag=AL06_RS03130;old_locus_tag=CXF52_RS03135,AL06_RS03130,protein_coding,611292,612137,601860,603428,FALSE,FALSE,ACACATTATCCTGAT,TTCTTCGGAGCACCC,ATG,2.00029,6,FALSE,TRUE,-3.60793,10
NZ_CP025209.1,CDS,607114,607527,+,ID=gene-AL06_RS03135;Dbxref=GeneID:69498949;Name=AL06_RS03135;gbkey=Gene;gene_biotype=protein_coding;locus_tag=AL06_RS03135;old_locus_tag=CXF52_RS03140,AL06_RS03135,protein_coding,606187,606486,607625,609001,FALSE,FALSE,CAGTCTAGACTTAAT,AAAGGTGGGATTTTC,GTG,1.1151,13,FALSE,TRUE,-5.341975,12
NZ_CP025209.1,CDS,607625,609001,+,ID=gene-AL06_RS03140;Dbxref=GeneID:69498950;Name=AL06_RS03140;gbkey=Gene;gene_biotype=protein_coding;locus_tag=AL06_RS03140;old_locus_tag=CXF52_RS03145,AL06_RS03140,protein_coding,607114,607527,609050,610057,FALSE,FALSE,AAAGGTGGGATTTTC,AAGCCTATAATGGCC,ATG,-5.341975,12,TRUE,FALSE,0.827129999999999,7
NZ_CP025209.1,CDS,609050,610057,+,ID=gene-AL06_RS03145;Dbxref=GeneID:69498951;Name=AL06_RS03145;gbkey=Gene;gene_biotype=protein_coding;locus_tag=AL06_RS03145;old_locus_tag=CXF52_RS03150,AL06_RS03145,protein_coding,607625,609001,610097,611266,FALSE,FALSE,AAGCCTATAATGGCC,TTGTGGAGGAACAAC,ATG,0.827129999999999,7,FALSE,TRUE,-6.856025,11
NZ_CP025209.1,CDS,610097,611266,+,ID=gene-AL06_RS03150;Dbxref=GeneID:69498952;Name=manA;gbkey=Gene;gene=manA;gene_biotype=protein_coding;locus_tag=AL06_RS03150;old_locus_tag=CXF52_RS03155,manA,protein_coding,609050,610057,612484,612837,FALSE,FALSE,TTGTGGAGGAACAAC,TTGGAAAGGTATCTA,ATG,-6.856025,11,TRUE,TRUE,-6.15299,10
NZ_CP025209.1,CDS,611292,612137,-,ID=gene-AL06_RS03155;Dbxref=GeneID:69498953;Name=AL06_RS03155;gbkey=Gene;gene_biotype=protein_coding;locus_tag=AL06_RS03155;old_locus_tag=CXF52_RS03160,AL06_RS03155,protein_coding,623285,623728,606560,607015,FALSE,FALSE,GTGAGGAGAACCAGT,ACACATTATCCTGAT,ATG,-6.84969,6,TRUE,FALSE,2.00029,6
NZ_CP025209.1,CDS,612484,612837,+,ID=gene-AL06_RS03165;Dbxref=GeneID:69498954;Name=AL06_RS03165;gbkey=Gene;gene_biotype=protein_coding;locus_tag=AL06_RS03165;old_locus_tag=CXF52_RS03170,AL06_RS03165,protein_coding,610097,611266,612943,614379,FALSE,FALSE,TTGGAAAGGTATCTA,CAAGGAGAGAATAGC,ATG,-6.15299,10,TRUE,TRUE,-6.768055,14
NZ_CP025209.1,CDS,612943,614379,+,ID=gene-AL06_RS03170;Dbxref=GeneID:69498955;Name=ahcY;gbkey=Gene;gene=ahcY;gene_biotype=protein_coding;locus_tag=AL06_RS03170;old_locus_tag=CXF52_RS03175,ahcY,protein_coding,612484,612837,614379,614996,FALSE,TRUE,CAAGGAGAGAATAGC,CGGAGCACTACCGCT,ATG,-6.768055,14,TRUE,TRUE,-3.60793,15
NZ_CP025209.1,CDS,614379,614996,+,ID=gene-AL06_RS03175;Dbxref=GeneID:69498956;Name=AL06_RS03175;gbkey=Gene;gene_biotype=protein_coding;locus_tag=AL06_RS03175;old_locus_tag=CXF52_RS03180,AL06_RS03175,protein_coding,612943,614379,615074,615751,TRUE,FALSE,CGGAGCACTACCGCT,GGAAAGGACCACGGA,ATG,-3.60793,15,TRUE,TRUE,-5.81615,7
NZ_CP025209.1,CDS,615074,615751,+,ID=gene-AL06_RS03180;Dbxref=GeneID:69498957;Name=mtrA;gbkey=Gene;gene=mtrA;gene_biotype=protein_coding;locus_tag=AL06_RS03180;old_locus_tag=CXF52_RS03185,mtrA,protein_coding,614379,614996,615815,617326,FALSE,FALSE,GGAAAGGACCACGGA,AGAACTGTGGCGTAC,ATG,-5.81615,7,TRUE,FALSE,0.827129999999999,10
NZ_CP025209.1,CDS,615815,617326,+,ID=gene-AL06_RS03185;Dbxref=GeneID:69498958;Name=mtrB;gbkey=Gene;gene=mtrB;gene_biotype=protein_coding;locus_tag=AL06_RS03185;old_locus_tag=CXF52_RS03190,mtrB,protein_coding,615074,615751,617319,619064,FALSE,TRUE,AGAACTGTGGCGTAC,CCCCCGTTGGAGGAC,TTG,0.827129999999999,10,FALSE,TRUE,-6.856025,7
NZ_CP025209.1,CDS,617319,619064,+,ID=gene-AL06_RS03190;Dbxref=GeneID:69498959;Name=lpqB;gbkey=Gene;gene=lpqB;gene_biotype=protein_coding;locus_tag=AL06_RS03190;old_locus_tag=CXF52_RS03195,lpqB,protein_coding,615815,617326,619085,619687,TRUE,FALSE,CCCCCGTTGGAGGAC,AACATTTAGGGGGAA,ATG,-6.856025,7,TRUE,TRUE,-9.041975,8
NZ_CP025209.1,CDS,619085,619687,+,ID=gene-AL06_RS03195;Dbxref=GeneID:69498960;Name=AL06_RS03195;gbkey=Gene;gene_biotype=protein_coding;locus_tag=AL06_RS03195;old_locus_tag=CXF52_RS03200,AL06_RS03195,protein_coding,617319,619064,619823,620485,FALSE,FALSE,AACATTTAGGGGGAA,CTCAGGAAGGTACGT,ATG,-9.041975,8,TRUE,TRUE,-8.213115,10
NZ_CP025209.1,CDS,619823,620485,+,ID=gene-AL06_RS03200;Dbxref=GeneID:69498961;Name=raiA;gbkey=Gene;gene=raiA;gene_biotype=protein_coding;locus_tag=AL06_RS03200;old_locus_tag=CXF52_RS03205,raiA,protein_coding,619085,619687,620663,623224,FALSE,FALSE,CTCAGGAAGGTACGT,TTCAAAGGATTCAGT,ATG,-8.213115,10,TRUE,TRUE,-4.40793,12
NZ_CP025209.1,CDS,620663,623224,+,ID=gene-AL06_RS03205;Dbxref=GeneID:69498962;Name=secA;gbkey=Gene;gene=secA;gene_biotype=protein_coding;locus_tag=AL06_RS03205;old_locus_tag=CXF52_RS03210,secA,protein_coding,619823,620485,623888,624298,FALSE,FALSE,TTCAAAGGATTCAGT,GCGGAGGTGGGGATA,GTG,-4.40793,12,TRUE,TRUE,-9.15299,12
NZ_CP025209.1,CDS,623285,623728,-,ID=gene-AL06_RS03210;Dbxref=GeneID:69498963;Name=AL06_RS03210;gbkey=Gene;gene_biotype=protein_coding;locus_tag=AL06_RS03210;old_locus_tag=CXF52_RS03215,AL06_RS03210,protein_coding,627408,628415,611292,612137,FALSE,FALSE,AGGAGCCACTACAAC,GTGAGGAGAACCAGT,ATG,-5.968055,15,TRUE,TRUE,-6.84969,6
NZ_CP025209.1,CDS,623888,624298,+,ID=gene-AL06_RS03215;Dbxref=GeneID:69498964;Name=AL06_RS03215;gbkey=Gene;gene_biotype=protein_coding;locus_tag=AL06_RS03215;old_locus_tag=CXF52_RS03220,AL06_RS03215,protein_coding,620663,623224,624310,624816,FALSE,FALSE,GCGGAGGTGGGGATA,AGTTCTAGGGGAGTT,GTG,-9.15299,12,TRUE,TRUE,-7.43894,7
NZ_CP025209.1,CDS,624310,624816,+,ID=gene-AL06_RS03220;Dbxref=GeneID:69498965;Name=AL06_RS03220;gbkey=Gene;gene_biotype=protein_coding;locus_tag=AL06_RS03220;old_locus_tag=CXF52_RS03225,AL06_RS03220,protein_coding,623888,624298,625041,626111,FALSE,FALSE,AGTTCTAGGGGAGTT,TTGGGAAGGGAAGAA,ATG,-7.43894,7,TRUE,TRUE,-5.29374,10
NZ_CP025209.1,CDS,625041,626111,+,ID=gene-AL06_RS03225;Dbxref=GeneID:69498966;Name=AL06_RS03225;gbkey=Gene;gene_biotype=protein_coding;locus_tag=AL06_RS03225;old_locus_tag=CXF52_RS03230,AL06_RS03225,protein_coding,624310,624816,626126,627406,FALSE,FALSE,TTGGGAAGGGAAGAA,CATAGGACGGAACAA,ATG,-5.29374,10,TRUE,TRUE,-5.91615,11
NZ_CP025209.1,CDS,626126,627406,+,ID=gene-AL06_RS03230;Dbxref=GeneID:69498967;Name=AL06_RS03230;gbkey=Gene;gene_biotype=protein_coding;locus_tag=AL06_RS03230;old_locus_tag=CXF52_RS03235,AL06_RS03230,protein_coding,625041,626111,629709,630395,FALSE,FALSE,CATAGGACGGAACAA,GTTGGTGCGTCCCAC,ATG,-5.91615,11,TRUE,FALSE,-1.469835,14
NZ_CP025209.1,CDS,627408,628415,-,ID=gene-AL06_RS03235;Dbxref=GeneID:69498968;Name=rsgA;gbkey=Gene;gene=rsgA;gene_biotype=protein_coding;locus_tag=AL06_RS03235;old_locus_tag=CXF52_RS03240,rsgA,protein_coding,628420,629715,623285,623728,FALSE,FALSE,ATGGTGCGGGGCTAG,AGGAGCCACTACAAC,ATG,-4.28185,5,TRUE,TRUE,-5.968055,15
NZ_CP025209.1,CDS,628420,629715,-,ID=gene-AL06_RS03240;Dbxref=GeneID:69498969;Name=aroA;gbkey=Gene;gene=aroA;gene_biotype=protein_coding;locus_tag=AL06_RS03240;old_locus_tag=CXF52_RS03245,aroA,protein_coding,630381,630884,627408,628415,FALSE,FALSE,ATGCCTTTATTATGG,ATGGTGCGGGGCTAG,ATG,-0.872870000000002,5,FALSE,TRUE,-4.28185,5
NZ_CP025209.1,CDS,629709,630395,+,ID=gene-AL06_RS03245;Dbxref=GeneID:69498970;Name=AL06_RS03245;gbkey=Gene;gene_biotype=protein_coding;locus_tag=AL06_RS03245;old_locus_tag=CXF52_RS03250,AL06_RS03245,protein_coding,626126,627406,630930,631553,FALSE,FALSE,GTTGGTGCGTCCCAC,ACAATATCTAAGGAG,GTG,-1.469835,14,FALSE,TRUE,-7.568055,6
NZ_CP025209.1,CDS,630381,630884,-,ID=gene-AL06_RS03250;Dbxref=GeneID:69498971;Name=ybaK;gbkey=Gene;gene=ybaK;gene_biotype=protein_coding;locus_tag=AL06_RS03250;old_locus_tag=CXF52_RS03255,ybaK,protein_coding,632126,632386,628420,629715,FALSE,FALSE,ATTCTAGTAGGAGGC,ATGCCTTTATTATGG,ATG,-9.81615,7,TRUE,FALSE,-0.872870000000002,5
NZ_CP025209.1,CDS,630930,631553,+,ID=gene-AL06_RS03255;Dbxref=GeneID:69498972;Name=AL06_RS03255;gbkey=Gene;gene_biotype=protein_coding;locus_tag=AL06_RS03255;old_locus_tag=CXF52_RS03260,AL06_RS03255,protein_coding,629709,630395,631550,631801,FALSE,TRUE,ACAATATCTAAGGAG,CAGGAAGGAAGAACA,GTG,-7.568055,6,TRUE,TRUE,-5.81615,13
NZ_CP025209.1,CDS,631550,631801,+,ID=gene-AL06_RS03260;Dbxref=GeneID:69498973;Name=rsrA;gbkey=Gene;gene=rsrA;gene_biotype=protein_coding;locus_tag=AL06_RS03260;old_locus_tag=CXF52_RS03265,rsrA,protein_coding,630930,631553,633019,633480,TRUE,FALSE,CAGGAAGGAAGAACA,CTGCACTACACTCTT,ATG,-5.81615,13,TRUE,FALSE,3.775225,13
NZ_CP025209.1,CDS,632126,632386,-,ID=gene-AL06_RS03265;Dbxref=GeneID:69498974;Name=AL06_RS03265;gbkey=Gene;gene_biotype=protein_coding;locus_tag=AL06_RS03265;old_locus_tag=CXF52_RS03270,AL06_RS03265,protein_coding,633474,634736,630381,630884,FALSE,FALSE,GTGATTTTAGGAGAC,ATTCTAGTAGGAGGC,ATG,-6.568055,8,TRUE,TRUE,-9.81615,7
NZ_CP025209.1,CDS,633019,633480,+,ID=gene-AL06_RS03270;Dbxref=GeneID:69498975;Name=AL06_RS03270;gbkey=Gene;gene_biotype=protein_coding;locus_tag=AL06_RS03270;old_locus_tag=CXF52_RS03275,AL06_RS03270,protein_coding,631550,631801,636301,636528,FALSE,FALSE,CTGCACTACACTCTT,CAAGAGGAGACTAAA,GTG,3.775225,13,FALSE,TRUE,-6.768055,12
NZ_CP025209.1,CDS,633474,634736,-,ID=gene-AL06_RS03275;Dbxref=GeneID:69498976;Name=AL06_RS03275;gbkey=Gene;gene_biotype=protein_coding;locus_tag=AL06_RS03275;old_locus_tag=CXF52_RS03280,AL06_RS03275,protein_coding,634733,636043,632126,632386,TRUE,FALSE,ACAAATCTGGAAAGC,GTGATTTTAGGAGAC,ATG,-1.247805,9,FALSE,TRUE,-6.568055,8
NZ_CP025209.1,CDS,634733,636043,-,ID=gene-AL06_RS03280;Dbxref=GeneID:69498977;Name=AL06_RS03280;gbkey=Gene;gene_biotype=protein_coding;locus_tag=AL06_RS03280;old_locus_tag=CXF52_RS03285,AL06_RS03280,protein_coding,648536,649429,633474,634736,FALSE,TRUE,ACCCGTTAGTATCAG,ACAAATCTGGAAAGC,GTG,0.4151,6,FALSE,FALSE,-1.247805,9
NZ_CP025209.1,CDS,636301,636528,+,ID=gene-AL06_RS03285;Dbxref=GeneID:69498978;Name=AL06_RS03285;gbkey=Gene;gene_biotype=protein_coding;locus_tag=AL06_RS03285;old_locus_tag=CXF52_RS03290,AL06_RS03285,protein_coding,633019,633480,636531,637409,FALSE,FALSE,CAAGAGGAGACTAAA,GATTCGCGGGAGCAT,ATG,-6.768055,12,TRUE,TRUE,-5.145645,8
NZ_CP025209.1,CDS,636531,637409,+,ID=gene-AL06_RS03290;Dbxref=GeneID:69498979;Name=AL06_RS03290;gbkey=Gene;gene_biotype=protein_coding;locus_tag=AL06_RS03290;old_locus_tag=CXF52_RS03295,AL06_RS03290,protein_coding,636301,636528,637432,638289,FALSE,FALSE,GATTCGCGGGAGCAT,CTCCTAGAAAGAGCA,GTG,-5.145645,8,TRUE,FALSE,-0.359835,7
NZ_CP025209.1,CDS,637432,638289,+,ID=gene-AL06_RS03295;Dbxref=GeneID:69498980;Name=AL06_RS03295;gbkey=Gene;gene_biotype=protein_coding;locus_tag=AL06_RS03295;old_locus_tag=CXF52_RS03300,AL06_RS03295,protein_coding,636531,637409,638293,641475,FALSE,FALSE,CTCCTAGAAAGAGCA,GTCTGTCACACTATG,ATG,-0.359835,7,FALSE,FALSE,1.57826,18
NZ_CP025209.1,CDS,638293,641475,+,ID=gene-AL06_RS03300;Dbxref=GeneID:69498981;Name=AL06_RS03300;gbkey=Gene;gene_biotype=protein_coding;locus_tag=AL06_RS03300;old_locus_tag=CXF52_RS03305,AL06_RS03300,protein_coding,637432,638289,641469,644699,FALSE,TRUE,GTCTGTCACACTATG,AAGGAAAGATGGTCC,ATG,1.57826,18,FALSE,TRUE,-7.513115,8
NZ_CP025209.1,CDS,641469,644699,+,ID=gene-AL06_RS03305;Dbxref=GeneID:69498982;Name=AL06_RS03305;gbkey=Gene;gene_biotype=protein_coding;locus_tag=AL06_RS03305;old_locus_tag=CXF52_RS03310,AL06_RS03305,protein_coding,638293,641475,644744,645832,TRUE,FALSE,AAGGAAAGATGGTCC,CTAGGAGCACTCAAC,ATG,-7.513115,8,TRUE,TRUE,-6.568055,14
NZ_CP025209.1,CDS,644744,645832,+,ID=gene-AL06_RS03310;Dbxref=GeneID:69498983;Name=AL06_RS03310;gbkey=Gene;gene_biotype=protein_coding;locus_tag=AL06_RS03310;old_locus_tag=CXF52_RS03315,AL06_RS03310,protein_coding,641469,644699,645864,646547,FALSE,FALSE,CTAGGAGCACTCAAC,TGTCGACTCTGCAGG,ATG,-6.568055,14,TRUE,FALSE,-3.232995,6
NZ_CP025209.1,CDS,645864,646547,+,ID=gene-AL06_RS03315;Dbxref=GeneID:69498984;Name=AL06_RS03315;gbkey=Gene;gene_biotype=protein_coding;locus_tag=AL06_RS03315;old_locus_tag=CXF52_RS03320,AL06_RS03315,protein_coding,644744,645832,646540,648591,FALSE,TRUE,TGTCGACTCTGCAGG,ACAGAATGGGTGGGA,GTG,-3.232995,6,FALSE,TRUE,-3.719565,6
NZ_CP025209.1,CDS,646540,648591,+,ID=gene-AL06_RS03320;Dbxref=GeneID:69498985;Name=AL06_RS03320;gbkey=Gene;gene_biotype=protein_coding;locus_tag=AL06_RS03320;old_locus_tag=CXF52_RS03325,AL06_RS03320,protein_coding,645864,646547,649465,649986,TRUE,FALSE,ACAGAATGGGTGGGA,CAGAAAGCGGGTTGC,ATG,-3.719565,6,TRUE,FALSE,-3.00755,8
NZ_CP025209.1,CDS,648536,649429,-,ID=gene-AL06_RS03325;Dbxref=GeneID:69498986;Name=AL06_RS03325;gbkey=Gene;gene_biotype=protein_coding;locus_tag=AL06_RS03325;old_locus_tag=CXF52_RS03330,AL06_RS03325,protein_coding,649983,651374,634733,636043,FALSE,FALSE,CTGTGGTGCAATAGT,ACCCGTTAGTATCAG,ATG,-1.469835,13,FALSE,FALSE,0.4151,6
NZ_CP025209.1,CDS,649465,649986,+,ID=gene-AL06_RS03330;Dbxref=GeneID:69498987;Name=AL06_RS03330;gbkey=Gene;gene_biotype=protein_coding;locus_tag=AL06_RS03330;old_locus_tag=CXF52_RS03335,AL06_RS03330,protein_coding,646540,648591,651455,652507,FALSE,FALSE,CAGAAAGCGGGTTGC,ACATGTAACCTAGTC,ATG,-3.00755,8,FALSE,FALSE,1.1151,8
NZ_CP025209.1,CDS,649983,651374,-,ID=gene-AL06_RS03335;Dbxref=GeneID:69498988;Name=AL06_RS03335;gbkey=Gene;gene_biotype=protein_coding;locus_tag=AL06_RS03335;old_locus_tag=CXF52_RS03340,AL06_RS03335,protein_coding,652519,653217,648536,649429,FALSE,FALSE,TTTCTGTACCGTTTA,CTGTGGTGCAATAGT,ATG,1.67826,13,FALSE,FALSE,-1.469835,13
NZ_CP025209.1,CDS,651455,652507,+,ID=gene-AL06_RS03340;Dbxref=GeneID:69498989;Name=AL06_RS03340;gbkey=Gene;gene_biotype=protein_coding;locus_tag=AL06_RS03340;old_locus_tag=CXF52_RS03345,AL06_RS03340,protein_coding,649465,649986,653944,656907,FALSE,FALSE,ACATGTAACCTAGTC,TAATTTAAGGAGTTC,GTG,1.1151,8,FALSE,TRUE,-6.768055,9
NZ_CP025209.1,CDS,652519,653217,-,ID=gene-AL06_RS03345;Dbxref=GeneID:69498990;Name=AL06_RS03345;gbkey=Gene;gene_biotype=protein_coding;locus_tag=AL06_RS03345;old_locus_tag=CXF52_RS03350,AL06_RS03345,protein_coding,653268,653771,649983,651374,FALSE,FALSE,TCGTTAAAGATAGGT,TTTCTGTACCGTTTA,GTG,-3.166535,5,FALSE,FALSE,1.67826,13
NZ_CP025209.1,CDS,653268,653771,-,ID=gene-AL06_RS03350;Dbxref=GeneID:69498991;Name=AL06_RS03350;gbkey=Gene;gene_biotype=protein_coding;locus_tag=AL06_RS03350;old_locus_tag=CXF52_RS03355,AL06_RS03350,protein_coding,657429,657623,652519,653217,FALSE,FALSE,TGATTGCGAAGGAAT,TCGTTAAAGATAGGT,ATG,-4.40793,8,TRUE,FALSE,-3.166535,5
NZ_CP025209.1,CDS,653944,656907,+,ID=gene-AL06_RS03355;Dbxref=GeneID:69498992;Name=AL06_RS03355;gbkey=Gene;gene_biotype=protein_coding;locus_tag=AL06_RS03355;old_locus_tag=CXF52_RS03360,AL06_RS03355,protein_coding,651455,652507,657046,657119,FALSE,FALSE,TAATTTAAGGAGTTC,AATTGTTCTTGGCAT,TTG,-6.768055,9,TRUE,FALSE,0.827129999999999,8
NZ_CP025209.1,tRNA,657046,657119,+,ID=gene-AL06_RS03360;Dbxref=GeneID:69498993;Name=AL06_RS03360;gbkey=Gene;gene_biotype=tRNA;locus_tag=AL06_RS03360;old_locus_tag=CXF52_RS03365,AL06_RS03360,tRNA,653944,656907,661436,662917,FALSE,FALSE,AATTGTTCTTGGCAT,ATGCCTAAATTTGTG,CGC,0.827129999999999,8,FALSE,FALSE,1.77826,6
NZ_CP025209.1,CDS,657429,657623,-,ID=gene-AL06_RS03365;Dbxref=GeneID:69498994;Name=AL06_RS03365;gbkey=Gene;gene_biotype=protein_coding;locus_tag=AL06_RS03365;old_locus_tag=CXF52_RS03370,AL06_RS03365,protein_coding,657672,658133,653268,653771,FALSE,FALSE,CATCGGCGTCCTGAA,TGATTGCGAAGGAAT,GTG,0.827129999999999,14,FALSE,TRUE,-4.40793,8
NZ_CP025209.1,CDS,657672,658133,-,ID=gene-AL06_RS03370;Dbxref=GeneID:69498995;Name=AL06_RS03370;gbkey=Gene;gene_biotype=protein_coding;locus_tag=AL06_RS03370;old_locus_tag=CXF52_RS03375,AL06_RS03370,protein_coding,658169,658480,657429,657623,FALSE,FALSE,TACAGCCGCCGCGGT,CATCGGCGTCCTGAA,ATG,-0.806410000000001,5,FALSE,FALSE,0.827129999999999,14
NZ_CP025209.1,CDS,658169,658480,-,ID=gene-AL06_RS12070;Dbxref=GeneID:69500596;Name=AL06_RS12070;gbkey=Gene;gene_biotype=protein_coding;locus_tag=AL06_RS12070,AL06_RS12070,protein_coding,658837,659847,657672,658133,FALSE,FALSE,GCTACTAGGCCCCAA,TACAGCCGCCGCGGT,TTG,-2.132995,12,FALSE,FALSE,-0.806410000000001,5
NZ_CP025209.1,CDS,658837,659847,-,ID=gene-AL06_RS03375;Dbxref=GeneID:69498996;Name=AL06_RS03375;gbkey=Gene;gene_biotype=protein_coding;locus_tag=AL06_RS03375;old_locus_tag=CXF52_RS03380,AL06_RS03375,protein_coding,659850,660806,658169,658480,FALSE,FALSE,CTGGGAAAGGGAAAT,GCTACTAGGCCCCAA,GTG,-5.29374,10,TRUE,FALSE,-2.132995,12
NZ_CP025209.1,CDS,659850,660806,-,ID=gene-AL06_RS03380;Dbxref=GeneID:69498997;Name=AL06_RS03380;gbkey=Gene;gene_biotype=protein_coding;locus_tag=AL06_RS03380;old_locus_tag=CXF52_RS03385,AL06_RS03380,protein_coding,666468,667256,658837,659847,FALSE,FALSE,AGTAAAGGAGAAATC,CTGGGAAAGGGAAAT,GTG,-6.768055,11,TRUE,TRUE,-5.29374,10
NZ_CP025209.1,CDS,661436,662917,+,ID=gene-AL06_RS03385;Dbxref=GeneID:69498998;Name=AL06_RS03385;gbkey=Gene;gene_biotype=protein_coding;locus_tag=AL06_RS03385;old_locus_tag=CXF52_RS03390,AL06_RS03385,protein_coding,657046,657119,662930,664486,FALSE,FALSE,ATGCCTAAATTTGTG,TGAATAAGGAGTTTG,ATG,1.77826,6,FALSE,TRUE,-8.21615,6
NZ_CP025209.1,CDS,662930,664486,+,ID=gene-AL06_RS03390;Dbxref=GeneID:69498999;Name=AL06_RS03390;gbkey=Gene;gene_biotype=protein_coding;locus_tag=AL06_RS03390;old_locus_tag=CXF52_RS03395,AL06_RS03390,protein_coding,661436,662917,664500,664763,FALSE,FALSE,TGAATAAGGAGTTTG,GTGTAAGGAAGCGTC,ATG,-8.21615,6,TRUE,TRUE,-4.513115,7
NZ_CP025209.1,CDS,664500,664763,+,ID=gene-AL06_RS03395;Dbxref=GeneID:69499000;Name=AL06_RS03395;gbkey=Gene;gene_biotype=protein_coding;locus_tag=AL06_RS03395;old_locus_tag=CXF52_RS03400,AL06_RS03395,protein_coding,662930,664486,664788,665156,FALSE,FALSE,GTGTAAGGAAGCGTC,CGAGGATAGAAGGTA,ATG,-4.513115,7,TRUE,TRUE,-7.613115,7
NZ_CP025209.1,CDS,664788,665156,+,ID=gene-AL06_RS03400;Dbxref=GeneID:69499001;Name=AL06_RS03400;gbkey=Gene;gene_biotype=protein_coding;locus_tag=AL06_RS03400;old_locus_tag=CXF52_RS03405,AL06_RS03400,protein_coding,664500,664763,665358,666449,FALSE,FALSE,CGAGGATAGAAGGTA,TGAAGGTTCATCAAA,ATG,-7.613115,7,TRUE,TRUE,-3.82996,13
NZ_CP025209.1,CDS,665358,666449,+,ID=gene-AL06_RS03405;Dbxref=GeneID:69499002;Name=AL06_RS03405;gbkey=Gene;gene_biotype=protein_coding;locus_tag=AL06_RS03405;old_locus_tag=CXF52_RS03410,AL06_RS03405,protein_coding,664788,665156,668307,669416,FALSE,FALSE,TGAAGGTTCATCAAA,CACGCTAGAATTATC,ATG,-3.82996,13,TRUE,FALSE,1.1151,13
NZ_CP025209.1,CDS,666468,667256,-,ID=gene-AL06_RS03410;Dbxref=GeneID:69499003;Name=hisN;gbkey=Gene;gene=hisN;gene_biotype=protein_coding;locus_tag=AL06_RS03410;old_locus_tag=CXF52_RS03415,hisN,protein_coding,667312,668127,659850,660806,FALSE,FALSE,TCAGGAGCACGTACC,AGTAAAGGAGAAATC,ATG,-8.613115,9,TRUE,TRUE,-6.768055,11
NZ_CP025209.1,CDS,667312,668127,-,ID=gene-AL06_RS03415;Dbxref=GeneID:69499004;Name=AL06_RS03415;gbkey=Gene;gene_biotype=protein_coding;locus_tag=AL06_RS03415;old_locus_tag=CXF52_RS03420,AL06_RS03415,protein_coding,674228,674569,666468,667256,FALSE,FALSE,GACAGCTTCCCTCTC,TCAGGAGCACGTACC,ATG,1.2151,16,FALSE,TRUE,-8.613115,9
NZ_CP025209.1,CDS,668307,669416,+,ID=gene-AL06_RS03420;Dbxref=GeneID:69499005;Name=prfB;gbkey=Gene;gene=prfB;gene_biotype=protein_coding;locus_tag=AL06_RS03420;old_locus_tag=CXF52_RS03425,prfB,protein_coding,665358,666449,671190,671879,FALSE,FALSE,CACGCTAGAATTATC,TTAGCTAAGGTGGAC,ATG,1.1151,13,FALSE,TRUE,-3.82996,9
NZ_CP025209.1,CDS,671190,671879,+,ID=gene-AL06_RS03435;Dbxref=GeneID:69499007;Name=ftsE;gbkey=Gene;gene=ftsE;gene_biotype=protein_coding;locus_tag=AL06_RS03435;old_locus_tag=CXF52_RS03440,ftsE,protein_coding,668307,669416,671896,672798,FALSE,FALSE,TTAGCTAAGGTGGAC,TAGGAGGAGAGTGCA,GTG,-3.82996,9,TRUE,TRUE,-9.81615,14
NZ_CP025209.1,CDS,671896,672798,+,ID=gene-AL06_RS03440;Dbxref=GeneID:69499008;Name=ftsX;gbkey=Gene;gene=ftsX;gene_biotype=protein_coding;locus_tag=AL06_RS03440;old_locus_tag=CXF52_RS03445,ftsX,protein_coding,671190,671879,672905,673396,FALSE,FALSE,TAGGAGGAGAGTGCA,GGGTACTATCGATGC,ATG,-9.81615,14,TRUE,FALSE,-3.10755,16
NZ_CP025209.1,CDS,672905,673396,+,ID=gene-AL06_RS03445;Dbxref=GeneID:69499009;Name=smpB;gbkey=Gene;gene=smpB;gene_biotype=protein_coding;locus_tag=AL06_RS03445;old_locus_tag=CXF52_RS03450,smpB,protein_coding,671896,672798,673487,673871,FALSE,FALSE,GGGTACTATCGATGC,CAACTGTAGAAGCAC,ATG,-3.10755,16,FALSE,FALSE,0.9151,9
NZ_CP025209.1,tmRNA,673487,673871,+,ID=gene-AL06_RS03450;Dbxref=GeneID:69499010;Name=ssrA;gbkey=Gene;gene=ssrA;gene_biotype=tmRNA;locus_tag=AL06_RS03450;old_locus_tag=CXF52_RS03455,ssrA,tmRNA,672905,673396,675709,676323,FALSE,FALSE,CAACTGTAGAAGCAC,GAAAGATGGTCTCGA,GGG,0.9151,9,FALSE,FALSE,-1.469835,10
NZ_CP025209.1,CDS,674228,674569,-,ID=gene-AL06_RS03455;Dbxref=GeneID:69499011;Name=AL06_RS03455;gbkey=Gene;gene_biotype=protein_coding;locus_tag=AL06_RS03455;old_locus_tag=CXF52_RS03460,AL06_RS03455,protein_coding,674603,675406,667312,668127,FALSE,FALSE,CACCTGAAAGGTCAC,GACAGCTTCCCTCTC,ATG,-3.82996,8,TRUE,FALSE,1.2151,16
NZ_CP025209.1,CDS,674603,675406,-,ID=gene-AL06_RS03460;Dbxref=GeneID:69499012;Name=AL06_RS03460;gbkey=Gene;gene_biotype=protein_coding;locus_tag=AL06_RS03460;old_locus_tag=CXF52_RS03465,AL06_RS03460,protein_coding,684616,685824,674228,674569,FALSE,FALSE,TAGTTGTTAAAATTT,CACCTGAAAGGTCAC,ATG,1.1151,18,FALSE,TRUE,-3.82996,8
NZ_CP025209.1,CDS,675709,676323,+,ID=gene-AL06_RS03465;Dbxref=GeneID:69499013;Name=AL06_RS03465;gbkey=Gene;gene_biotype=protein_coding;locus_tag=AL06_RS03465;old_locus_tag=CXF52_RS03470,AL06_RS03465,protein_coding,673487,673871,676324,676689,FALSE,FALSE,GAAAGATGGTCTCGA,CTCCACCCGGAATGA,ATG,-1.469835,10,FALSE,FALSE,-1.247805,9
NZ_CP025209.1,CDS,676324,676689,+,ID=gene-AL06_RS03470;Dbxref=GeneID:69499014;Name=AL06_RS03470;gbkey=Gene;gene_biotype=protein_coding;locus_tag=AL06_RS03470;old_locus_tag=CXF52_RS03475,AL06_RS03470,protein_coding,675709,676323,679099,680617,FALSE,FALSE,CTCCACCCGGAATGA,TTGGTCTTTTGACTG,ATG,-1.247805,9,FALSE,FALSE,-1.469835,15
NZ_CP025209.1,rRNA,679099,680617,+,ID=gene-AL06_RS03490;Dbxref=GeneID:69499016;Name=AL06_RS03490;gbkey=Gene;gene_biotype=rRNA;locus_tag=AL06_RS03490;old_locus_tag=CXF52_RS03495,AL06_RS03490,rRNA,676324,676689,680982,684067,FALSE,FALSE,TTGGTCTTTTGACTG,TGTTTTGTTTGTTAC,TTT,-1.469835,15,FALSE,FALSE,1.77826,17
NZ_CP025209.1,rRNA,680982,684067,+,ID=gene-AL06_RS03495;Dbxref=GeneID:69499017;Name=AL06_RS03495;gbkey=Gene;gene_biotype=rRNA;locus_tag=AL06_RS03495;old_locus_tag=CXF52_RS03500,AL06_RS03495,rRNA,679099,680617,684213,684329,FALSE,FALSE,TGTTTTGTTTGTTAC,TGGGTGGTTGGTTGT,GTG,1.77826,17,FALSE,TRUE,-4.478815,12
NZ_CP025209.1,rRNA,684213,684329,+,ID=gene-AL06_RS03500;Dbxref=GeneID:69499018;Name=rrf;gbkey=Gene;gene=rrf;gene_biotype=rRNA;locus_tag=AL06_RS03500;old_locus_tag=CXF52_RS03505,rrf,rRNA,680982,684067,692647,692835,FALSE,FALSE,TGGGTGGTTGGTTGT,ATTTGAAACAATAGA,GTT,-4.478815,12,TRUE,FALSE,1.1151,7
NZ_CP025209.1,CDS,684616,685824,-,ID=gene-AL06_RS03505;Dbxref=GeneID:69499019;Name=AL06_RS03505;gbkey=Gene;gene_biotype=protein_coding;locus_tag=AL06_RS03505;old_locus_tag=CXF52_RS03510,AL06_RS03505,protein_coding,686350,686538,674603,675406,FALSE,FALSE,ATTCGCTAGGAGGTC,TAGTTGTTAAAATTT,ATG,-12.113115,7,TRUE,FALSE,1.1151,18
NZ_CP025209.1,CDS,686350,686538,-,ID=gene-AL06_RS03515;Dbxref=GeneID:69499020;Name=AL06_RS03515;gbkey=Gene;gene_biotype=protein_coding;locus_tag=AL06_RS03515;old_locus_tag=CXF52_RS03520,AL06_RS03515,protein_coding,687900,688547,684616,685824,FALSE,FALSE,CAACCCCACCCCTAG,ATTCGCTAGGAGGTC,ATG,0.315099999999999,6,FALSE,TRUE,-12.113115,7
NZ_CP025209.1,CDS,687900,688547,-,ID=gene-AL06_RS03530;Dbxref=GeneID:69499021;Name=AL06_RS03530;gbkey=Gene;gene_biotype=protein_coding;locus_tag=AL06_RS03530;old_locus_tag=CXF52_RS03535,AL06_RS03530,protein_coding,688552,690216,686350,686538,FALSE,FALSE,CTCACCAAGGACTAA,CAACCCCACCCCTAG,ATG,-4.40793,10,TRUE,FALSE,0.315099999999999,6
NZ_CP025209.1,CDS,688552,690216,-,ID=gene-AL06_RS03535;Dbxref=GeneID:69499022;Name=AL06_RS03535;gbkey=Gene;gene_biotype=protein_coding;locus_tag=AL06_RS03535;old_locus_tag=CXF52_RS03540,AL06_RS03535,protein_coding,690262,692580,687900,688547,FALSE,FALSE,TAGTTTCAGGAGATA,CTCACCAAGGACTAA,GTG,-6.468055,9,TRUE,TRUE,-4.40793,10
NZ_CP025209.1,CDS,690262,692580,-,ID=gene-AL06_RS03540;Dbxref=GeneID:69499023;Name=AL06_RS03540;gbkey=Gene;gene_biotype=protein_coding;locus_tag=AL06_RS03540;old_locus_tag=CXF52_RS03545,AL06_RS03540,protein_coding,693020,693643,688552,690216,FALSE,FALSE,ACTAAACTATGGAGT,TAGTTTCAGGAGATA,ATG,-3.60793,6,TRUE,TRUE,-6.468055,9
NZ_CP025209.1,CDS,692647,692835,+,ID=gene-AL06_RS03545;Dbxref=GeneID:69499024;Name=AL06_RS03545;gbkey=Gene;gene_biotype=protein_coding;locus_tag=AL06_RS03545;old_locus_tag=CXF52_RS03550,AL06_RS03545,protein_coding,684213,684329,694324,694713,FALSE,FALSE,ATTTGAAACAATAGA,AAGAAGGGAGAGGAG,ATG,1.1151,7,FALSE,TRUE,-7.568055,6
NZ_CP025209.1,CDS,693020,693643,-,ID=gene-AL06_RS03550;Dbxref=GeneID:69499025;Name=AL06_RS03550;gbkey=Gene;gene_biotype=protein_coding;locus_tag=AL06_RS03550;old_locus_tag=CXF52_RS03555,AL06_RS03550,protein_coding,694820,695344,690262,692580,FALSE,FALSE,CGAGAGGAAAACAAC,ACTAAACTATGGAGT,ATG,-4.40793,13,TRUE,TRUE,-3.60793,6
NZ_CP025209.1,CDS,694324,694713,+,ID=gene-AL06_RS03555;Dbxref=GeneID:69499026;Name=AL06_RS03555;gbkey=Gene;gene_biotype=protein_coding;locus_tag=AL06_RS03555;old_locus_tag=CXF52_RS03560,AL06_RS03555,protein_coding,692647,692835,696237,697001,FALSE,FALSE,AAGAAGGGAGAGGAG,AGTAACGGGGTGTTG,GTG,-7.568055,6,TRUE,TRUE,-5.13072,9
NZ_CP025209.1,CDS,694820,695344,-,ID=gene-AL06_RS03560;Dbxref=GeneID:69499027;Name=AL06_RS03560;gbkey=Gene;gene_biotype=protein_coding;locus_tag=AL06_RS03560;old_locus_tag=CXF52_RS03565,AL06_RS03560,protein_coding,695331,696197,693020,693643,TRUE,FALSE,GTTAGTAAGATGAGC,CGAGAGGAAAACAAC,ATG,-0.359835,6,FALSE,TRUE,-4.40793,13
NZ_CP025209.1,CDS,695331,696197,-,ID=gene-AL06_RS03565;Dbxref=GeneID:69499028;Name=AL06_RS03565;gbkey=Gene;gene_biotype=protein_coding;locus_tag=AL06_RS03565;old_locus_tag=CXF52_RS03570,AL06_RS03565,protein_coding,699635,700531,694820,695344,FALSE,TRUE,TTTCTGCGATCAACC,GTTAGTAAGATGAGC,ATG,2.00029,11,FALSE,FALSE,-0.359835,6
NZ_CP025209.1,CDS,696237,697001,+,ID=gene-AL06_RS03570;Dbxref=GeneID:69499029;Name=AL06_RS03570;gbkey=Gene;gene_biotype=protein_coding;locus_tag=AL06_RS03570;old_locus_tag=CXF52_RS03575,AL06_RS03570,protein_coding,694324,694713,697176,698663,FALSE,FALSE,AGTAACGGGGTGTTG,TTGTATGGAGCAAAA,ATG,-5.13072,9,TRUE,TRUE,-3.60793,10
NZ_CP025209.1,CDS,697176,698663,+,ID=gene-AL06_RS03575;Dbxref=GeneID:69499030;Name=AL06_RS03575;gbkey=Gene;gene_biotype=protein_coding;locus_tag=AL06_RS03575;old_locus_tag=CXF52_RS03580,AL06_RS03575,protein_coding,696237,697001,698742,699638,FALSE,FALSE,TTGTATGGAGCAAAA,GTACTGGGAAGGGGG,ATG,-3.60793,10,TRUE,TRUE,-10.941975,6
NZ_CP025209.1,CDS,698742,699638,+,ID=gene-AL06_RS03580;Dbxref=GeneID:69499031;Name=AL06_RS03580;gbkey=Gene;gene_biotype=protein_coding;locus_tag=AL06_RS03580;old_locus_tag=CXF52_RS03585,AL06_RS03580,protein_coding,697176,698663,703615,704913,FALSE,FALSE,GTACTGGGAAGGGGG,GAAAAACAAATTGAA,GTG,-10.941975,6,TRUE,FALSE,1.80029,18
NZ_CP025209.1,CDS,699635,700531,-,ID=gene-AL06_RS03585;Dbxref=GeneID:69499032;Name=AL06_RS03585;gbkey=Gene;gene_biotype=protein_coding;locus_tag=AL06_RS03585;old_locus_tag=CXF52_RS03590,AL06_RS03585,protein_coding,700552,701601,695331,696197,FALSE,FALSE,CTGAGGGGACTCACG,TTTCTGCGATCAACC,ATG,-5.99388,13,TRUE,FALSE,2.00029,11
NZ_CP025209.1,CDS,700552,701601,-,ID=gene-AL06_RS03590;Dbxref=GeneID:69499033;Name=sepH;gbkey=Gene;gene=sepH;gene_biotype=protein_coding;locus_tag=AL06_RS03590;old_locus_tag=CXF52_RS03595,sepH,protein_coding,701803,702933,699635,700531,FALSE,FALSE,CCCAGTCGAAGGAGT,CTGAGGGGACTCACG,ATG,-6.768055,7,TRUE,TRUE,-5.99388,13
NZ_CP025209.1,CDS,701803,702933,-,ID=gene-AL06_RS03595;Dbxref=GeneID:69499034;Name=serC;gbkey=Gene;gene=serC;gene_biotype=protein_coding;locus_tag=AL06_RS03595;old_locus_tag=CXF52_RS03600,serC,protein_coding,705528,707033,700552,701601,FALSE,FALSE,CAACGAGAAAGCGTG,CCCAGTCGAAGGAGT,ATG,-0.359835,13,FALSE,TRUE,-6.768055,7
NZ_CP025209.1,CDS,703615,704913,+,ID=gene-AL06_RS03600;Dbxref=GeneID:69499035;Name=AL06_RS03600;gbkey=Gene;gene_biotype=protein_coding;locus_tag=AL06_RS03600;old_locus_tag=CXF52_RS03605,AL06_RS03600,protein_coding,698742,699638,705080,705439,FALSE,FALSE,GAAAAACAAATTGAA,TCCAAGGAGTTAGAG,ATG,1.80029,18,FALSE,TRUE,-6.91615,6
NZ_CP025209.1,CDS,705080,705439,+,ID=gene-AL06_RS03605;Dbxref=GeneID:69499036;Name=fkpA;gbkey=Gene;gene=fkpA;gene_biotype=protein_coding;locus_tag=AL06_RS03605;old_locus_tag=CXF52_RS03610,fkpA,protein_coding,703615,704913,707126,707998,FALSE,FALSE,TCCAAGGAGTTAGAG,GGTGGATTATCGGTG,ATG,-6.91615,6,TRUE,TRUE,-4.35299,6
NZ_CP025209.1,CDS,705528,707033,-,ID=gene-AL06_RS03610;Dbxref=GeneID:69499037;Name=AL06_RS03610;gbkey=Gene;gene_biotype=protein_coding;locus_tag=AL06_RS03610;old_locus_tag=CXF52_RS03615,AL06_RS03610,protein_coding,712092,713000,701803,702933,FALSE,FALSE,TTCTTTATAGGGTGG,CAACGAGAAAGCGTG,ATG,-6.841975,6,TRUE,FALSE,-0.359835,13
NZ_CP025209.1,CDS,707126,707998,+,ID=gene-AL06_RS03615;Dbxref=GeneID:69499038;Name=AL06_RS03615;gbkey=Gene;gene_biotype=protein_coding;locus_tag=AL06_RS03615;old_locus_tag=CXF52_RS03620,AL06_RS03615,protein_coding,705080,705439,707998,708774,FALSE,TRUE,GGTGGATTATCGGTG,TCCCAGGCGAGGTGG,ATG,-4.35299,6,TRUE,TRUE,-8.913115,8
NZ_CP025209.1,CDS,707998,708774,+,ID=gene-AL06_RS03620;Dbxref=GeneID:69499039;Name=AL06_RS03620;gbkey=Gene;gene_biotype=protein_coding;locus_tag=AL06_RS03620;old_locus_tag=CXF52_RS03625,AL06_RS03620,protein_coding,707126,707998,709123,709464,TRUE,FALSE,TCCCAGGCGAGGTGG,AAAAGGAGCATTAAC,GTG,-8.913115,8,TRUE,TRUE,-6.768055,13
NZ_CP025209.1,CDS,709123,709464,+,ID=gene-AL06_RS03625;Dbxref=GeneID:69499040;Name=AL06_RS03625;gbkey=Gene;gene_biotype=protein_coding;locus_tag=AL06_RS03625;old_locus_tag=CXF52_RS03630,AL06_RS03625,protein_coding,707998,708774,709468,711120,FALSE,FALSE,AAAAGGAGCATTAAC,GTCCATGGAAGGATA,ATG,-6.768055,13,TRUE,TRUE,-4.40793,8
NZ_CP025209.1,CDS,709468,711120,+,ID=gene-AL06_RS03630;Dbxref=GeneID:69499041;Name=AL06_RS03630;gbkey=Gene;gene_biotype=protein_coding;locus_tag=AL06_RS03630;old_locus_tag=CXF52_RS03635,AL06_RS03630,protein_coding,709123,709464,711245,712099,FALSE,FALSE,GTCCATGGAAGGATA,CGGACATTATTATGA,ATG,-4.40793,8,TRUE,FALSE,-1.247805,16
NZ_CP025209.1,CDS,711245,712099,+,ID=gene-AL06_RS03635;Dbxref=GeneID:69499042;Name=AL06_RS03635;gbkey=Gene;gene_biotype=protein_coding;locus_tag=AL06_RS03635;old_locus_tag=CXF52_RS03640,AL06_RS03635,protein_coding,709468,711120,715951,716226,FALSE,FALSE,CGGACATTATTATGA,CGCCTAGTTCTTCCC,ATG,-1.247805,16,FALSE,FALSE,1.1151,14
NZ_CP025209.1,CDS,712092,713000,-,ID=gene-AL06_RS03640;Dbxref=GeneID:69499043;Name=AL06_RS03640;gbkey=Gene;gene_biotype=protein_coding;locus_tag=AL06_RS03640;old_locus_tag=CXF52_RS03645,AL06_RS03640,protein_coding,713129,714328,705528,707033,FALSE,FALSE,CTCAAGGATCACACA,TTCTTTATAGGGTGG,ATG,-4.40793,13,TRUE,TRUE,-6.841975,6
NZ_CP025209.1,CDS,713129,714328,-,ID=gene-AL06_RS03645;Dbxref=GeneID:69499044;Name=AL06_RS03645;gbkey=Gene;gene_biotype=protein_coding;locus_tag=AL06_RS03645;old_locus_tag=CXF52_RS03650,AL06_RS03645,protein_coding,714588,715007,712092,713000,FALSE,FALSE,ACCAGTATTATTCTT,CTCAAGGATCACACA,ATG,1.2151,16,FALSE,TRUE,-4.40793,13
NZ_CP025209.1,CDS,714588,715007,-,ID=gene-AL06_RS03660;Dbxref=GeneID:69499045;Name=AL06_RS03660;gbkey=Gene;gene_biotype=protein_coding;locus_tag=AL06_RS03660;old_locus_tag=CXF52_RS03665,AL06_RS03660,protein_coding,715052,715618,713129,714328,FALSE,FALSE,CGGGGCGTCACCGCA,ACCAGTATTATTCTT,ATG,-4.478815,12,TRUE,FALSE,1.2151,16
NZ_CP025209.1,CDS,715052,715618,-,ID=gene-AL06_RS03665;Dbxref=GeneID:69499046;Name=AL06_RS03665;gbkey=Gene;gene_biotype=protein_coding;locus_tag=AL06_RS03665;old_locus_tag=CXF52_RS03670,AL06_RS03665,protein_coding,716632,716704,714588,715007,FALSE,FALSE,CCCTCGAAAGGAGAG,CGGGGCGTCACCGCA,ATG,-7.81615,6,TRUE,TRUE,-4.478815,12
NZ_CP025209.1,CDS,715951,716226,+,ID=gene-AL06_RS11840;Dbxref=GeneID:69500554;Name=AL06_RS11840;gbkey=Gene;gene_biotype=protein_coding;locus_tag=AL06_RS11840,AL06_RS11840,protein_coding,711245,712099,716898,717173,FALSE,FALSE,CGCCTAGTTCTTCCC,TTCTTGTGGAGGTAC,ATG,1.1151,14,FALSE,TRUE,-9.25299,7
NZ_CP025209.1,tRNA,716632,716704,-,ID=gene-AL06_RS03675;Dbxref=GeneID:69499047;Name=AL06_RS03675;gbkey=Gene;gene_biotype=tRNA;locus_tag=AL06_RS03675;old_locus_tag=CXF52_RS03680,AL06_RS03675,tRNA,717951,718208,715052,715618,FALSE,FALSE,TCGACGAATTGTTTT,CCCTCGAAAGGAGAG,GCC,1.77826,8,FALSE,TRUE,-7.81615,6
NZ_CP025209.1,CDS,716898,717173,+,ID=gene-AL06_RS03680;Dbxref=GeneID:69499048;Name=AL06_RS03680;gbkey=Gene;gene_biotype=protein_coding;locus_tag=AL06_RS03680;old_locus_tag=CXF52_RS03685,AL06_RS03680,protein_coding,715951,716226,717180,717932,FALSE,FALSE,TTCTTGTGGAGGTAC,CGACGAAGACTAAGA,ATG,-9.25299,7,TRUE,FALSE,0.9151,13
NZ_CP025209.1,CDS,717180,717932,+,ID=gene-AL06_RS03685;Dbxref=GeneID:69499049;Name=cobF;gbkey=Gene;gene=cobF;gene_biotype=protein_coding;locus_tag=AL06_RS03685;old_locus_tag=CXF52_RS03690,cobF,protein_coding,716898,717173,720435,725249,FALSE,FALSE,CGACGAAGACTAAGA,AATCAATGAGTGATC,ATG,0.9151,13,FALSE,FALSE,-0.359835,10
NZ_CP025209.1,CDS,717951,718208,-,ID=gene-AL06_RS03690;Dbxref=GeneID:69499050;Name=AL06_RS03690;gbkey=Gene;gene_biotype=protein_coding;locus_tag=AL06_RS03690;old_locus_tag=CXF52_RS03695,AL06_RS03690,protein_coding,718229,718732,716632,716704,FALSE,FALSE,AGCAAAGGAAGATGG,TCGACGAATTGTTTT,ATG,-7.51615,6,TRUE,FALSE,1.77826,8
NZ_CP025209.1,CDS,718229,718732,-,ID=gene-AL06_RS03695;Dbxref=GeneID:69499051;Name=AL06_RS03695;gbkey=Gene;gene_biotype=protein_coding;locus_tag=AL06_RS03695;old_locus_tag=CXF52_RS03700,AL06_RS03695,protein_coding,718732,719544,717951,718208,TRUE,FALSE,GTGGCGAGGTAGCAG,AGCAAAGGAAGATGG,ATG,-6.004895,10,TRUE,TRUE,-7.51615,6
NZ_CP025209.1,CDS,718732,719544,-,ID=gene-AL06_RS03700;Dbxref=GeneID:69499052;Name=AL06_RS03700;gbkey=Gene;gene_biotype=protein_coding;locus_tag=AL06_RS03700;old_locus_tag=CXF52_RS03705,AL06_RS03700,protein_coding,719638,720396,718229,718732,FALSE,TRUE,TATCGACTTGATTGT,GTGGCGAGGTAGCAG,ATG,2.00029,14,FALSE,TRUE,-6.004895,10
NZ_CP025209.1,CDS,719638,720396,-,ID=gene-AL06_RS03705;Dbxref=GeneID:69499053;Name=AL06_RS03705;gbkey=Gene;gene_biotype=protein_coding;locus_tag=AL06_RS03705;old_locus_tag=CXF52_RS03710,AL06_RS03705,protein_coding,725246,725875,718732,719544,FALSE,FALSE,TCCACTACACTAGGG,TATCGACTTGATTGT,ATG,-4.256165,6,TRUE,FALSE,2.00029,14
NZ_CP025209.1,CDS,720435,725249,+,ID=gene-AL06_RS03710;Dbxref=GeneID:69499054;Name=AL06_RS03710;gbkey=Gene;gene_biotype=protein_coding;locus_tag=AL06_RS03710;old_locus_tag=CXF52_RS03715,AL06_RS03710,protein_coding,717180,717932,725928,726734,FALSE,FALSE,AATCAATGAGTGATC,GCTGCGTGATACTGG,GTG,-0.359835,10,FALSE,FALSE,-0.872870000000002,5
NZ_CP025209.1,CDS,725246,725875,-,ID=gene-AL06_RS03715;Dbxref=GeneID:69499055;Name=AL06_RS03715;gbkey=Gene;gene_biotype=protein_coding;locus_tag=AL06_RS03715;old_locus_tag=CXF52_RS03720,AL06_RS03715,protein_coding,726717,728342,719638,720396,FALSE,FALSE,GGGGGTACAAAAGGT,TCCACTACACTAGGG,ATG,-8.578815,14,TRUE,TRUE,-4.256165,6
NZ_CP025209.1,CDS,725928,726734,+,ID=gene-AL06_RS03720;Dbxref=GeneID:69499056;Name=AL06_RS03720;gbkey=Gene;gene_biotype=protein_coding;locus_tag=AL06_RS03720;old_locus_tag=CXF52_RS03725,AL06_RS03720,protein_coding,720435,725249,728457,728870,FALSE,FALSE,GCTGCGTGATACTGG,GTGCATTAGGGTGAG,ATG,-0.872870000000002,5,FALSE,TRUE,-4.578055,7
NZ_CP025209.1,CDS,726717,728342,-,ID=gene-AL06_RS03725;Dbxref=GeneID:69499057;Name=AL06_RS03725;gbkey=Gene;gene_biotype=protein_coding;locus_tag=AL06_RS03725;old_locus_tag=CXF52_RS03730,AL06_RS03725,protein_coding,728955,730598,725246,725875,FALSE,FALSE,TTCTGGCACGATCGA,GGGGGTACAAAAGGT,GTG,0.827129999999999,14,FALSE,TRUE,-8.578815,14
NZ_CP025209.1,CDS,728457,728870,+,ID=gene-AL06_RS03730;Dbxref=GeneID:69499058;Name=AL06_RS03730;gbkey=Gene;gene_biotype=protein_coding;locus_tag=AL06_RS03730;old_locus_tag=CXF52_RS03735,AL06_RS03730,protein_coding,725928,726734,730801,732285,FALSE,FALSE,GTGCATTAGGGTGAG,GCGGTGCATAGTGGG,ATG,-4.578055,7,TRUE,FALSE,-2.410585,5
NZ_CP025209.1,CDS,728955,730598,-,ID=gene-AL06_RS03735;Dbxref=GeneID:69499059;Name=pgi;gbkey=Gene;gene=pgi;gene_biotype=protein_coding;locus_tag=AL06_RS03735;old_locus_tag=CXF52_RS03740,pgi,protein_coding,732282,732596,726717,728342,FALSE,FALSE,ACAGAAATGGAGCAA,TTCTGGCACGATCGA,ATG,-3.60793,8,TRUE,FALSE,0.827129999999999,14
NZ_CP025209.1,CDS,730801,732285,+,ID=gene-AL06_RS03740;Dbxref=GeneID:69499060;Name=AL06_RS03740;gbkey=Gene;gene_biotype=protein_coding;locus_tag=AL06_RS03740;old_locus_tag=CXF52_RS03745,AL06_RS03740,protein_coding,728457,728870,732695,735181,FALSE,FALSE,GCGGTGCATAGTGGG,GTTGTAGGTTGGATA,ATG,-2.410585,5,FALSE,TRUE,-3.82996,11
NZ_CP025209.1,CDS,732282,732596,-,ID=gene-AL06_RS03745;Dbxref=GeneID:69499061;Name=AL06_RS03745;gbkey=Gene;gene_biotype=protein_coding;locus_tag=AL06_RS03745;old_locus_tag=CXF52_RS03750,AL06_RS03745,protein_coding,735257,736048,728955,730598,FALSE,FALSE,GGTGGCACAATGGTC,ACAGAAATGGAGCAA,ATG,-1.569835,17,FALSE,TRUE,-3.60793,8
NZ_CP025209.1,CDS,732695,735181,+,ID=gene-AL06_RS03750;Dbxref=GeneID:69499062;Name=pcrA;gbkey=Gene;gene=pcrA;gene_biotype=protein_coding;locus_tag=AL06_RS03750;old_locus_tag=CXF52_RS03755,pcrA,protein_coding,730801,732285,736277,737833,FALSE,FALSE,GTTGTAGGTTGGATA,TCGTGGCACAGTTTA,ATG,-3.82996,11,TRUE,FALSE,0.827129999999999,14
NZ_CP025209.1,CDS,735257,736048,-,ID=gene-AL06_RS03755;Dbxref=GeneID:69499063;Name=AL06_RS03755;gbkey=Gene;gene_biotype=protein_coding;locus_tag=AL06_RS03755;old_locus_tag=CXF52_RS03760,AL06_RS03755,protein_coding,742725,743393,732282,732596,FALSE,FALSE,GAGTTGGTTACAAAA,GGTGGCACAATGGTC,ATG,-2.604895,12,FALSE,FALSE,-1.569835,17
NZ_CP025209.1,CDS,736277,737833,+,ID=gene-AL06_RS03760;Dbxref=GeneID:69499064;Name=AL06_RS03760;gbkey=Gene;gene_biotype=protein_coding;locus_tag=AL06_RS03760;old_locus_tag=CXF52_RS03765,AL06_RS03760,protein_coding,732695,735181,737859,738482,FALSE,FALSE,TCGTGGCACAGTTTA,ACAGGCTTAAACCAT,ATG,0.827129999999999,14,FALSE,FALSE,-2.032995,16
NZ_CP025209.1,CDS,737859,738482,+,ID=gene-AL06_RS03765;Dbxref=GeneID:69499065;Name=purN;gbkey=Gene;gene=purN;gene_biotype=protein_coding;locus_tag=AL06_RS03765;old_locus_tag=CXF52_RS03770,purN,protein_coding,736277,737833,738472,740049,FALSE,TRUE,ACAGGCTTAAACCAT,GGAGAGGTTTCCTTC,ATG,-2.032995,16,FALSE,TRUE,-6.15299,12
NZ_CP025209.1,CDS,738472,740049,+,ID=gene-AL06_RS03770;Dbxref=GeneID:69499066;Name=purH;gbkey=Gene;gene=purH;gene_biotype=protein_coding;locus_tag=AL06_RS03770;old_locus_tag=CXF52_RS03775,purH,protein_coding,737859,738482,740655,740870,TRUE,FALSE,GGAGAGGTTTCCTTC,CAACACTGCCAGCGG,ATG,-6.15299,12,TRUE,FALSE,-0.872870000000002,5
NZ_CP025209.1,CDS,740655,740870,+,ID=gene-AL06_RS03780;Dbxref=GeneID:69499067;Name=AL06_RS03780;gbkey=Gene;gene_biotype=protein_coding;locus_tag=AL06_RS03780;old_locus_tag=CXF52_RS03785,AL06_RS03780,protein_coding,738472,740049,740955,741431,FALSE,FALSE,CAACACTGCCAGCGG,CAAGGAAGTAGTGGT,ATG,-0.872870000000002,5,FALSE,TRUE,-6.64969,6
NZ_CP025209.1,CDS,740955,741431,+,ID=gene-AL06_RS03785;Dbxref=GeneID:69499068;Name=AL06_RS03785;gbkey=Gene;gene_biotype=protein_coding;locus_tag=AL06_RS03785;old_locus_tag=CXF52_RS03790,AL06_RS03785,protein_coding,740655,740870,741416,741847,FALSE,TRUE,CAAGGAAGTAGTGGT,TTGGTTCCCCACGGG,ATG,-6.64969,6,TRUE,FALSE,-2.410585,5
NZ_CP025209.1,CDS,741416,741847,+,ID=gene-AL06_RS03790;Dbxref=GeneID:69499069;Name=AL06_RS03790;gbkey=Gene;gene_biotype=protein_coding;locus_tag=AL06_RS03790;old_locus_tag=CXF52_RS03795,AL06_RS03790,protein_coding,740955,741431,741895,742728,TRUE,FALSE,TTGGTTCCCCACGGG,CGCCGCTAGAATTGT,GTG,-2.410585,5,FALSE,FALSE,1.1151,12
NZ_CP025209.1,CDS,741895,742728,+,ID=gene-AL06_RS03795;Dbxref=GeneID:69499070;Name=AL06_RS03795;gbkey=Gene;gene_biotype=protein_coding;locus_tag=AL06_RS03795;old_locus_tag=CXF52_RS03800,AL06_RS03795,protein_coding,741416,741847,746071,746337,FALSE,FALSE,CGCCGCTAGAATTGT,TGAGGGAAATCGAGA,ATG,1.1151,12,FALSE,TRUE,-4.456165,15
NZ_CP025209.1,CDS,742725,743393,-,ID=gene-AL06_RS03800;Dbxref=GeneID:69499071;Name=AL06_RS03800;gbkey=Gene;gene_biotype=protein_coding;locus_tag=AL06_RS03800;old_locus_tag=CXF52_RS03805,AL06_RS03800,protein_coding,743518,744426,735257,736048,FALSE,FALSE,AAAGGGGCAGGTACT,GAGTTGGTTACAAAA,ATG,-8.913115,9,TRUE,FALSE,-2.604895,12
NZ_CP025209.1,CDS,743518,744426,-,ID=gene-AL06_RS03805;Dbxref=GeneID:69499072;Name=AL06_RS03805;gbkey=Gene;gene_biotype=protein_coding;locus_tag=AL06_RS03805;old_locus_tag=CXF52_RS03810,AL06_RS03805,protein_coding,744625,744873,742725,743393,FALSE,FALSE,TCACCTGACGGGAAG,AAAGGGGCAGGTACT,GTG,-2.78552,7,FALSE,TRUE,-8.913115,9
NZ_CP025209.1,CDS,744625,744873,-,ID=gene-AL06_RS03810;Dbxref=GeneID:69499073;Name=rpsR;gbkey=Gene;gene=rpsR;gene_biotype=protein_coding;locus_tag=AL06_RS03810;old_locus_tag=CXF52_RS03815,rpsR,protein_coding,744888,745193,743518,744426,FALSE,FALSE,GGTAATCAGGGAGTT,TCACCTGACGGGAAG,ATG,-5.145645,7,TRUE,FALSE,-2.78552,7
NZ_CP025209.1,CDS,744888,745193,-,ID=gene-AL06_RS03815;Dbxref=GeneID:69499074;Name=rpsN;gbkey=Gene;gene=rpsN;gene_biotype=protein_coding;locus_tag=AL06_RS03815;old_locus_tag=CXF52_RS03820,rpsN,protein_coding,745197,745361,744625,744873,FALSE,FALSE,CCGCGAGGAGCGTTA,GGTAATCAGGGAGTT,ATG,-8.413115,8,TRUE,TRUE,-5.145645,7
NZ_CP025209.1,CDS,745197,745361,-,ID=gene-AL06_RS03820;Dbxref=GeneID:69499075;Name=rpmG;gbkey=Gene;gene=rpmG;gene_biotype=protein_coding;locus_tag=AL06_RS03820;old_locus_tag=CXF52_RS03825,rpmG,protein_coding,745365,745601,744888,745193,FALSE,FALSE,TGGGGAGAAGATCTA,CCGCGAGGAGCGTTA,ATG,-5.29374,10,TRUE,TRUE,-8.413115,8
NZ_CP025209.1,CDS,745365,745601,-,ID=gene-AL06_RS03825;Dbxref=GeneID:69499076;Name=rpmB;gbkey=Gene;gene=rpmB;gene_biotype=protein_coding;locus_tag=AL06_RS03825;old_locus_tag=CXF52_RS03830,rpmB,protein_coding,751294,751698,745197,745361,FALSE,FALSE,GGCTAGGAGAAAGAA,TGGGGAGAAGATCTA,ATG,-6.568055,12,TRUE,TRUE,-5.29374,10
NZ_CP025209.1,CDS,746071,746337,+,ID=gene-AL06_RS03830;Dbxref=GeneID:69499077;Name=AL06_RS03830;gbkey=Gene;gene_biotype=protein_coding;locus_tag=AL06_RS03830;old_locus_tag=CXF52_RS03835,AL06_RS03830,protein_coding,741895,742728,746356,746529,FALSE,FALSE,TGAGGGAAATCGAGA,ATAAAGGAGGGAAAC,ATG,-4.456165,15,TRUE,TRUE,-10.01615,11
NZ_CP025209.1,CDS,746356,746529,+,ID=gene-AL06_RS03835;Dbxref=GeneID:69499078;Name=rpmF;gbkey=Gene;gene=rpmF;gene_biotype=protein_coding;locus_tag=AL06_RS03835;old_locus_tag=CXF52_RS03840,rpmF,protein_coding,746071,746337,746758,747450,FALSE,FALSE,ATAAAGGAGGGAAAC,ACAAGGCAGAATAGA,ATG,-10.01615,11,TRUE,FALSE,-2.868055,12
NZ_CP025209.1,CDS,746758,747450,+,ID=gene-AL06_RS03840;Dbxref=GeneID:69499079;Name=AL06_RS03840;gbkey=Gene;gene_biotype=protein_coding;locus_tag=AL06_RS03840;old_locus_tag=CXF52_RS03845,AL06_RS03840,protein_coding,746356,746529,747450,748991,FALSE,TRUE,ACAAGGCAGAATAGA,TGAGGGAAACTGCGC,ATG,-2.868055,12,FALSE,TRUE,-4.456165,15
NZ_CP025209.1,CDS,747450,748991,+,ID=gene-AL06_RS03845;Dbxref=GeneID:69499080;Name=AL06_RS03845;gbkey=Gene;gene_biotype=protein_coding;locus_tag=AL06_RS03845;old_locus_tag=CXF52_RS03850,AL06_RS03845,protein_coding,746758,747450,749081,750367,TRUE,FALSE,TGAGGGAAACTGCGC,TGGTCCGATAGTATT,ATG,-4.456165,15,TRUE,FALSE,-1.469835,16
NZ_CP025209.1,CDS,749081,750367,+,ID=gene-AL06_RS03850;Dbxref=GeneID:69499081;Name=AL06_RS03850;gbkey=Gene;gene_biotype=protein_coding;locus_tag=AL06_RS03850;old_locus_tag=CXF52_RS03855,AL06_RS03850,protein_coding,747450,748991,750406,750993,FALSE,FALSE,TGGTCCGATAGTATT,TATTACGAGAAGAGA,ATG,-1.469835,16,FALSE,FALSE,-0.507930000000002,8
NZ_CP025209.1,CDS,750406,750993,+,ID=gene-AL06_RS03855;Dbxref=GeneID:69499082;Name=AL06_RS03855;gbkey=Gene;gene_biotype=protein_coding;locus_tag=AL06_RS03855;old_locus_tag=CXF52_RS03860,AL06_RS03855,protein_coding,749081,750367,751047,751208,FALSE,FALSE,TATTACGAGAAGAGA,AAAAGCACGTAGAAG,ATG,-0.507930000000002,8,FALSE,FALSE,0.1151,6
NZ_CP025209.1,CDS,751047,751208,+,ID=gene-AL06_RS03860;Dbxref=GeneID:69499083;Name=AL06_RS03860;gbkey=Gene;gene_biotype=protein_coding;locus_tag=AL06_RS03860;old_locus_tag=CXF52_RS03865,AL06_RS03860,protein_coding,750406,750993,753217,754137,FALSE,FALSE,AAAAGCACGTAGAAG,TCGCGGTACTGTTTT,GTG,0.1151,6,FALSE,FALSE,-1.569835,13
NZ_CP025209.1,CDS,751294,751698,-,ID=gene-AL06_RS03865;Dbxref=GeneID:69499084;Name=mscL;gbkey=Gene;gene=mscL;gene_biotype=protein_coding;locus_tag=AL06_RS03865;old_locus_tag=CXF52_RS03870,mscL,protein_coding,751805,752488,745365,745601,FALSE,FALSE,TAGAAAGAGGTTGTA,GGCTAGGAGAAAGAA,ATG,-5.904895,9,TRUE,TRUE,-6.568055,12
NZ_CP025209.1,CDS,751805,752488,-,ID=gene-AL06_RS03870;Dbxref=GeneID:69499085;Name=AL06_RS03870;gbkey=Gene;gene_biotype=protein_coding;locus_tag=AL06_RS03870;old_locus_tag=CXF52_RS03875,AL06_RS03870,protein_coding,752504,753088,751294,751698,FALSE,FALSE,TTAATACGTCGAAAC,TAGAAAGAGGTTGTA,GTG,1.77826,11,FALSE,TRUE,-5.904895,9
NZ_CP025209.1,CDS,752504,753088,-,ID=gene-AL06_RS03875;Dbxref=GeneID:69499086;Name=AL06_RS03875;gbkey=Gene;gene_biotype=protein_coding;locus_tag=AL06_RS03875;old_locus_tag=CXF52_RS03880,AL06_RS03875,protein_coding,758574,760283,751805,752488,FALSE,FALSE,ACCCTCTAAGCTGGT,TTAATACGTCGAAAC,ATG,-0.806410000000001,5,FALSE,FALSE,1.77826,11
NZ_CP025209.1,CDS,753217,754137,+,ID=gene-AL06_RS03880;Dbxref=GeneID:69499087;Name=AL06_RS03880;gbkey=Gene;gene_biotype=protein_coding;locus_tag=AL06_RS03880;old_locus_tag=CXF52_RS03885,AL06_RS03880,protein_coding,751047,751208,754234,755499,FALSE,FALSE,TCGCGGTACTGTTTT,AGTTTTAAAGGAGTC,ATG,-1.569835,13,FALSE,TRUE,-6.768055,8
NZ_CP025209.1,CDS,754234,755499,+,ID=gene-AL06_RS03885;Dbxref=GeneID:69499088;Name=AL06_RS03885;gbkey=Gene;gene_biotype=protein_coding;locus_tag=AL06_RS03885;old_locus_tag=CXF52_RS03890,AL06_RS03885,protein_coding,753217,754137,755535,756197,FALSE,FALSE,AGTTTTAAAGGAGTC,ATTTTCTCGGGTCAA,GTG,-6.768055,8,TRUE,FALSE,-3.00755,8
NZ_CP025209.1,CDS,755535,756197,+,ID=gene-AL06_RS03890;Dbxref=GeneID:69499089;Name=AL06_RS03890;gbkey=Gene;gene_biotype=protein_coding;locus_tag=AL06_RS03890;old_locus_tag=CXF52_RS03895,AL06_RS03890,protein_coding,754234,755499,756324,757460,FALSE,FALSE,ATTTTCTCGGGTCAA,ACCCGGAAAGGCCTA,ATG,-3.00755,8,FALSE,TRUE,-3.756025,9
NZ_CP025209.1,CDS,756324,757460,+,ID=gene-AL06_RS03895;Dbxref=GeneID:69499090;Name=AL06_RS03895;gbkey=Gene;gene_biotype=protein_coding;locus_tag=AL06_RS03895;old_locus_tag=CXF52_RS03900,AL06_RS03895,protein_coding,755535,756197,757503,757916,FALSE,FALSE,ACCCGGAAAGGCCTA,ACAAGGGGAAGCGGG,GTG,-3.756025,9,TRUE,TRUE,-6.141975,10
NZ_CP025209.1,CDS,757503,757916,+,ID=gene-AL06_RS03900;Dbxref=GeneID:69499091;Name=AL06_RS03900;gbkey=Gene;gene_biotype=protein_coding;locus_tag=AL06_RS03900;old_locus_tag=CXF52_RS03905,AL06_RS03900,protein_coding,756324,757460,757903,758565,FALSE,TRUE,ACAAGGGGAAGCGGG,ATAGATGGGGTGCTC,ATG,-6.141975,10,TRUE,TRUE,-5.13072,9
NZ_CP025209.1,CDS,757903,758565,+,ID=gene-AL06_RS03905;Dbxref=GeneID:69499092;Name=AL06_RS03905;gbkey=Gene;gene_biotype=protein_coding;locus_tag=AL06_RS03905;old_locus_tag=CXF52_RS03910,AL06_RS03905,protein_coding,757503,757916,760650,762563,TRUE,FALSE,ATAGATGGGGTGCTC,TTATCGTCATGATAG,GTG,-5.13072,9,TRUE,FALSE,0.315099999999999,6
NZ_CP025209.1,CDS,758574,760283,-,ID=gene-AL06_RS03910;Dbxref=GeneID:69499093;Name=AL06_RS03910;gbkey=Gene;gene_biotype=protein_coding;locus_tag=AL06_RS03910;old_locus_tag=CXF52_RS03915,AL06_RS03910,protein_coding,776405,777118,752504,753088,FALSE,FALSE,CAACTGTACTTCCAC,ACCCTCTAAGCTGGT,GTG,1.67826,13,FALSE,FALSE,-0.806410000000001,5
NZ_CP025209.1,CDS,760650,762563,+,ID=gene-AL06_RS03915;Dbxref=GeneID:69499094;Name=AL06_RS03915;gbkey=Gene;gene_biotype=protein_coding;locus_tag=AL06_RS03915;old_locus_tag=CXF52_RS03920,AL06_RS03915,protein_coding,757903,758565,762642,764105,FALSE,FALSE,TTATCGTCATGATAG,AAGGTGAGCACCTTT,ATG,0.315099999999999,6,FALSE,TRUE,-3.82996,15
NZ_CP025209.1,CDS,762642,764105,+,ID=gene-AL06_RS03920;Dbxref=GeneID:69499095;Name=AL06_RS03920;gbkey=Gene;gene_biotype=protein_coding;locus_tag=AL06_RS03920;old_locus_tag=CXF52_RS03925,AL06_RS03920,protein_coding,760650,762563,764215,765090,FALSE,FALSE,AAGGTGAGCACCTTT,GTGTGAGAAACTGGA,ATG,-3.82996,15,TRUE,FALSE,-1.347805,5
NZ_CP025209.1,CDS,764215,765090,+,ID=gene-AL06_RS03925;Dbxref=GeneID:69499096;Name=rsmI;gbkey=Gene;gene=rsmI;gene_biotype=protein_coding;locus_tag=AL06_RS03925;old_locus_tag=CXF52_RS03930,rsmI,protein_coding,762642,764105,765114,766946,FALSE,FALSE,GTGTGAGAAACTGGA,TAAATTAAGGTATAT,ATG,-1.347805,5,FALSE,TRUE,-3.92996,9
NZ_CP025209.1,CDS,765114,766946,+,ID=gene-AL06_RS03930;Dbxref=GeneID:69499097;Name=metG;gbkey=Gene;gene=metG;gene_biotype=protein_coding;locus_tag=AL06_RS03930;old_locus_tag=CXF52_RS03935,metG,protein_coding,764215,765090,766968,767822,FALSE,FALSE,TAAATTAAGGTATAT,CTTTTCTATACTGGC,ATG,-3.92996,9,TRUE,FALSE,0.827129999999999,6
NZ_CP025209.1,CDS,766968,767822,+,ID=gene-AL06_RS03935;Dbxref=GeneID:69499098;Name=AL06_RS03935;gbkey=Gene;gene_biotype=protein_coding;locus_tag=AL06_RS03935;old_locus_tag=CXF52_RS03940,AL06_RS03935,protein_coding,765114,766946,767967,769124,FALSE,FALSE,CTTTTCTATACTGGC,AAAGCAAAGAGATTT,ATG,0.827129999999999,6,FALSE,FALSE,-0.359835,9
NZ_CP025209.1,CDS,767967,769124,+,ID=gene-AL06_RS03940;Dbxref=GeneID:69499099;Name=AL06_RS03940;gbkey=Gene;gene_biotype=protein_coding;locus_tag=AL06_RS03940;old_locus_tag=CXF52_RS03945,AL06_RS03940,protein_coding,766968,767822,769176,770063,FALSE,FALSE,AAAGCAAAGAGATTT,CAGGGTAGATTTATT,GTG,-0.359835,9,FALSE,TRUE,-4.578055,13
NZ_CP025209.1,CDS,769176,770063,+,ID=gene-AL06_RS03945;Dbxref=GeneID:69499100;Name=rsmA;gbkey=Gene;gene=rsmA;gene_biotype=protein_coding;locus_tag=AL06_RS03945;old_locus_tag=CXF52_RS03950,rsmA,protein_coding,767967,769124,770060,770995,FALSE,TRUE,CAGGGTAGATTTATT,CCGCCGCCCAGGAGC,ATG,-4.578055,13,TRUE,TRUE,-6.468055,7
NZ_CP025209.1,CDS,770060,770995,+,ID=gene-AL06_RS03950;Dbxref=GeneID:69499101;Name=AL06_RS03950;gbkey=Gene;gene_biotype=protein_coding;locus_tag=AL06_RS03950;old_locus_tag=CXF52_RS03955,AL06_RS03950,protein_coding,769176,770063,770995,772803,TRUE,TRUE,CCGCCGCCCAGGAGC,CCCATGTGAAAGGAC,ATG,-6.468055,7,TRUE,TRUE,-4.40793,7
NZ_CP025209.1,CDS,770995,772803,+,ID=gene-AL06_RS03955;Dbxref=GeneID:69499102;Name=AL06_RS03955;gbkey=Gene;gene_biotype=protein_coding;locus_tag=AL06_RS03955;old_locus_tag=CXF52_RS03960,AL06_RS03955,protein_coding,770060,770995,772822,773145,TRUE,FALSE,CCCATGTGAAAGGAC,GAAGTGTAGAGTGGG,GTG,-4.40793,7,TRUE,FALSE,-2.410585,5
NZ_CP025209.1,CDS,772822,773145,+,ID=gene-AL06_RS03960;Dbxref=GeneID:69499103;Name=AL06_RS03960;gbkey=Gene;gene_biotype=protein_coding;locus_tag=AL06_RS03960;old_locus_tag=CXF52_RS03965,AL06_RS03960,protein_coding,770995,772803,773251,773640,FALSE,FALSE,GAAGTGTAGAGTGGG,CTCACGTTAGGAGAA,ATG,-2.410585,5,FALSE,TRUE,-6.568055,8
NZ_CP025209.1,CDS,773251,773640,+,ID=gene-AL06_RS03965;Dbxref=GeneID:69499104;Name=AL06_RS03965;gbkey=Gene;gene_biotype=protein_coding;locus_tag=AL06_RS03965;old_locus_tag=CXF52_RS03970,AL06_RS03965,protein_coding,772822,773145,773665,774204,FALSE,FALSE,CTCACGTTAGGAGAA,AACCAATAGAAAGTA,ATG,-6.568055,8,TRUE,FALSE,0.9151,8
NZ_CP025209.1,CDS,773665,774204,+,ID=gene-AL06_RS03970;Dbxref=GeneID:69499105;Name=AL06_RS03970;gbkey=Gene;gene_biotype=protein_coding;locus_tag=AL06_RS03970;old_locus_tag=CXF52_RS03975,AL06_RS03970,protein_coding,773251,773640,774213,775388,FALSE,FALSE,AACCAATAGAAAGTA,GGAGGGGGTAACAAT,GTG,0.9151,8,FALSE,TRUE,-11.63894,12
NZ_CP025209.1,CDS,774213,775388,+,ID=gene-AL06_RS03975;Dbxref=GeneID:69499106;Name=AL06_RS03975;gbkey=Gene;gene_biotype=protein_coding;locus_tag=AL06_RS03975;old_locus_tag=CXF52_RS03980,AL06_RS03975,protein_coding,773665,774204,775429,776328,FALSE,FALSE,GGAGGGGGTAACAAT,GTCGGTAGGGTTAGT,ATG,-11.63894,12,TRUE,TRUE,-4.578055,8
NZ_CP025209.1,CDS,775429,776328,+,ID=gene-AL06_RS03980;Dbxref=GeneID:69499107;Name=ppk2;gbkey=Gene;gene=ppk2;gene_biotype=protein_coding;locus_tag=AL06_RS03980;old_locus_tag=CXF52_RS03985,ppk2,protein_coding,774213,775388,778038,779090,FALSE,FALSE,GTCGGTAGGGTTAGT,ATGTGGAACACTGGC,ATG,-4.578055,8,TRUE,FALSE,-2.056025,6
NZ_CP025209.1,CDS,776405,777118,-,ID=gene-AL06_RS03985;Dbxref=GeneID:69499108;Name=AL06_RS03985;gbkey=Gene;gene_biotype=protein_coding;locus_tag=AL06_RS03985;old_locus_tag=CXF52_RS03990,AL06_RS03985,protein_coding,777138,777938,758574,760283,FALSE,FALSE,CCTCCTCGACACCAT,CAACTGTACTTCCAC,GTG,2.00029,11,FALSE,FALSE,1.67826,13
NZ_CP025209.1,CDS,777138,777938,-,ID=gene-AL06_RS03990;Dbxref=GeneID:69499109;Name=AL06_RS03990;gbkey=Gene;gene_biotype=protein_coding;locus_tag=AL06_RS03990;old_locus_tag=CXF52_RS03995,AL06_RS03990,protein_coding,779087,780346,776405,777118,FALSE,FALSE,GTAGGTAAAGTGGTT,CCTCCTCGACACCAT,ATG,-5.513115,7,TRUE,FALSE,2.00029,11
NZ_CP025209.1,CDS,778038,779090,+,ID=gene-AL06_RS03995;Dbxref=GeneID:69499110;Name=AL06_RS03995;gbkey=Gene;gene_biotype=protein_coding;locus_tag=AL06_RS03995;old_locus_tag=CXF52_RS04000,AL06_RS03995,protein_coding,775429,776328,783676,784329,FALSE,FALSE,ATGTGGAACACTGGC,GGCTTGTAGACTCTC,ATG,-2.056025,6,FALSE,FALSE,0.727129999999998,18
NZ_CP025209.1,CDS,779087,780346,-,ID=gene-AL06_RS04000;Dbxref=GeneID:69499111;Name=AL06_RS04000;gbkey=Gene;gene_biotype=protein_coding;locus_tag=AL06_RS04000;old_locus_tag=CXF52_RS04005,AL06_RS04000,protein_coding,780382,780987,777138,777938,FALSE,FALSE,CGAAAAGGACCCATC,GTAGGTAAAGTGGTT,GTG,-4.40793,12,TRUE,TRUE,-5.513115,7
NZ_CP025209.1,CDS,780382,780987,-,ID=gene-AL06_RS04005;Dbxref=GeneID:69499112;Name=AL06_RS04005;gbkey=Gene;gene_biotype=protein_coding;locus_tag=AL06_RS04005;old_locus_tag=CXF52_RS04010,AL06_RS04005,protein_coding,781982,783412,779087,780346,FALSE,FALSE,GCGTTTCCCCACGGA,CGAAAAGGACCCATC,ATG,-1.347805,5,FALSE,TRUE,-4.40793,12
NZ_CP025209.1,CDS,781982,783412,-,ID=gene-AL06_RS04010;Dbxref=GeneID:69499113;Name=AL06_RS04010;gbkey=Gene;gene_biotype=protein_coding;locus_tag=AL06_RS04010;old_locus_tag=CXF52_RS04015,AL06_RS04010,protein_coding,784574,786208,780382,780987,FALSE,FALSE,TAAGGAACACACGAT,GCGTTTCCCCACGGA,ATG,-4.40793,15,TRUE,FALSE,-1.347805,5
NZ_CP025209.1,CDS,783676,784329,+,ID=gene-AL06_RS04015;Dbxref=GeneID:69499114;Name=AL06_RS04015;gbkey=Gene;gene_biotype=protein_coding;locus_tag=AL06_RS04015;old_locus_tag=CXF52_RS04020,AL06_RS04015,protein_coding,778038,779090,784357,784560,FALSE,FALSE,GGCTTGTAGACTCTC,TTGCCTACACTTACT,ATG,0.727129999999998,18,FALSE,FALSE,3.775225,14
NZ_CP025209.1,CDS,784357,784560,+,ID=gene-AL06_RS04020;Dbxref=GeneID:69499115;Name=AL06_RS04020;gbkey=Gene;gene_biotype=protein_coding;locus_tag=AL06_RS04020;old_locus_tag=CXF52_RS04025,AL06_RS04020,protein_coding,783676,784329,787884,789047,FALSE,FALSE,TTGCCTACACTTACT,AACGTTACAGTCCGA,ATG,3.775225,14,FALSE,FALSE,1.2151,11
NZ_CP025209.1,CDS,784574,786208,-,ID=gene-AL06_RS04025;Dbxref=GeneID:69499116;Name=AL06_RS04025;gbkey=Gene;gene_biotype=protein_coding;locus_tag=AL06_RS04025;old_locus_tag=CXF52_RS04030,AL06_RS04025,protein_coding,786220,787029,781982,783412,FALSE,FALSE,GGGGCTAAGATATTT,TAAGGAACACACGAT,ATG,-3.033755,16,FALSE,TRUE,-4.40793,15
NZ_CP025209.1,CDS,786220,787029,-,ID=gene-AL06_RS04030;Dbxref=GeneID:69499117;Name=AL06_RS04030;gbkey=Gene;gene_biotype=protein_coding;locus_tag=AL06_RS04030;old_locus_tag=CXF52_RS04035,AL06_RS04030,protein_coding,787061,787690,784574,786208,FALSE,FALSE,TGAGGTTAGAATCGC,GGGGCTAAGATATTT,ATG,-5.904895,14,TRUE,FALSE,-3.033755,16
NZ_CP025209.1,CDS,787061,787690,-,ID=gene-AL06_RS04035;Dbxref=GeneID:69499118;Name=pth;gbkey=Gene;gene=pth;gene_biotype=protein_coding;locus_tag=AL06_RS04035;old_locus_tag=CXF52_RS04040,pth,protein_coding,789221,789775,786220,787029,FALSE,FALSE,GGTGTGCCAGACTTA,TGAGGTTAGAATCGC,ATG,-1.569835,17,FALSE,TRUE,-5.904895,14
NZ_CP025209.1,CDS,787884,789047,+,ID=gene-AL06_RS04040;Dbxref=GeneID:69499119;Name=AL06_RS04040;gbkey=Gene;gene_biotype=protein_coding;locus_tag=AL06_RS04040;old_locus_tag=CXF52_RS04045,AL06_RS04040,protein_coding,784357,784560,789061,789240,FALSE,FALSE,AACGTTACAGTCCGA,CTGTGATATCTTTTC,ATG,1.2151,11,FALSE,FALSE,1.77826,16
NZ_CP025209.1,CDS,789061,789240,+,ID=gene-AL06_RS12075;Dbxref=GeneID:69500597;Name=AL06_RS12075;gbkey=Gene;gene_biotype=protein_coding;locus_tag=AL06_RS12075,AL06_RS12075,protein_coding,787884,789047,796124,797200,FALSE,FALSE,CTGTGATATCTTTTC,CGTGCCACAGTAATG,ATG,1.77826,16,FALSE,FALSE,1.2151,11
NZ_CP025209.1,CDS,789221,789775,-,ID=gene-AL06_RS04050;Dbxref=GeneID:69499120;Name=pth;gbkey=Gene;gene=pth;gene_biotype=protein_coding;locus_tag=AL06_RS04050;old_locus_tag=CXF52_RS04055,pth,protein_coding,789834,790451,787061,787690,FALSE,FALSE,TTGCTGCCACAATAC,GGTGTGCCAGACTTA,GTG,3.775225,7,FALSE,FALSE,-1.569835,17
NZ_CP025209.1,CDS,789834,790451,-,ID=gene-AL06_RS04055;Dbxref=GeneID:69499121;Name=AL06_RS04055;gbkey=Gene;gene_biotype=protein_coding;locus_tag=AL06_RS04055;old_locus_tag=CXF52_RS04060,AL06_RS04055,protein_coding,790673,792487,789221,789775,FALSE,FALSE,AACGACAAGGAGTTA,TTGCTGCCACAATAC,ATG,-6.768055,9,TRUE,FALSE,3.775225,7
NZ_CP025209.1,CDS,790673,792487,-,ID=gene-AL06_RS04060;Dbxref=GeneID:69499122;Name=pulA;gbkey=Gene;gene=pulA;gene_biotype=protein_coding;locus_tag=AL06_RS04060;old_locus_tag=CXF52_RS04065,pulA,protein_coding,792611,793591,789834,790451,FALSE,FALSE,CGGGAAGGAGAACCC,AACGACAAGGAGTTA,ATG,-6.768055,11,TRUE,TRUE,-6.768055,9
NZ_CP025209.1,CDS,792611,793591,-,ID=gene-AL06_RS04065;Dbxref=GeneID:69499123;Name=AL06_RS04065;gbkey=Gene;gene_biotype=protein_coding;locus_tag=AL06_RS04065;old_locus_tag=CXF52_RS04070,AL06_RS04065,protein_coding,793600,795063,790673,792487,FALSE,FALSE,AGGAAGGTTAAGCGA,CGGGAAGGAGAACCC,ATG,-7.613115,12,TRUE,TRUE,-6.768055,11
NZ_CP025209.1,CDS,793600,795063,-,ID=gene-AL06_RS04070;Dbxref=GeneID:69499124;Name=glmU;gbkey=Gene;gene=glmU;gene_biotype=protein_coding;locus_tag=AL06_RS04070;old_locus_tag=CXF52_RS04075,glmU,protein_coding,795140,796036,792611,793591,FALSE,FALSE,CTTTGCCTCTCCAAG,AGGAAGGTTAAGCGA,ATG,0.1151,6,FALSE,TRUE,-7.613115,12
NZ_CP025209.1,CDS,795140,796036,-,ID=gene-AL06_RS04075;Dbxref=GeneID:69499125;Name=AL06_RS04075;gbkey=Gene;gene_biotype=protein_coding;locus_tag=AL06_RS04075;old_locus_tag=CXF52_RS04080,AL06_RS04075,protein_coding,807320,808816,793600,795063,FALSE,FALSE,GGATATAGCCATTGG,CTTTGCCTCTCCAAG,GTG,-1.347805,17,FALSE,FALSE,0.1151,6
NZ_CP025209.1,CDS,796124,797200,+,ID=gene-AL06_RS04080;Dbxref=GeneID:69499126;Name=AL06_RS04080;gbkey=Gene;gene_biotype=protein_coding;locus_tag=AL06_RS04080;old_locus_tag=CXF52_RS04085,AL06_RS04080,protein_coding,789061,789240,797225,798154,FALSE,FALSE,CGTGCCACAGTAATG,CTCCGTATGATGGGG,GTG,1.2151,11,FALSE,TRUE,-4.533755,5
NZ_CP025209.1,CDS,797225,798154,+,ID=gene-AL06_RS04085;Dbxref=GeneID:69499127;Name=AL06_RS04085;gbkey=Gene;gene_biotype=protein_coding;locus_tag=AL06_RS04085;old_locus_tag=CXF52_RS04090,AL06_RS04085,protein_coding,796124,797200,798225,799790,FALSE,FALSE,CTCCGTATGATGGGG,GAATCAGGTTCCTCC,GTG,-4.533755,5,TRUE,TRUE,-3.82996,11
NZ_CP025209.1,CDS,798225,799790,+,ID=gene-AL06_RS04090;Dbxref=GeneID:69499128;Name=AL06_RS04090;gbkey=Gene;gene_biotype=protein_coding;locus_tag=AL06_RS04090;old_locus_tag=CXF52_RS04095,AL06_RS04090,protein_coding,797225,798154,799791,801578,FALSE,FALSE,GAATCAGGTTCCTCC,TGATAAGGAGCTGGC,ATG,-3.82996,11,TRUE,TRUE,-6.91615,8
NZ_CP025209.1,CDS,799791,801578,+,ID=gene-AL06_RS04095;Dbxref=GeneID:69499129;Name=AL06_RS04095;gbkey=Gene;gene_biotype=protein_coding;locus_tag=AL06_RS04095;old_locus_tag=CXF52_RS04100,AL06_RS04095,protein_coding,798225,799790,801851,802498,FALSE,FALSE,TGATAAGGAGCTGGC,GGAGGTAGGCTGAAT,ATG,-6.91615,8,TRUE,TRUE,-9.35299,14
NZ_CP025209.1,CDS,801851,802498,+,ID=gene-AL06_RS04100;Dbxref=GeneID:69499130;Name=AL06_RS04100;gbkey=Gene;gene_biotype=protein_coding;locus_tag=AL06_RS04100;old_locus_tag=CXF52_RS04105,AL06_RS04100,protein_coding,799791,801578,802542,806342,FALSE,FALSE,GGAGGTAGGCTGAAT,TTCCTCACGAAGGGA,ATG,-9.35299,14,TRUE,TRUE,-4.456165,7
NZ_CP025209.1,CDS,802542,806342,+,ID=gene-AL06_RS04105;Dbxref=GeneID:69499131;Name=mfd;gbkey=Gene;gene=mfd;gene_biotype=protein_coding;locus_tag=AL06_RS04105;old_locus_tag=CXF52_RS04110,mfd,protein_coding,801851,802498,806399,806824,FALSE,FALSE,TTCCTCACGAAGGGA,GTAGAACACACTGGG,ATG,-4.456165,7,TRUE,FALSE,-2.410585,5
NZ_CP025209.1,CDS,806399,806824,+,ID=gene-AL06_RS04110;Dbxref=GeneID:69499132;Name=AL06_RS04110;gbkey=Gene;gene_biotype=protein_coding;locus_tag=AL06_RS04110;old_locus_tag=CXF52_RS04115,AL06_RS04110,protein_coding,802542,806342,806827,807309,FALSE,FALSE,GTAGAACACACTGGG,TAGAACAGGAGCAAT,GTG,-2.410585,5,FALSE,TRUE,-6.468055,10
NZ_CP025209.1,CDS,806827,807309,+,ID=gene-AL06_RS04115;Dbxref=GeneID:69499133;Name=AL06_RS04115;gbkey=Gene;gene_biotype=protein_coding;locus_tag=AL06_RS04115;old_locus_tag=CXF52_RS04120,AL06_RS04115,protein_coding,806399,806824,808915,809613,FALSE,FALSE,TAGAACAGGAGCAAT,AGCTAAAGGTTACAA,ATG,-6.468055,10,TRUE,TRUE,-3.82996,10
NZ_CP025209.1,CDS,807320,808816,-,ID=gene-AL06_RS04120;Dbxref=GeneID:69499134;Name=AL06_RS04120;gbkey=Gene;gene_biotype=protein_coding;locus_tag=AL06_RS04120;old_locus_tag=CXF52_RS04125,AL06_RS04120,protein_coding,814331,814486,795140,796036,FALSE,FALSE,TCCTAAGGGGACAGA,GGATATAGCCATTGG,ATG,-5.99388,11,TRUE,FALSE,-1.347805,17
NZ_CP025209.1,CDS,808915,809613,+,ID=gene-AL06_RS04125;Dbxref=GeneID:69499135;Name=AL06_RS04125;gbkey=Gene;gene_biotype=protein_coding;locus_tag=AL06_RS04125;old_locus_tag=CXF52_RS04130,AL06_RS04125,protein_coding,806827,807309,809625,810401,FALSE,FALSE,AGCTAAAGGTTACAA,CAAACTAGGGAGTCT,TTG,-3.82996,10,TRUE,TRUE,-5.145645,8
NZ_CP025209.1,CDS,809625,810401,+,ID=gene-AL06_RS04130;Dbxref=GeneID:69499136;Name=AL06_RS04130;gbkey=Gene;gene_biotype=protein_coding;locus_tag=AL06_RS04130;old_locus_tag=CXF52_RS04135,AL06_RS04130,protein_coding,808915,809613,810563,811840,FALSE,FALSE,CAAACTAGGGAGTCT,CGTCAATAGGAGACA,TTG,-5.145645,8,TRUE,TRUE,-6.568055,9
NZ_CP025209.1,CDS,810563,811840,+,ID=gene-AL06_RS04135;Dbxref=GeneID:69499137;Name=eno;gbkey=Gene;gene=eno;gene_biotype=protein_coding;locus_tag=AL06_RS04135;old_locus_tag=CXF52_RS04140,eno,protein_coding,809625,810401,811961,812494,FALSE,FALSE,CGTCAATAGGAGACA,GCGCTAAACTAGGTG,GTG,-6.568055,9,TRUE,TRUE,-3.82996,6
NZ_CP025209.1,CDS,811961,812494,+,ID=gene-AL06_RS04140;Dbxref=GeneID:69499138;Name=AL06_RS04140;gbkey=Gene;gene_biotype=protein_coding;locus_tag=AL06_RS04140;old_locus_tag=CXF52_RS04145,AL06_RS04140,protein_coding,810563,811840,812535,813101,FALSE,FALSE,GCGCTAAACTAGGTG,TCATGAGACAATAGC,ATG,-3.82996,6,TRUE,FALSE,-0.359835,13
NZ_CP025209.1,CDS,812535,813101,+,ID=gene-AL06_RS04145;Dbxref=GeneID:69499139;Name=AL06_RS04145;gbkey=Gene;gene_biotype=protein_coding;locus_tag=AL06_RS04145;old_locus_tag=CXF52_RS04150,AL06_RS04145,protein_coding,811961,812494,813098,814048,FALSE,TRUE,TCATGAGACAATAGC,ACGTTCCAGGCGCCT,ATG,-0.359835,13,FALSE,FALSE,-2.032995,11
NZ_CP025209.1,CDS,813098,814048,+,ID=gene-AL06_RS04150;Dbxref=GeneID:69499140;Name=AL06_RS04150;gbkey=Gene;gene_biotype=protein_coding;locus_tag=AL06_RS04150;old_locus_tag=CXF52_RS04155,AL06_RS04150,protein_coding,812535,813101,814135,814211,TRUE,FALSE,ACGTTCCAGGCGCCT,AGTAAAGTGTTGTGG,GTG,-2.032995,11,FALSE,FALSE,-0.872870000000002,5
NZ_CP025209.1,tRNA,814135,814211,+,ID=gene-AL06_RS04155;Dbxref=GeneID:69499141;Name=AL06_RS04155;gbkey=Gene;gene_biotype=tRNA;locus_tag=AL06_RS04155;old_locus_tag=CXF52_RS04160,AL06_RS04155,tRNA,813098,814048,816354,817361,FALSE,FALSE,AGTAAAGTGTTGTGG,TTCAAAGGGGTTTCG,GCC,-0.872870000000002,5,FALSE,TRUE,-7.22615,9
NZ_CP025209.1,CDS,814331,814486,-,ID=gene-AL06_RS12080;Dbxref=GeneID:69500598;Name=AL06_RS12080;gbkey=Gene;gene_biotype=protein_coding;locus_tag=AL06_RS12080,AL06_RS12080,protein_coding,814483,815712,807320,808816,TRUE,FALSE,CGAGGGGTTTTTCGG,TCCTAAGGGGACAGA,ATG,-7.22615,12,TRUE,TRUE,-5.99388,11
NZ_CP025209.1,CDS,814483,815712,-,ID=gene-AL06_RS04160;Dbxref=GeneID:69499142;Name=AL06_RS04160;gbkey=Gene;gene_biotype=protein_coding;locus_tag=AL06_RS04160;old_locus_tag=CXF52_RS04165,AL06_RS04160,protein_coding,818392,818811,814331,814486,FALSE,TRUE,AATCTTGGAGGATTC,CGAGGGGTTTTTCGG,ATG,-6.856025,9,TRUE,TRUE,-7.22615,12
NZ_CP025209.1,CDS,816354,817361,+,ID=gene-AL06_RS04170;Dbxref=GeneID:69499143;Name=AL06_RS04170;gbkey=Gene;gene_biotype=protein_coding;locus_tag=AL06_RS04170;old_locus_tag=CXF52_RS04175,AL06_RS04170,protein_coding,814135,814211,817492,818322,FALSE,FALSE,TTCAAAGGGGTTTCG,GAAAGGAAAGTGTCG,GTG,-7.22615,9,TRUE,TRUE,-5.313115,8
NZ_CP025209.1,CDS,817492,818322,+,ID=gene-AL06_RS04175;Dbxref=GeneID:69499144;Name=AL06_RS04175;gbkey=Gene;gene_biotype=protein_coding;locus_tag=AL06_RS04175;old_locus_tag=CXF52_RS04180,AL06_RS04175,protein_coding,816354,817361,820279,821166,FALSE,FALSE,GAAAGGAAAGTGTCG,TAAAAGGACTGTAAC,ATG,-5.313115,8,TRUE,TRUE,-4.40793,13
NZ_CP025209.1,CDS,818392,818811,-,ID=gene-AL06_RS04180;Dbxref=GeneID:69499145;Name=AL06_RS04180;gbkey=Gene;gene_biotype=protein_coding;locus_tag=AL06_RS04180;old_locus_tag=CXF52_RS04185,AL06_RS04180,protein_coding,818811,819332,814483,815712,TRUE,FALSE,CAACTCCACGTAACT,AATCTTGGAGGATTC,ATG,1.67826,9,FALSE,TRUE,-6.856025,9
NZ_CP025209.1,CDS,818811,819332,-,ID=gene-AL06_RS04185;Dbxref=GeneID:69499146;Name=greA;gbkey=Gene;gene=greA;gene_biotype=protein_coding;locus_tag=AL06_RS04185;old_locus_tag=CXF52_RS04190,greA,protein_coding,819510,819977,818392,818811,FALSE,TRUE,GTGTAAGGACAAAGA,CAACTCCACGTAACT,ATG,-4.40793,12,TRUE,FALSE,1.67826,9
NZ_CP025209.1,CDS,819510,819977,-,ID=gene-AL06_RS04190;Dbxref=GeneID:69499147;Name=AL06_RS04190;gbkey=Gene;gene_biotype=protein_coding;locus_tag=AL06_RS04190;old_locus_tag=CXF52_RS04195,AL06_RS04190,protein_coding,822927,823853,818811,819332,FALSE,FALSE,CAAGGAGCAACTTTT,GTGTAAGGACAAAGA,ATG,-6.768055,14,TRUE,TRUE,-4.40793,12
NZ_CP025209.1,CDS,820279,821166,+,ID=gene-AL06_RS04195;Dbxref=GeneID:69499148;Name=mca;gbkey=Gene;gene=mca;gene_biotype=protein_coding;locus_tag=AL06_RS04195;old_locus_tag=CXF52_RS04200,mca,protein_coding,817492,818322,821221,821562,FALSE,FALSE,TAAAAGGACTGTAAC,CGCGTTACGCATAAG,ATG,-4.40793,13,TRUE,FALSE,0.1151,6
NZ_CP025209.1,CDS,821221,821562,+,ID=gene-AL06_RS04200;Dbxref=GeneID:69499149;Name=AL06_RS04200;gbkey=Gene;gene_biotype=protein_coding;locus_tag=AL06_RS04200;old_locus_tag=CXF52_RS04205,AL06_RS04200,protein_coding,820279,821166,821587,822384,FALSE,FALSE,CGCGTTACGCATAAG,TAAGGGAGTAGACAT,ATG,0.1151,6,FALSE,TRUE,-5.29374,9
NZ_CP025209.1,CDS,821587,822384,+,ID=gene-AL06_RS04205;Dbxref=GeneID:69499150;Name=AL06_RS04205;gbkey=Gene;gene_biotype=protein_coding;locus_tag=AL06_RS04205;old_locus_tag=CXF52_RS04210,AL06_RS04205,protein_coding,821221,821562,822430,822930,FALSE,FALSE,TAAGGGAGTAGACAT,AAGGGGACCATTTCC,ATG,-5.29374,9,TRUE,TRUE,-5.99388,15
NZ_CP025209.1,CDS,822430,822930,+,ID=gene-AL06_RS04210;Dbxref=GeneID:69499151;Name=AL06_RS04210;gbkey=Gene;gene_biotype=protein_coding;locus_tag=AL06_RS04210;old_locus_tag=CXF52_RS04215,AL06_RS04210,protein_coding,821587,822384,824064,825353,FALSE,FALSE,AAGGGGACCATTTCC,GGGTTAGTGGCCTTA,ATG,-5.99388,15,TRUE,FALSE,-3.00755,16
NZ_CP025209.1,CDS,822927,823853,-,ID=gene-AL06_RS04215;Dbxref=GeneID:69499152;Name=coaA;gbkey=Gene;gene=coaA;gene_biotype=protein_coding;locus_tag=AL06_RS04215;old_locus_tag=CXF52_RS04220,coaA,protein_coding,825424,825768,819510,819977,FALSE,FALSE,GGAAGGCACAATAGA,CAAGGAGCAACTTTT,ATG,-3.056025,14,FALSE,TRUE,-6.768055,14
NZ_CP025209.1,CDS,824064,825353,+,ID=gene-AL06_RS04220;Dbxref=GeneID:69499153;Name=AL06_RS04220;gbkey=Gene;gene_biotype=protein_coding;locus_tag=AL06_RS04220;old_locus_tag=CXF52_RS04225,AL06_RS04220,protein_coding,822430,822930,825833,826513,FALSE,FALSE,GGGTTAGTGGCCTTA,AACGGTAGCATTGAT,ATG,-3.00755,16,FALSE,FALSE,-1.569835,14
NZ_CP025209.1,CDS,825424,825768,-,ID=gene-AL06_RS04225;Dbxref=GeneID:69499154;Name=AL06_RS04225;gbkey=Gene;gene_biotype=protein_coding;locus_tag=AL06_RS04225;old_locus_tag=CXF52_RS04230,AL06_RS04225,protein_coding,827166,828731,822927,823853,FALSE,FALSE,AAAGCCGTCCGGCAC,GGAAGGCACAATAGA,ATG,0.827129999999999,8,FALSE,FALSE,-3.056025,14
NZ_CP025209.1,CDS,825833,826513,+,ID=gene-AL06_RS04230;Dbxref=GeneID:69499155;Name=AL06_RS04230;gbkey=Gene;gene_biotype=protein_coding;locus_tag=AL06_RS04230;old_locus_tag=CXF52_RS04235,AL06_RS04230,protein_coding,824064,825353,826595,827161,FALSE,FALSE,AACGGTAGCATTGAT,TTCAGCAAGGATAGA,ATG,-1.569835,14,FALSE,TRUE,-4.40793,10
NZ_CP025209.1,CDS,826595,827161,+,ID=gene-AL06_RS04235;Dbxref=GeneID:69499156;Name=AL06_RS04235;gbkey=Gene;gene_biotype=protein_coding;locus_tag=AL06_RS04235;old_locus_tag=CXF52_RS04240,AL06_RS04235,protein_coding,825833,826513,832506,833084,FALSE,FALSE,TTCAGCAAGGATAGA,TCATGCCATACTGTT,ATG,-4.40793,10,TRUE,FALSE,1.77826,6
NZ_CP025209.1,CDS,827166,828731,-,ID=gene-AL06_RS04240;Dbxref=GeneID:69499157;Name=AL06_RS04240;gbkey=Gene;gene_biotype=protein_coding;locus_tag=AL06_RS04240;old_locus_tag=CXF52_RS04245,AL06_RS04240,protein_coding,828733,829380,825424,825768,FALSE,FALSE,ATCAACAAAGGACTA,AAAGCCGTCCGGCAC,GTG,-4.40793,9,TRUE,FALSE,0.827129999999999,8
NZ_CP025209.1,CDS,828733,829380,-,ID=gene-AL06_RS04245;Dbxref=GeneID:69499158;Name=AL06_RS04245;gbkey=Gene;gene_biotype=protein_coding;locus_tag=AL06_RS04245;old_locus_tag=CXF52_RS04250,AL06_RS04245,protein_coding,829525,830928,827166,828731,FALSE,FALSE,TGCACTAGGTTTACC,ATCAACAAAGGACTA,GTG,-3.82996,10,TRUE,TRUE,-4.40793,9
NZ_CP025209.1,CDS,829525,830928,-,ID=gene-AL06_RS04250;Dbxref=GeneID:69499159;Name=AL06_RS04250;gbkey=Gene;gene_biotype=protein_coding;locus_tag=AL06_RS04250;old_locus_tag=CXF52_RS04255,AL06_RS04250,protein_coding,831186,832202,828733,829380,FALSE,FALSE,ACAAAGGTGGATACA,TGCACTAGGTTTACC,ATG,-3.82996,12,TRUE,TRUE,-3.82996,10
NZ_CP025209.1,CDS,831186,832202,-,ID=gene-AL06_RS04255;Dbxref=GeneID:69499160;Name=glpX;gbkey=Gene;gene=glpX;gene_biotype=protein_coding;locus_tag=AL06_RS04255;old_locus_tag=CXF52_RS04260,glpX,protein_coding,833094,833351,829525,830928,FALSE,FALSE,CCACAGGAGGCATTC,ACAAAGGTGGATACA,ATG,-9.71615,11,TRUE,TRUE,-3.82996,12
NZ_CP025209.1,CDS,832506,833084,+,ID=gene-AL06_RS04260;Dbxref=GeneID:69499161;Name=AL06_RS04260;gbkey=Gene;gene_biotype=protein_coding;locus_tag=AL06_RS04260;old_locus_tag=CXF52_RS04265,AL06_RS04260,protein_coding,826595,827161,834734,835729,FALSE,FALSE,TCATGCCATACTGTT,GTAGTTTAAGCTGGT,GTG,1.77826,6,FALSE,FALSE,-0.806410000000001,5
NZ_CP025209.1,CDS,833094,833351,-,ID=gene-AL06_RS04265;Dbxref=GeneID:69499162;Name=AL06_RS04265;gbkey=Gene;gene_biotype=protein_coding;locus_tag=AL06_RS04265;old_locus_tag=CXF52_RS04270,AL06_RS04265,protein_coding,833380,834621,831186,832202,FALSE,FALSE,CAGAAAGACGCATCT,CCACAGGAGGCATTC,ATG,0.9151,14,FALSE,TRUE,-9.71615,11
NZ_CP025209.1,CDS,833380,834621,-,ID=gene-AL06_RS04270;Dbxref=GeneID:69499163;Name=xseA;gbkey=Gene;gene=xseA;gene_biotype=protein_coding;locus_tag=AL06_RS04270;old_locus_tag=CXF52_RS04275,xseA,protein_coding,835793,836584,833094,833351,FALSE,FALSE,GAAGAAGGGGGTTTA,CAGAAAGACGCATCT,TTG,-11.53894,9,TRUE,FALSE,0.9151,14
NZ_CP025209.1,CDS,834734,835729,+,ID=gene-AL06_RS04275;Dbxref=GeneID:69499164;Name=AL06_RS04275;gbkey=Gene;gene_biotype=protein_coding;locus_tag=AL06_RS04275;old_locus_tag=CXF52_RS04280,AL06_RS04275,protein_coding,832506,833084,840335,841420,FALSE,FALSE,GTAGTTTAAGCTGGT,CTTGCTAGTATGATA,ATG,-0.806410000000001,5,FALSE,FALSE,1.1151,13
NZ_CP025209.1,CDS,835793,836584,-,ID=gene-AL06_RS04280;Dbxref=GeneID:69499165;Name=AL06_RS04280;gbkey=Gene;gene_biotype=protein_coding;locus_tag=AL06_RS04280;old_locus_tag=CXF52_RS04285,AL06_RS04280,protein_coding,836651,838072,833380,834621,FALSE,FALSE,TTGAGTAGGATAAAC,GAAGAAGGGGGTTTA,GTG,-4.20793,11,TRUE,TRUE,-11.53894,9
NZ_CP025209.1,CDS,836651,838072,-,ID=gene-AL06_RS04285;Dbxref=GeneID:69499166;Name=AL06_RS04285;gbkey=Gene;gene_biotype=protein_coding;locus_tag=AL06_RS04285;old_locus_tag=CXF52_RS04290,AL06_RS04285,protein_coding,838162,838332,835793,836584,FALSE,FALSE,ATGAGGCACAATAAT,TTGAGTAGGATAAAC,GTG,-3.60793,14,TRUE,TRUE,-4.20793,11
NZ_CP025209.1,CDS,838162,838332,-,ID=gene-AL06_RS04290;Dbxref=GeneID:69499167;Name=metS;gbkey=Gene;gene=metS;gene_biotype=protein_coding;locus_tag=AL06_RS04290;old_locus_tag=CXF52_RS04295,metS,protein_coding,838332,839981,836651,838072,TRUE,FALSE,GCAAGGAGGAACTGC,ATGAGGCACAATAAT,ATG,-10.01615,12,TRUE,TRUE,-3.60793,14
NZ_CP025209.1,CDS,838332,839981,-,ID=gene-AL06_RS04295;Dbxref=GeneID:69499168;Name=AL06_RS04295;gbkey=Gene;gene_biotype=protein_coding;locus_tag=AL06_RS04295;old_locus_tag=CXF52_RS04300,AL06_RS04295,protein_coding,841497,842411,838162,838332,FALSE,TRUE,TTGTACGAAAGGTAC,GCAAGGAGGAACTGC,ATG,-3.92996,7,TRUE,TRUE,-10.01615,12
NZ_CP025209.1,CDS,840335,841420,+,ID=gene-AL06_RS04300;Dbxref=GeneID:69499169;Name=ychF;gbkey=Gene;gene=ychF;gene_biotype=protein_coding;locus_tag=AL06_RS04300;old_locus_tag=CXF52_RS04305,ychF,protein_coding,834734,835729,842490,843383,FALSE,FALSE,CTTGCTAGTATGATA,CTGCTCTATTGTCGG,GTG,1.1151,13,FALSE,FALSE,-0.872870000000002,5
NZ_CP025209.1,CDS,841497,842411,-,ID=gene-AL06_RS04305;Dbxref=GeneID:69499170;Name=AL06_RS04305;gbkey=Gene;gene_biotype=protein_coding;locus_tag=AL06_RS04305;old_locus_tag=CXF52_RS04310,AL06_RS04305,protein_coding,844133,845308,838332,839981,FALSE,FALSE,AGCGAAATTGAGGTT,TTGTACGAAAGGTAC,ATG,-5.904895,6,TRUE,TRUE,-3.92996,7
NZ_CP025209.1,CDS,842490,843383,+,ID=gene-AL06_RS04310;Dbxref=GeneID:69499171;Name=AL06_RS04310;gbkey=Gene;gene_biotype=protein_coding;locus_tag=AL06_RS04310;old_locus_tag=CXF52_RS04315,AL06_RS04310,protein_coding,840335,841420,843525,844118,FALSE,FALSE,CTGCTCTATTGTCGG,ACCGGCGATAGGAAG,ATG,-0.872870000000002,5,FALSE,TRUE,-4.20793,8
NZ_CP025209.1,CDS,843525,844118,+,ID=gene-AL06_RS04315;Dbxref=GeneID:69499172;Name=AL06_RS04315;gbkey=Gene;gene_biotype=protein_coding;locus_tag=AL06_RS04315;old_locus_tag=CXF52_RS04320,AL06_RS04315,protein_coding,842490,843383,845452,846831,FALSE,FALSE,ACCGGCGATAGGAAG,GATAGGAAGACTTCA,ATG,-4.20793,8,TRUE,TRUE,-4.20793,14
NZ_CP025209.1,CDS,844133,845308,-,ID=gene-AL06_RS04320;Dbxref=GeneID:69499173;Name=AL06_RS04320;gbkey=Gene;gene_biotype=protein_coding;locus_tag=AL06_RS04320;old_locus_tag=CXF52_RS04325,AL06_RS04320,protein_coding,857816,858544,841497,842411,FALSE,FALSE,TCGTAGTCGCAACGC,AGCGAAATTGAGGTT,ATG,1.1151,15,FALSE,TRUE,-5.904895,6
NZ_CP025209.1,CDS,845452,846831,+,ID=gene-AL06_RS04325;Dbxref=GeneID:69499174;Name=AL06_RS04325;gbkey=Gene;gene_biotype=protein_coding;locus_tag=AL06_RS04325;old_locus_tag=CXF52_RS04330,AL06_RS04325,protein_coding,843525,844118,846828,847583,FALSE,TRUE,GATAGGAAGACTTCA,GTGACAAGGAGATTG,GTG,-4.20793,14,TRUE,TRUE,-8.21615,6
NZ_CP025209.1,CDS,846828,847583,+,ID=gene-AL06_RS04330;Dbxref=GeneID:69499175;Name=AL06_RS04330;gbkey=Gene;gene_biotype=protein_coding;locus_tag=AL06_RS04330;old_locus_tag=CXF52_RS04335,AL06_RS04330,protein_coding,845452,846831,847580,848038,TRUE,TRUE,GTGACAAGGAGATTG,GTTTTAGGTTTCTCG,ATG,-8.21615,6,TRUE,TRUE,-3.82996,11
NZ_CP025209.1,CDS,847580,848038,+,ID=gene-AL06_RS04335;Dbxref=GeneID:69499176;Name=AL06_RS04335;gbkey=Gene;gene_biotype=protein_coding;locus_tag=AL06_RS04335;old_locus_tag=CXF52_RS04340,AL06_RS04335,protein_coding,846828,847583,848300,849889,TRUE,FALSE,GTTTTAGGTTTCTCG,ATCCCTTGGGAGGTC,ATG,-3.82996,11,TRUE,TRUE,-10.690705,6
NZ_CP025209.1,CDS,848300,849889,+,ID=gene-AL06_RS04340;Dbxref=GeneID:69499177;Name=AL06_RS04340;gbkey=Gene;gene_biotype=protein_coding;locus_tag=AL06_RS04340;old_locus_tag=CXF52_RS04345,AL06_RS04340,protein_coding,847580,848038,849981,850907,FALSE,FALSE,ATCCCTTGGGAGGTC,TTGAAATAAGGAACC,ATG,-10.690705,6,TRUE,TRUE,-4.40793,9
NZ_CP025209.1,CDS,849981,850907,+,ID=gene-AL06_RS04345;Dbxref=GeneID:69499178;Name=AL06_RS04345;gbkey=Gene;gene_biotype=protein_coding;locus_tag=AL06_RS04345;old_locus_tag=CXF52_RS04350,AL06_RS04345,protein_coding,848300,849889,850900,851853,FALSE,TRUE,TTGAAATAAGGAACC,CTTGACCCAAGGATC,ATG,-4.40793,9,TRUE,TRUE,-4.40793,8
NZ_CP025209.1,CDS,850900,851853,+,ID=gene-AL06_RS04350;Dbxref=GeneID:69499179;Name=AL06_RS04350;gbkey=Gene;gene_biotype=protein_coding;locus_tag=AL06_RS04350;old_locus_tag=CXF52_RS04355,AL06_RS04350,protein_coding,849981,850907,851856,853538,TRUE,FALSE,CTTGACCCAAGGATC,AGTCTAGGAAGCGAT,ATG,-4.40793,8,TRUE,TRUE,-4.20793,12
NZ_CP025209.1,CDS,851856,853538,+,ID=gene-AL06_RS04355;Dbxref=GeneID:69499180;Name=AL06_RS04355;gbkey=Gene;gene_biotype=protein_coding;locus_tag=AL06_RS04355;old_locus_tag=CXF52_RS04360,AL06_RS04355,protein_coding,850900,851853,854270,854965,FALSE,FALSE,AGTCTAGGAAGCGAT,TAAAGGTAGGTTACT,ATG,-4.20793,12,TRUE,TRUE,-8.413115,10
NZ_CP025209.1,CDS,854270,854965,+,ID=gene-AL06_RS04365;Dbxref=GeneID:69499181;Name=AL06_RS04365;gbkey=Gene;gene_biotype=protein_coding;locus_tag=AL06_RS04365;old_locus_tag=CXF52_RS04370,AL06_RS04365,protein_coding,851856,853538,855131,856114,FALSE,FALSE,TAAAGGTAGGTTACT,TTACATTATCATTCC,ATG,-8.413115,10,TRUE,FALSE,3.775225,18
NZ_CP025209.1,CDS,855131,856114,+,ID=gene-AL06_RS04370;Dbxref=GeneID:69499182;Name=AL06_RS04370;gbkey=Gene;gene_biotype=protein_coding;locus_tag=AL06_RS04370;old_locus_tag=CXF52_RS04375,AL06_RS04370,protein_coding,854270,854965,856203,856706,FALSE,FALSE,TTACATTATCATTCC,AATATTATTGGCGAT,ATG,3.775225,18,FALSE,FALSE,0.827129999999999,9
NZ_CP025209.1,CDS,856203,856706,+,ID=gene-AL06_RS04375;Dbxref=GeneID:69499183;Name=AL06_RS04375;gbkey=Gene;gene_biotype=protein_coding;locus_tag=AL06_RS04375;old_locus_tag=CXF52_RS04380,AL06_RS04375,protein_coding,855131,856114,860466,862376,FALSE,FALSE,AATATTATTGGCGAT,AATTTTTCAGGAGAT,GTG,0.827129999999999,9,FALSE,TRUE,-6.468055,8
NZ_CP025209.1,CDS,857816,858544,-,ID=gene-AL06_RS04380;Dbxref=GeneID:69499184;Name=AL06_RS04380;gbkey=Gene;gene_biotype=protein_coding;locus_tag=AL06_RS04380;old_locus_tag=CXF52_RS04385,AL06_RS04380,protein_coding,858545,858889,844133,845308,FALSE,FALSE,TCTGAAAGAAATTCT,TCGTAGTCGCAACGC,ATG,0.9151,13,FALSE,FALSE,1.1151,15
NZ_CP025209.1,CDS,858545,858889,-,ID=gene-AL06_RS04385;Dbxref=GeneID:69499185;Name=arsC;gbkey=Gene;gene=arsC;gene_biotype=protein_coding;locus_tag=AL06_RS04385;old_locus_tag=CXF52_RS04390,arsC,protein_coding,858886,859419,857816,858544,TRUE,FALSE,TCACGCTTAAGGAGG,TCTGAAAGAAATTCT,ATG,-11.71615,6,TRUE,FALSE,0.9151,13
NZ_CP025209.1,CDS,858886,859419,-,ID=gene-AL06_RS04390;Dbxref=GeneID:69499186;Name=AL06_RS04390;gbkey=Gene;gene_biotype=protein_coding;locus_tag=AL06_RS04390;old_locus_tag=CXF52_RS04395,AL06_RS04390,protein_coding,859423,860109,858545,858889,FALSE,TRUE,CTTCGAGGTGAAATA,TCACGCTTAAGGAGG,ATG,-5.904895,11,TRUE,TRUE,-11.71615,6
NZ_CP025209.1,CDS,859423,860109,-,ID=gene-AL06_RS04395;Dbxref=GeneID:69499187;Name=AL06_RS04395;gbkey=Gene;gene_biotype=protein_coding;locus_tag=AL06_RS04395;old_locus_tag=CXF52_RS04400,AL06_RS04395,protein_coding,860307,860432,858886,859419,FALSE,FALSE,CACCAAAGAAGGGAT,CTTCGAGGTGAAATA,GTG,-4.456165,8,TRUE,TRUE,-5.904895,11
NZ_CP025209.1,CDS,860307,860432,-,ID=gene-AL06_RS12400;Dbxref=GeneID:77100352;Name=AL06_RS12400;gbkey=Gene;gene_biotype=protein_coding;locus_tag=AL06_RS12400,AL06_RS12400,protein_coding,868076,869251,859423,860109,FALSE,FALSE,AAATTAAATATGCAC,CACCAAAGAAGGGAT,ATG,3.775225,15,FALSE,TRUE,-4.456165,8
NZ_CP025209.1,CDS,860466,862376,+,ID=gene-AL06_RS04400;Dbxref=GeneID:69499188;Name=typA;gbkey=Gene;gene=typA;gene_biotype=protein_coding;locus_tag=AL06_RS04400;old_locus_tag=CXF52_RS04405,typA,protein_coding,856203,856706,862387,863916,FALSE,FALSE,AATTTTTCAGGAGAT,AACAAGTAAGATAGG,TTG,-6.468055,8,TRUE,FALSE,-3.332995,6
NZ_CP025209.1,CDS,862387,863916,+,ID=gene-AL06_RS04405;Dbxref=GeneID:69499189;Name=AL06_RS04405;gbkey=Gene;gene_biotype=protein_coding;locus_tag=AL06_RS04405;old_locus_tag=CXF52_RS04410,AL06_RS04405,protein_coding,860466,862376,863916,864797,FALSE,TRUE,AACAAGTAAGATAGG,GGAGCATCAACGAGG,ATG,-3.332995,6,FALSE,TRUE,-5.30793,5
NZ_CP025209.1,CDS,863916,864797,+,ID=gene-AL06_RS04410;Dbxref=GeneID:69499190;Name=mshB;gbkey=Gene;gene=mshB;gene_biotype=protein_coding;locus_tag=AL06_RS04410;old_locus_tag=CXF52_RS04415,mshB,protein_coding,862387,863916,864824,865204,TRUE,FALSE,GGAGCATCAACGAGG,TTTTCTCTAGGAGGT,ATG,-5.30793,5,TRUE,TRUE,-11.44969,6
NZ_CP025209.1,CDS,864824,865204,+,ID=gene-AL06_RS04415;Dbxref=GeneID:69499191;Name=AL06_RS04415;gbkey=Gene;gene_biotype=protein_coding;locus_tag=AL06_RS04415;old_locus_tag=CXF52_RS04420,AL06_RS04415,protein_coding,863916,864797,865254,865571,FALSE,FALSE,TTTTCTCTAGGAGGT,ATTGGAGAATATCTA,ATG,-11.44969,6,TRUE,TRUE,-3.60793,13
NZ_CP025209.1,CDS,865254,865571,+,ID=gene-AL06_RS04420;Dbxref=GeneID:69499192;Name=AL06_RS04420;gbkey=Gene;gene_biotype=protein_coding;locus_tag=AL06_RS04420;old_locus_tag=CXF52_RS04425,AL06_RS04420,protein_coding,864824,865204,865604,866701,FALSE,FALSE,ATTGGAGAATATCTA,CTAGTTGTAAGGATC,ATG,-3.60793,13,TRUE,TRUE,-4.40793,8
NZ_CP025209.1,CDS,865604,866701,+,ID=gene-AL06_RS04425;Dbxref=GeneID:69499193;Name=dapC;gbkey=Gene;gene=dapC;gene_biotype=protein_coding;locus_tag=AL06_RS04425;old_locus_tag=CXF52_RS04430,dapC,protein_coding,865254,865571,867512,868069,FALSE,FALSE,CTAGTTGTAAGGATC,TGTCTCTAGGAGGAA,ATG,-4.40793,8,TRUE,TRUE,-9.81615,8
NZ_CP025209.1,CDS,867512,868069,+,ID=gene-AL06_RS04435;Dbxref=GeneID:69499195;Name=AL06_RS04435;gbkey=Gene;gene_biotype=protein_coding;locus_tag=AL06_RS04435;old_locus_tag=CXF52_RS04440,AL06_RS04435,protein_coding,865604,866701,874227,875324,FALSE,FALSE,TGTCTCTAGGAGGAA,GCGCGGTATTGTCGA,ATG,-9.81615,8,TRUE,FALSE,-1.569835,13
NZ_CP025209.1,CDS,868076,869251,-,ID=gene-AL06_RS04440;Dbxref=GeneID:69499196;Name=AL06_RS04440;gbkey=Gene;gene_biotype=protein_coding;locus_tag=AL06_RS04440;old_locus_tag=CXF52_RS04445,AL06_RS04440,protein_coding,869341,870753,860307,860432,FALSE,FALSE,CGTCATTACCGTGCG,AAATTAAATATGCAC,ATG,1.77826,17,FALSE,FALSE,3.775225,15
NZ_CP025209.1,CDS,869341,870753,-,ID=gene-AL06_RS04445;Dbxref=GeneID:69499197;Name=AL06_RS04445;gbkey=Gene;gene_biotype=protein_coding;locus_tag=AL06_RS04445;old_locus_tag=CXF52_RS04450,AL06_RS04445,protein_coding,870817,871791,868076,869251,FALSE,FALSE,TTTACCGCAGAAAAA,CGTCATTACCGTGCG,ATG,1.2151,11,FALSE,FALSE,1.77826,17
NZ_CP025209.1,CDS,870817,871791,-,ID=gene-AL06_RS04450;Dbxref=GeneID:69499198;Name=dapD;gbkey=Gene;gene=dapD;gene_biotype=protein_coding;locus_tag=AL06_RS04450;old_locus_tag=CXF52_RS04455,dapD,protein_coding,871802,873166,869341,870753,FALSE,FALSE,AGTAAGTAGACTTCC,TTTACCGCAGAAAAA,ATG,0.9151,15,FALSE,FALSE,1.2151,11
NZ_CP025209.1,CDS,871802,873166,-,ID=gene-AL06_RS04455;Dbxref=GeneID:69499199;Name=AL06_RS04455;gbkey=Gene;gene_biotype=protein_coding;locus_tag=AL06_RS04455;old_locus_tag=CXF52_RS04460,AL06_RS04455,protein_coding,873236,874147,870817,871791,FALSE,FALSE,GGAGTTTATTCTCAG,AGTAAGTAGACTTCC,ATG,-3.70793,16,TRUE,FALSE,0.9151,15
NZ_CP025209.1,CDS,873236,874147,-,ID=gene-AL06_RS04460;Dbxref=GeneID:69499200;Name=AL06_RS04460;gbkey=Gene;gene_biotype=protein_coding;locus_tag=AL06_RS04460;old_locus_tag=CXF52_RS04465,AL06_RS04460,protein_coding,879183,880595,871802,873166,FALSE,FALSE,TCCGTTAAGGTATTT,GGAGTTTATTCTCAG,ATG,-3.92996,9,TRUE,TRUE,-3.70793,16
NZ_CP025209.1,CDS,874227,875324,+,ID=gene-AL06_RS04465;Dbxref=GeneID:69499201;Name=dapE;gbkey=Gene;gene=dapE;gene_biotype=protein_coding;locus_tag=AL06_RS04465;old_locus_tag=CXF52_RS04470,dapE,protein_coding,867512,868069,875332,876096,FALSE,FALSE,GCGCGGTATTGTCGA,ACAGGAGCCTGATTG,ATG,-1.569835,13,FALSE,TRUE,-6.468055,14
NZ_CP025209.1,CDS,875332,876096,+,ID=gene-AL06_RS04470;Dbxref=GeneID:69499202;Name=AL06_RS04470;gbkey=Gene;gene_biotype=protein_coding;locus_tag=AL06_RS04470;old_locus_tag=CXF52_RS04475,AL06_RS04470,protein_coding,874227,875324,876089,876946,FALSE,TRUE,ACAGGAGCCTGATTG,CGCAGAATGATGCAC,ATG,-6.468055,14,TRUE,FALSE,1.2151,16
NZ_CP025209.1,CDS,876089,876946,+,ID=gene-AL06_RS04475;Dbxref=GeneID:69499203;Name=folP;gbkey=Gene;gene=folP;gene_biotype=protein_coding;locus_tag=AL06_RS04475;old_locus_tag=CXF52_RS04480,folP,protein_coding,875332,876096,876943,877692,TRUE,TRUE,CGCAGAATGATGCAC,CTACCACACGGGGGC,ATG,1.2151,16,FALSE,TRUE,-6.08185,6
NZ_CP025209.1,CDS,876943,877692,+,ID=gene-AL06_RS04480;Dbxref=GeneID:69499204;Name=AL06_RS04480;gbkey=Gene;gene_biotype=protein_coding;locus_tag=AL06_RS04480;old_locus_tag=CXF52_RS04485,AL06_RS04480,protein_coding,876089,876946,877697,877975,TRUE,FALSE,CTACCACACGGGGGC,GTAGGAAAGGTGTGA,ATG,-6.08185,6,TRUE,TRUE,-9.013115,10
NZ_CP025209.1,CDS,877697,877975,+,ID=gene-AL06_RS04485;Dbxref=GeneID:69499205;Name=AL06_RS04485;gbkey=Gene;gene_biotype=protein_coding;locus_tag=AL06_RS04485;old_locus_tag=CXF52_RS04490,AL06_RS04485,protein_coding,876943,877692,878062,878229,FALSE,FALSE,GTAGGAAAGGTGTGA,TAAGGAATCGGTGAT,ATG,-9.013115,10,TRUE,TRUE,-8.813115,9
NZ_CP025209.1,CDS,878062,878229,+,ID=gene-AL06_RS04490;Dbxref=GeneID:69499206;Name=AL06_RS04490;gbkey=Gene;gene_biotype=protein_coding;locus_tag=AL06_RS04490;old_locus_tag=CXF52_RS04495,AL06_RS04490,protein_coding,877697,877975,878256,879125,FALSE,FALSE,TAAGGAATCGGTGAT,CAATAAGGAGTAGCC,ATG,-8.813115,9,TRUE,TRUE,-6.91615,8
NZ_CP025209.1,CDS,878256,879125,+,ID=gene-AL06_RS04495;Dbxref=GeneID:69499207;Name=AL06_RS04495;gbkey=Gene;gene_biotype=protein_coding;locus_tag=AL06_RS04495;old_locus_tag=CXF52_RS04500,AL06_RS04495,protein_coding,878062,878229,882664,883890,FALSE,FALSE,CAATAAGGAGTAGCC,GGCGGAAATTCTCGA,GTG,-6.91615,8,TRUE,FALSE,-1.247805,14
NZ_CP025209.1,CDS,879183,880595,-,ID=gene-AL06_RS04500;Dbxref=GeneID:69499208;Name=AL06_RS04500;gbkey=Gene;gene_biotype=protein_coding;locus_tag=AL06_RS04500;old_locus_tag=CXF52_RS04505,AL06_RS04500,protein_coding,880605,881345,873236,874147,FALSE,FALSE,GAAAGGCTAACCCAC,TCCGTTAAGGTATTT,ATG,-2.332995,15,FALSE,TRUE,-3.92996,9
NZ_CP025209.1,CDS,880605,881345,-,ID=gene-AL06_RS04505;Dbxref=GeneID:69499209;Name=budA;gbkey=Gene;gene=budA;gene_biotype=protein_coding;locus_tag=AL06_RS04505;old_locus_tag=CXF52_RS04510,budA,protein_coding,881398,882570,879183,880595,FALSE,FALSE,ACGACTATGGTGGGC,GAAAGGCTAACCCAC,ATG,-1.469835,9,FALSE,FALSE,-2.332995,15
NZ_CP025209.1,CDS,881398,882570,-,ID=gene-AL06_RS04510;Dbxref=GeneID:69499210;Name=glgA;gbkey=Gene;gene=glgA;gene_biotype=protein_coding;locus_tag=AL06_RS04510;old_locus_tag=CXF52_RS04515,glgA,protein_coding,883949,884626,880605,881345,FALSE,FALSE,GCCCGTTACTCTCGG,ACGACTATGGTGGGC,ATG,-0.872870000000002,5,FALSE,FALSE,-1.469835,9
NZ_CP025209.1,CDS,882664,883890,+,ID=gene-AL06_RS04515;Dbxref=GeneID:69499211;Name=glgC;gbkey=Gene;gene=glgC;gene_biotype=protein_coding;locus_tag=AL06_RS04515;old_locus_tag=CXF52_RS04520,glgC,protein_coding,878256,879125,884781,885431,FALSE,FALSE,GGCGGAAATTCTCGA,TCCGGCACAATCAAC,TTG,-1.247805,14,FALSE,FALSE,0.827129999999999,15
NZ_CP025209.1,CDS,883949,884626,-,ID=gene-AL06_RS04520;Dbxref=GeneID:69499212;Name=AL06_RS04520;gbkey=Gene;gene_biotype=protein_coding;locus_tag=AL06_RS04520;old_locus_tag=CXF52_RS04525,AL06_RS04520,protein_coding,886362,887495,881398,882570,FALSE,FALSE,AACCTTTGGTGTTGG,GCCCGTTACTCTCGG,ATG,-1.469835,10,FALSE,FALSE,-0.872870000000002,5
NZ_CP025209.1,CDS,884781,885431,+,ID=gene-AL06_RS04525;Dbxref=GeneID:69499213;Name=sigE;gbkey=Gene;gene=sigE;gene_biotype=protein_coding;locus_tag=AL06_RS04525;old_locus_tag=CXF52_RS04530,sigE,protein_coding,882664,883890,885472,885885,FALSE,FALSE,TCCGGCACAATCAAC,CGGAGGTGACTATTA,ATG,0.827129999999999,15,FALSE,TRUE,-9.15299,13
NZ_CP025209.1,CDS,885472,885885,+,ID=gene-AL06_RS04530;Dbxref=GeneID:69499214;Name=AL06_RS04530;gbkey=Gene;gene_biotype=protein_coding;locus_tag=AL06_RS04530;old_locus_tag=CXF52_RS04535,AL06_RS04530,protein_coding,884781,885431,885916,886359,FALSE,FALSE,CGGAGGTGACTATTA,ACAGGCTAGAGTAGG,ATG,-9.15299,13,TRUE,TRUE,-6.21615,6
NZ_CP025209.1,CDS,885916,886359,+,ID=gene-AL06_RS04535;Dbxref=GeneID:69499215;Name=tatB;gbkey=Gene;gene=tatB;gene_biotype=protein_coding;locus_tag=AL06_RS04535;old_locus_tag=CXF52_RS04540,tatB,protein_coding,885472,885885,889523,890032,FALSE,FALSE,ACAGGCTAGAGTAGG,CCGCACGAGGAGAAT,GTG,-6.21615,6,TRUE,TRUE,-6.768055,9
NZ_CP025209.1,CDS,886362,887495,-,ID=gene-AL06_RS04540;Dbxref=GeneID:69499216;Name=AL06_RS04540;gbkey=Gene;gene_biotype=protein_coding;locus_tag=AL06_RS04540;old_locus_tag=CXF52_RS04545,AL06_RS04540,protein_coding,887508,888104,883949,884626,FALSE,FALSE,CGAGTAACCTAACAC,AACCTTTGGTGTTGG,ATG,-0.359835,16,FALSE,FALSE,-1.469835,10
NZ_CP025209.1,CDS,887508,888104,-,ID=gene-AL06_RS04545;Dbxref=GeneID:69499217;Name=AL06_RS04545;gbkey=Gene;gene_biotype=protein_coding;locus_tag=AL06_RS04545;old_locus_tag=CXF52_RS04550,AL06_RS04545,protein_coding,888108,889397,886362,887495,FALSE,FALSE,ACCAAAGGAGGTGTA,CGAGTAACCTAACAC,ATG,-12.313115,9,TRUE,FALSE,-0.359835,16
NZ_CP025209.1,CDS,888108,889397,-,ID=gene-AL06_RS04550;Dbxref=GeneID:69499218;Name=AL06_RS04550;gbkey=Gene;gene_biotype=protein_coding;locus_tag=AL06_RS04550;old_locus_tag=CXF52_RS04555,AL06_RS04550,protein_coding,890819,894532,887508,888104,FALSE,FALSE,AGCACGTAGACTGGC,ACCAAAGGAGGTGTA,ATG,0.827129999999999,6,FALSE,TRUE,-12.313115,9
NZ_CP025209.1,CDS,889523,890032,+,ID=gene-AL06_RS04555;Dbxref=GeneID:69499219;Name=AL06_RS04555;gbkey=Gene;gene_biotype=protein_coding;locus_tag=AL06_RS04555;old_locus_tag=CXF52_RS04560,AL06_RS04555,protein_coding,885916,886359,890083,890763,FALSE,FALSE,CCGCACGAGGAGAAT,AAAGGGGCCGGTTGG,ATG,-6.768055,9,TRUE,TRUE,-8.03894,9
NZ_CP025209.1,CDS,890083,890763,+,ID=gene-AL06_RS04560;Dbxref=GeneID:69499220;Name=AL06_RS04560;gbkey=Gene;gene_biotype=protein_coding;locus_tag=AL06_RS04560;old_locus_tag=CXF52_RS04565,AL06_RS04560,protein_coding,889523,890032,899475,899666,FALSE,FALSE,AAAGGGGCCGGTTGG,TAGGACGTTTTCCAT,ATG,-8.03894,9,TRUE,TRUE,-4.20793,16
NZ_CP025209.1,CDS,890819,894532,-,ID=gene-AL06_RS04565;Dbxref=GeneID:69499221;Name=AL06_RS04565;gbkey=Gene;gene_biotype=protein_coding;locus_tag=AL06_RS04565;old_locus_tag=CXF52_RS04570,AL06_RS04565,protein_coding,894695,898435,888108,889397,FALSE,FALSE,AATGAGGCGAGCACC,AGCACGTAGACTGGC,GTG,-3.668055,10,TRUE,FALSE,0.827129999999999,6
NZ_CP025209.1,CDS,894695,898435,-,ID=gene-AL06_RS04570;Dbxref=GeneID:69499222;Name=AL06_RS04570;gbkey=Gene;gene_biotype=protein_coding;locus_tag=AL06_RS04570;old_locus_tag=CXF52_RS04575,AL06_RS04570,protein_coding,898443,899273,890819,894532,FALSE,FALSE,GTAAAGGAATAAACC,AATGAGGCGAGCACC,ATG,-4.40793,13,TRUE,TRUE,-3.668055,10
NZ_CP025209.1,CDS,898443,899273,-,ID=gene-AL06_RS04575;Dbxref=GeneID:69499223;Name=AL06_RS04575;gbkey=Gene;gene_biotype=protein_coding;locus_tag=AL06_RS04575;old_locus_tag=CXF52_RS04580,AL06_RS04575,protein_coding,899995,900807,894695,898435,FALSE,FALSE,CAATGTAAGGAAGAA,GTAAAGGAATAAACC,ATG,-4.40793,10,TRUE,TRUE,-4.40793,13
NZ_CP025209.1,CDS,899475,899666,+,ID=gene-AL06_RS12085;Dbxref=GeneID:69500599;Name=AL06_RS12085;gbkey=Gene;gene_biotype=protein_coding;locus_tag=AL06_RS12085,AL06_RS12085,protein_coding,890083,890763,900827,902410,FALSE,FALSE,TAGGACGTTTTCCAT,GTCACCTACTCTAAA,ATG,-4.20793,16,TRUE,FALSE,1.57826,18
NZ_CP025209.1,CDS,899995,900807,-,ID=gene-AL06_RS04595;Dbxref=GeneID:69499224;Name=AL06_RS04595;gbkey=Gene;gene_biotype=protein_coding;locus_tag=AL06_RS04595;old_locus_tag=CXF52_RS04600,AL06_RS04595,protein_coding,904109,904651,898443,899273,FALSE,FALSE,ATGTTTTAGAGTAGG,CAATGTAAGGAAGAA,ATG,-3.332995,6,FALSE,TRUE,-4.40793,10
NZ_CP025209.1,CDS,900827,902410,+,ID=gene-AL06_RS04600;Dbxref=GeneID:69499225;Name=AL06_RS04600;gbkey=Gene;gene_biotype=protein_coding;locus_tag=AL06_RS04600;old_locus_tag=CXF52_RS04605,AL06_RS04600,protein_coding,899475,899666,902429,903238,FALSE,FALSE,GTCACCTACTCTAAA,GCTTTGCAGGAAGGC,ATG,1.57826,18,FALSE,TRUE,-5.81615,7
NZ_CP025209.1,CDS,902429,903238,+,ID=gene-AL06_RS04605;Dbxref=GeneID:69499226;Name=AL06_RS04605;gbkey=Gene;gene_biotype=protein_coding;locus_tag=AL06_RS04605;old_locus_tag=CXF52_RS04610,AL06_RS04605,protein_coding,900827,902410,903288,904100,FALSE,FALSE,GCTTTGCAGGAAGGC,CAGAAAGGGTTGACA,ATG,-5.81615,7,TRUE,TRUE,-4.778055,9
NZ_CP025209.1,CDS,903288,904100,+,ID=gene-AL06_RS04610;Dbxref=GeneID:69499227;Name=AL06_RS04610;gbkey=Gene;gene_biotype=protein_coding;locus_tag=AL06_RS04610;old_locus_tag=CXF52_RS04615,AL06_RS04610,protein_coding,902429,903238,904956,905873,FALSE,FALSE,CAGAAAGGGTTGACA,CTAGGGAGGATGACA,ATG,-4.778055,9,TRUE,TRUE,-8.39374,11
NZ_CP025209.1,CDS,904109,904651,-,ID=gene-AL06_RS04615;Dbxref=GeneID:69499228;Name=AL06_RS04615;gbkey=Gene;gene_biotype=protein_coding;locus_tag=AL06_RS04615;old_locus_tag=CXF52_RS04620,AL06_RS04615,protein_coding,910259,913390,899995,900807,FALSE,FALSE,GAGGTTATAGTCTCA,ATGTTTTAGAGTAGG,ATG,-6.104895,15,TRUE,FALSE,-3.332995,6
NZ_CP025209.1,CDS,904956,905873,+,ID=gene-AL06_RS04620;Dbxref=GeneID:69499229;Name=AL06_RS04620;gbkey=Gene;gene_biotype=protein_coding;locus_tag=AL06_RS04620;old_locus_tag=CXF52_RS04625,AL06_RS04620,protein_coding,903288,904100,905910,907568,FALSE,FALSE,CTAGGGAGGATGACA,CAACATAAGGATGAT,ATG,-8.39374,11,TRUE,TRUE,-4.40793,10
NZ_CP025209.1,CDS,905910,907568,+,ID=gene-AL06_RS04625;Dbxref=GeneID:69499230;Name=AL06_RS04625;gbkey=Gene;gene_biotype=protein_coding;locus_tag=AL06_RS04625;old_locus_tag=CXF52_RS04630,AL06_RS04625,protein_coding,904956,905873,907581,907862,FALSE,FALSE,CAACATAAGGATGAT,TGCCTAGGAGGAGAG,ATG,-4.40793,10,TRUE,TRUE,-9.81615,10
NZ_CP025209.1,CDS,907581,907862,+,ID=gene-AL06_RS04630;Dbxref=GeneID:69499231;Name=AL06_RS04630;gbkey=Gene;gene_biotype=protein_coding;locus_tag=AL06_RS04630;old_locus_tag=CXF52_RS04635,AL06_RS04630,protein_coding,905910,907568,907862,908992,FALSE,TRUE,TGCCTAGGAGGAGAG,AATCCGCAGGTGAAA,ATG,-9.81615,10,TRUE,TRUE,-3.82996,9
NZ_CP025209.1,CDS,907862,908992,+,ID=gene-AL06_RS04635;Dbxref=GeneID:69499232;Name=galT;gbkey=Gene;gene=galT;gene_biotype=protein_coding;locus_tag=AL06_RS04635;old_locus_tag=CXF52_RS04640,galT,protein_coding,907581,907862,908976,910205,TRUE,TRUE,AATCCGCAGGTGAAA,TTCAAGGAGGTATGG,ATG,-3.82996,9,TRUE,TRUE,-12.413115,10
NZ_CP025209.1,CDS,908976,910205,+,ID=gene-AL06_RS04640;Dbxref=GeneID:69499233;Name=galK;gbkey=Gene;gene=galK;gene_biotype=protein_coding;locus_tag=AL06_RS04640;old_locus_tag=CXF52_RS04645,galK,protein_coding,907862,908992,914009,916057,TRUE,FALSE,TTCAAGGAGGTATGG,GGCGTAGCGTGGTGG,ATG,-12.413115,10,TRUE,FALSE,-1.469835,7
NZ_CP025209.1,CDS,910259,913390,-,ID=gene-AL06_RS04645;Dbxref=GeneID:69499234;Name=AL06_RS04645;gbkey=Gene;gene_biotype=protein_coding;locus_tag=AL06_RS04645;old_locus_tag=CXF52_RS04650,AL06_RS04645,protein_coding,913401,913796,904109,904651,FALSE,FALSE,ACCAACTAAGCGACT,GAGGTTATAGTCTCA,ATG,0.9151,11,FALSE,TRUE,-6.104895,15
NZ_CP025209.1,CDS,913401,913796,-,ID=gene-AL06_RS04650;Dbxref=GeneID:69499235;Name=AL06_RS04650;gbkey=Gene;gene_biotype=protein_coding;locus_tag=AL06_RS04650;old_locus_tag=CXF52_RS04655,AL06_RS04650,protein_coding,916685,917161,910259,913390,FALSE,FALSE,AAAATTATATCGGAG,ACCAACTAAGCGACT,ATG,-4.40793,5,TRUE,FALSE,0.9151,11
NZ_CP025209.1,CDS,914009,916057,+,ID=gene-AL06_RS04655;Dbxref=GeneID:69499236;Name=AL06_RS04655;gbkey=Gene;gene_biotype=protein_coding;locus_tag=AL06_RS04655;old_locus_tag=CXF52_RS04660,AL06_RS04655,protein_coding,908976,910205,916146,916556,FALSE,FALSE,GGCGTAGCGTGGTGG,TCGATAGGAGACAAT,ATG,-1.469835,7,FALSE,TRUE,-6.568055,11
NZ_CP025209.1,CDS,916146,916556,+,ID=gene-AL06_RS04660;Dbxref=GeneID:69499237;Name=AL06_RS04660;gbkey=Gene;gene_biotype=protein_coding;locus_tag=AL06_RS04660;old_locus_tag=CXF52_RS04665,AL06_RS04660,protein_coding,914009,916057,919631,922720,FALSE,FALSE,TCGATAGGAGACAAT,AACTGGTAGAAATGA,GTG,-6.568055,11,TRUE,FALSE,-1.569835,13
NZ_CP025209.1,CDS,916685,917161,-,ID=gene-AL06_RS04665;Dbxref=GeneID:69499238;Name=AL06_RS04665;gbkey=Gene;gene_biotype=protein_coding;locus_tag=AL06_RS04665;old_locus_tag=CXF52_RS04670,AL06_RS04665,protein_coding,917210,917800,913401,913796,FALSE,FALSE,AAAGGCTCGTGCGGT,AAAATTATATCGGAG,ATG,-3.875515,6,TRUE,TRUE,-4.40793,5
NZ_CP025209.1,CDS,917210,917800,-,ID=gene-AL06_RS04670;Dbxref=GeneID:69499239;Name=AL06_RS04670;gbkey=Gene;gene_biotype=protein_coding;locus_tag=AL06_RS04670;old_locus_tag=CXF52_RS04675,AL06_RS04670,protein_coding,917840,919405,916685,917161,FALSE,FALSE,TTTATACGTCCAAAC,AAAGGCTCGTGCGGT,ATG,1.77826,11,FALSE,TRUE,-3.875515,6
NZ_CP025209.1,CDS,917840,919405,-,ID=gene-AL06_RS04675;Dbxref=GeneID:69499240;Name=putP;gbkey=Gene;gene=putP;gene_biotype=protein_coding;locus_tag=AL06_RS04675;old_locus_tag=CXF52_RS04680,putP,protein_coding,927336,927866,917210,917800,FALSE,FALSE,CGTGAGGAGGCTAGA,TTTATACGTCCAAAC,ATG,-10.01615,11,TRUE,FALSE,1.77826,11
NZ_CP025209.1,CDS,919631,922720,+,ID=gene-AL06_RS04680;Dbxref=GeneID:69499241;Name=AL06_RS04680;gbkey=Gene;gene_biotype=protein_coding;locus_tag=AL06_RS04680;old_locus_tag=CXF52_RS04685,AL06_RS04680,protein_coding,916146,916556,922721,923542,FALSE,FALSE,AACTGGTAGAAATGA,TTATCGAGGACGGGA,ATG,-1.569835,13,FALSE,TRUE,-6.91615,7
NZ_CP025209.1,CDS,922721,923542,+,ID=gene-AL06_RS04685;Dbxref=GeneID:69499242;Name=AL06_RS04685;gbkey=Gene;gene_biotype=protein_coding;locus_tag=AL06_RS04685;old_locus_tag=CXF52_RS04690,AL06_RS04685,protein_coding,919631,922720,923574,924695,FALSE,FALSE,TTATCGAGGACGGGA,TGAATGATAGAACAA,ATG,-6.91615,7,TRUE,FALSE,1.1151,11
NZ_CP025209.1,CDS,923574,924695,+,ID=gene-AL06_RS04690;Dbxref=GeneID:69499243;Name=AL06_RS04690;gbkey=Gene;gene_biotype=protein_coding;locus_tag=AL06_RS04690;old_locus_tag=CXF52_RS04695,AL06_RS04690,protein_coding,922721,923542,924695,927259,FALSE,TRUE,TGAATGATAGAACAA,GACTAGCAAAGGAAG,ATG,1.1151,11,FALSE,TRUE,-4.40793,8
NZ_CP025209.1,CDS,924695,927259,+,ID=gene-AL06_RS04695;Dbxref=GeneID:69499244;Name=AL06_RS04695;gbkey=Gene;gene_biotype=protein_coding;locus_tag=AL06_RS04695;old_locus_tag=CXF52_RS04700,AL06_RS04695,protein_coding,923574,924695,928108,928590,TRUE,FALSE,GACTAGCAAAGGAAG,TCGGTCTAATCTGAA,GTG,-4.40793,8,TRUE,FALSE,-1.469835,15
NZ_CP025209.1,CDS,927336,927866,-,ID=gene-AL06_RS04700;Dbxref=GeneID:69499245;Name=AL06_RS04700;gbkey=Gene;gene_biotype=protein_coding;locus_tag=AL06_RS04700;old_locus_tag=CXF52_RS04705,AL06_RS04700,protein_coding,929193,929384,917840,919405,FALSE,FALSE,CTTTATTTAGGAGAC,CGTGAGGAGGCTAGA,ATG,-6.568055,8,TRUE,TRUE,-10.01615,11
NZ_CP025209.1,CDS,928108,928590,+,ID=gene-AL06_RS04705;Dbxref=GeneID:69499246;Name=AL06_RS04705;gbkey=Gene;gene_biotype=protein_coding;locus_tag=AL06_RS04705;old_locus_tag=CXF52_RS04710,AL06_RS04705,protein_coding,924695,927259,928696,928896,FALSE,FALSE,TCGGTCTAATCTGAA,ACATGAAGGGGCTCG,ATG,-1.469835,15,FALSE,TRUE,-7.441975,6
NZ_CP025209.1,CDS,928696,928896,+,ID=gene-AL06_RS04710;Dbxref=GeneID:69499247;Name=AL06_RS04710;gbkey=Gene;gene_biotype=protein_coding;locus_tag=AL06_RS04710;old_locus_tag=CXF52_RS04715,AL06_RS04710,protein_coding,928108,928590,929615,929800,FALSE,FALSE,ACATGAAGGGGCTCG,ATGATGAGGCCATCG,ATG,-7.441975,6,TRUE,TRUE,-3.60793,11
NZ_CP025209.1,CDS,929193,929384,-,ID=gene-AL06_RS04715;Dbxref=GeneID:69499248;Name=AL06_RS04715;gbkey=Gene;gene_biotype=protein_coding;locus_tag=AL06_RS04715;old_locus_tag=CXF52_RS04720,AL06_RS04715,protein_coding,931621,932965,927336,927866,FALSE,FALSE,CGTTTCTGGTGATCG,CTTTATTTAGGAGAC,ATG,-1.469835,10,FALSE,TRUE,-6.568055,8
NZ_CP025209.1,CDS,929615,929800,+,ID=gene-AL06_RS04720;Dbxref=GeneID:69499249;Name=AL06_RS04720;gbkey=Gene;gene_biotype=protein_coding;locus_tag=AL06_RS04720;old_locus_tag=CXF52_RS04725,AL06_RS04720,protein_coding,928696,928896,929828,930187,FALSE,FALSE,ATGATGAGGCCATCG,TCGCTGTATAGTTCA,TTG,-3.60793,11,TRUE,FALSE,1.1151,10
NZ_CP025209.1,CDS,929828,930187,+,ID=gene-AL06_RS04725;Dbxref=GeneID:69499250;Name=AL06_RS04725;gbkey=Gene;gene_biotype=protein_coding;locus_tag=AL06_RS04725;old_locus_tag=CXF52_RS04730,AL06_RS04725,protein_coding,929615,929800,930184,930786,FALSE,TRUE,TCGCTGTATAGTTCA,ACGCAGCTGGGGAGG,ATG,1.1151,10,FALSE,TRUE,-10.09374,5
NZ_CP025209.1,CDS,930184,930786,+,ID=gene-AL06_RS04730;Dbxref=GeneID:69499251;Name=AL06_RS04730;gbkey=Gene;gene_biotype=protein_coding;locus_tag=AL06_RS04730;old_locus_tag=CXF52_RS04735,AL06_RS04730,protein_coding,929828,930187,936722,938380,TRUE,FALSE,ACGCAGCTGGGGAGG,ATGATGGGAGTTAAG,ATG,-10.09374,5,TRUE,TRUE,-5.89374,5
NZ_CP025209.1,CDS,931621,932965,-,ID=gene-AL06_RS04735;Dbxref=GeneID:69499252;Name=AL06_RS04735;gbkey=Gene;gene_biotype=protein_coding;locus_tag=AL06_RS04735;old_locus_tag=CXF52_RS04740,AL06_RS04735,protein_coding,933136,933208,929193,929384,FALSE,FALSE,GATTGTGGGGAGTTT,CGTTTCTGGTGATCG,ATG,-5.145645,8,TRUE,FALSE,-1.469835,10
NZ_CP025209.1,tRNA,933136,933208,-,ID=gene-AL06_RS04740;Dbxref=GeneID:69499253;Name=AL06_RS04740;gbkey=Gene;gene_biotype=tRNA;locus_tag=AL06_RS04740;old_locus_tag=CXF52_RS04745,AL06_RS04740,tRNA,933327,933956,931621,932965,FALSE,FALSE,CCGCTGCTTAACACA,GATTGTGGGGAGTTT,GTC,3.775225,11,FALSE,TRUE,-5.145645,8
NZ_CP025209.1,CDS,933327,933956,-,ID=gene-AL06_RS04745;Dbxref=GeneID:69499254;Name=AL06_RS04745;gbkey=Gene;gene_biotype=protein_coding;locus_tag=AL06_RS04745;old_locus_tag=CXF52_RS04750,AL06_RS04745,protein_coding,933958,935502,933136,933208,FALSE,FALSE,CAGAAGAAGGAGAAC,CCGCTGCTTAACACA,ATG,-6.768055,9,TRUE,FALSE,3.775225,11
NZ_CP025209.1,CDS,933958,935502,-,ID=gene-AL06_RS04750;Dbxref=GeneID:69499255;Name=AL06_RS04750;gbkey=Gene;gene_biotype=protein_coding;locus_tag=AL06_RS04750;old_locus_tag=CXF52_RS04755,AL06_RS04750,protein_coding,935499,936284,933327,933956,TRUE,FALSE,ACTCCCGAGAGGTCA,CAGAAGAAGGAGAAC,GTG,-5.904895,7,TRUE,TRUE,-6.768055,9
NZ_CP025209.1,CDS,935499,936284,-,ID=gene-AL06_RS04755;Dbxref=GeneID:69499256;Name=AL06_RS04755;gbkey=Gene;gene_biotype=protein_coding;locus_tag=AL06_RS04755;old_locus_tag=CXF52_RS04760,AL06_RS04755,protein_coding,943920,945659,933958,935502,FALSE,TRUE,AAAGCAAGGAGCAAG,ACTCCCGAGAGGTCA,GTG,-8.21615,6,TRUE,TRUE,-5.904895,7
NZ_CP025209.1,CDS,936722,938380,+,ID=gene-AL06_RS04760;Dbxref=GeneID:69499257;Name=AL06_RS04760;gbkey=Gene;gene_biotype=protein_coding;locus_tag=AL06_RS04760;old_locus_tag=CXF52_RS04765,AL06_RS04760,protein_coding,930184,930786,938392,940044,FALSE,FALSE,ATGATGGGAGTTAAG,TGGGCTAAACTTCTA,GTG,-5.89374,5,TRUE,FALSE,-1.29604,16
NZ_CP025209.1,CDS,938392,940044,+,ID=gene-AL06_RS04765;Dbxref=GeneID:69499258;Name=argS;gbkey=Gene;gene=argS;gene_biotype=protein_coding;locus_tag=AL06_RS04765;old_locus_tag=CXF52_RS04770,argS,protein_coding,936722,938380,940047,941375,FALSE,FALSE,TGGGCTAAACTTCTA,CGCCGGAGCGTATGT,ATG,-1.29604,16,FALSE,TRUE,-5.35299,9
NZ_CP025209.1,CDS,940047,941375,+,ID=gene-AL06_RS04770;Dbxref=GeneID:69499259;Name=lysA;gbkey=Gene;gene=lysA;gene_biotype=protein_coding;locus_tag=AL06_RS04770;old_locus_tag=CXF52_RS04775,lysA,protein_coding,938392,940044,941581,942927,FALSE,FALSE,CGCCGGAGCGTATGT,AACCTCTACGAGGAG,ATG,-5.35299,9,TRUE,TRUE,-7.568055,6
NZ_CP025209.1,CDS,941581,942927,+,ID=gene-AL06_RS04775;Dbxref=GeneID:69499260;Name=AL06_RS04775;gbkey=Gene;gene_biotype=protein_coding;locus_tag=AL06_RS04775;old_locus_tag=CXF52_RS04780,AL06_RS04775,protein_coding,940047,941375,942932,943858,FALSE,FALSE,AACCTCTACGAGGAG,CTAGCAGGGGAGTAA,ATG,-7.568055,6,TRUE,TRUE,-7.43894,8
NZ_CP025209.1,CDS,942932,943858,+,ID=gene-AL06_RS04780;Dbxref=GeneID:69499261;Name=thrB;gbkey=Gene;gene=thrB;gene_biotype=protein_coding;locus_tag=AL06_RS04780;old_locus_tag=CXF52_RS04785,thrB,protein_coding,941581,942927,945767,945970,FALSE,FALSE,CTAGCAGGGGAGTAA,TGTGCTTGCCCACGG,ATG,-7.43894,8,TRUE,FALSE,-0.872870000000002,5
NZ_CP025209.1,CDS,943920,945659,-,ID=gene-AL06_RS04785;Dbxref=GeneID:69499262;Name=AL06_RS04785;gbkey=Gene;gene_biotype=protein_coding;locus_tag=AL06_RS04785;old_locus_tag=CXF52_RS04790,AL06_RS04785,protein_coding,961736,962194,935499,936284,FALSE,FALSE,CACAACTATGGTGAT,AAAGCAAGGAGCAAG,ATG,-1.469835,8,FALSE,TRUE,-8.21615,6
NZ_CP025209.1,CDS,945767,945970,+,ID=gene-AL06_RS11845;Dbxref=GeneID:69500555;Name=AL06_RS11845;gbkey=Gene;gene_biotype=protein_coding;locus_tag=AL06_RS11845,AL06_RS11845,protein_coding,942932,943858,946021,948084,FALSE,FALSE,TGTGCTTGCCCACGG,ACGCAATGAAAGGAC,ATG,-0.872870000000002,5,FALSE,TRUE,-4.40793,7
NZ_CP025209.1,CDS,946021,948084,+,ID=gene-AL06_RS04795;Dbxref=GeneID:69499263;Name=rho;gbkey=Gene;gene=rho;gene_biotype=protein_coding;locus_tag=AL06_RS04795;old_locus_tag=CXF52_RS04800,rho,protein_coding,945767,945970,948084,949154,FALSE,TRUE,ACGCAATGAAAGGAC,CGGATGCTGAGGAGG,GTG,-4.40793,7,TRUE,TRUE,-11.71615,6
NZ_CP025209.1,CDS,948084,949154,+,ID=gene-AL06_RS04800;Dbxref=GeneID:69499264;Name=prfA;gbkey=Gene;gene=prfA;gene_biotype=protein_coding;locus_tag=AL06_RS04800;old_locus_tag=CXF52_RS04805,prfA,protein_coding,946021,948084,949159,949977,TRUE,FALSE,CGGATGCTGAGGAGG,CTCGAGGCGGAATAG,ATG,-11.71615,6,TRUE,TRUE,-3.60793,13
NZ_CP025209.1,CDS,949159,949977,+,ID=gene-AL06_RS04805;Dbxref=GeneID:69499265;Name=prmC;gbkey=Gene;gene=prmC;gene_biotype=protein_coding;locus_tag=AL06_RS04805;old_locus_tag=CXF52_RS04810,prmC,protein_coding,948084,949154,950085,950735,FALSE,FALSE,CTCGAGGCGGAATAG,AAGAGAAAGACTTTC,GTG,-3.60793,13,TRUE,FALSE,-0.359835,15
NZ_CP025209.1,CDS,950085,950735,+,ID=gene-AL06_RS04810;Dbxref=GeneID:69499266;Name=AL06_RS04810;gbkey=Gene;gene_biotype=protein_coding;locus_tag=AL06_RS04810;old_locus_tag=CXF52_RS04815,AL06_RS04810,protein_coding,949159,949977,950736,951905,FALSE,FALSE,AAGAGAAAGACTTTC,CGTGGAGACGCTTCG,GTG,-0.359835,15,FALSE,TRUE,-3.756025,10
NZ_CP025209.1,CDS,950736,951905,+,ID=gene-AL06_RS04815;Dbxref=GeneID:69499267;Name=AL06_RS04815;gbkey=Gene;gene_biotype=protein_coding;locus_tag=AL06_RS04815;old_locus_tag=CXF52_RS04820,AL06_RS04815,protein_coding,950085,950735,951923,952366,FALSE,FALSE,CGTGGAGACGCTTCG,AGACTCAAAGGAAAG,ATG,-3.756025,10,TRUE,TRUE,-4.468055,6
NZ_CP025209.1,CDS,951923,952366,+,ID=gene-AL06_RS04820;Dbxref=GeneID:69499268;Name=AL06_RS04820;gbkey=Gene;gene_biotype=protein_coding;locus_tag=AL06_RS04820;old_locus_tag=CXF52_RS04825,AL06_RS04820,protein_coding,950736,951905,952852,953637,FALSE,FALSE,AGACTCAAAGGAAAG,GAGCGTTACAACTTT,GTG,-4.468055,6,TRUE,FALSE,-2.204895,14
NZ_CP025209.1,CDS,952852,953637,+,ID=gene-AL06_RS04825;Dbxref=GeneID:69499269;Name=atpB;gbkey=Gene;gene=atpB;gene_biotype=protein_coding;locus_tag=AL06_RS04825;old_locus_tag=CXF52_RS04830,atpB,protein_coding,951923,952366,953723,953962,FALSE,FALSE,GAGCGTTACAACTTT,GAAAGGGAACGACAC,ATG,-2.204895,14,FALSE,TRUE,-4.456165,14
NZ_CP025209.1,CDS,953723,953962,+,ID=gene-AL06_RS04830;Dbxref=GeneID:69499270;Name=AL06_RS04830;gbkey=Gene;gene_biotype=protein_coding;locus_tag=AL06_RS04830;old_locus_tag=CXF52_RS04835,AL06_RS04830,protein_coding,952852,953637,953990,954556,FALSE,FALSE,GAAAGGGAACGACAC,CGACACGAAAGCCGA,ATG,-4.456165,14,TRUE,FALSE,0.9151,10
NZ_CP025209.1,CDS,953990,954556,+,ID=gene-AL06_RS04835;Dbxref=GeneID:69499271;Name=AL06_RS04835;gbkey=Gene;gene_biotype=protein_coding;locus_tag=AL06_RS04835;old_locus_tag=CXF52_RS04840,AL06_RS04835,protein_coding,953723,953962,954562,955383,FALSE,FALSE,CGACACGAAAGCCGA,CCGCAGGAAAGTGAG,ATG,0.9151,10,FALSE,TRUE,-4.81615,6
NZ_CP025209.1,CDS,954562,955383,+,ID=gene-AL06_RS04840;Dbxref=GeneID:69499272;Name=AL06_RS04840;gbkey=Gene;gene_biotype=protein_coding;locus_tag=AL06_RS04840;old_locus_tag=CXF52_RS04845,AL06_RS04840,protein_coding,953990,954556,955444,957072,FALSE,FALSE,CCGCAGGAAAGTGAG,TACCGAGAGCAGGAA,ATG,-4.81615,6,TRUE,TRUE,-4.10793,7
NZ_CP025209.1,CDS,955444,957072,+,ID=gene-AL06_RS04845;Dbxref=GeneID:69499273;Name=atpA;gbkey=Gene;gene=atpA;gene_biotype=protein_coding;locus_tag=AL06_RS04845;old_locus_tag=CXF52_RS04850,atpA,protein_coding,954562,955383,957126,958103,FALSE,FALSE,TACCGAGAGCAGGAA,GAAGGGAGGCGAATG,ATG,-4.10793,7,TRUE,TRUE,-8.39374,11
NZ_CP025209.1,CDS,957126,958103,+,ID=gene-AL06_RS04850;Dbxref=GeneID:69499274;Name=AL06_RS04850;gbkey=Gene;gene_biotype=protein_coding;locus_tag=AL06_RS04850;old_locus_tag=CXF52_RS04855,AL06_RS04850,protein_coding,955444,957072,958107,959552,FALSE,FALSE,GAAGGGAGGCGAATG,CGGAGAAAGTGACTA,ATG,-8.39374,11,TRUE,TRUE,-5.65299,10
NZ_CP025209.1,CDS,958107,959552,+,ID=gene-AL06_RS04855;Dbxref=GeneID:69499275;Name=atpD;gbkey=Gene;gene=atpD;gene_biotype=protein_coding;locus_tag=AL06_RS04855;old_locus_tag=CXF52_RS04860,atpD,protein_coding,957126,958103,959566,959937,FALSE,FALSE,CGGAGAAAGTGACTA,AAGTAGAGGAGGCAC,ATG,-5.65299,10,TRUE,TRUE,-10.01615,9
NZ_CP025209.1,CDS,959566,959937,+,ID=gene-AL06_RS04860;Dbxref=GeneID:69499276;Name=AL06_RS04860;gbkey=Gene;gene_biotype=protein_coding;locus_tag=AL06_RS04860;old_locus_tag=CXF52_RS04865,AL06_RS04860,protein_coding,958107,959552,960164,960631,FALSE,FALSE,AAGTAGAGGAGGCAC,CGCCGCAAGGAGCAA,ATG,-10.01615,9,TRUE,TRUE,-6.768055,9
NZ_CP025209.1,CDS,960164,960631,+,ID=gene-AL06_RS04865;Dbxref=GeneID:69499277;Name=AL06_RS04865;gbkey=Gene;gene_biotype=protein_coding;locus_tag=AL06_RS04865;old_locus_tag=CXF52_RS04870,AL06_RS04865,protein_coding,959566,959937,960656,961345,FALSE,FALSE,CGCCGCAAGGAGCAA,ACACGATAGGGTATT,ATG,-6.768055,9,TRUE,TRUE,-4.678055,7
NZ_CP025209.1,CDS,960656,961345,+,ID=gene-AL06_RS04870;Dbxref=GeneID:69499278;Name=nucS;gbkey=Gene;gene=nucS;gene_biotype=protein_coding;locus_tag=AL06_RS04870;old_locus_tag=CXF52_RS04875,nucS,protein_coding,960164,960631,961374,961658,FALSE,FALSE,ACACGATAGGGTATT,TGTGAGAGGTTGATC,ATG,-4.678055,7,TRUE,TRUE,-5.904895,10
NZ_CP025209.1,CDS,961374,961658,+,ID=gene-AL06_RS04875;Dbxref=GeneID:69499279;Name=AL06_RS04875;gbkey=Gene;gene_biotype=protein_coding;locus_tag=AL06_RS04875;old_locus_tag=CXF52_RS04880,AL06_RS04875,protein_coding,960656,961345,962283,962597,FALSE,FALSE,TGTGAGAGGTTGATC,TGAGACTATGCTCAT,GTG,-5.904895,10,TRUE,FALSE,-0.359835,16
NZ_CP025209.1,CDS,961736,962194,-,ID=gene-AL06_RS04880;Dbxref=GeneID:69499280;Name=mce;gbkey=Gene;gene=mce;gene_biotype=protein_coding;locus_tag=AL06_RS04880;old_locus_tag=CXF52_RS04885,mce,protein_coding,962600,963421,943920,945659,FALSE,FALSE,GTAGCTAAAGTTGGA,CACAACTATGGTGAT,ATG,-1.347805,5,FALSE,FALSE,-1.469835,8
NZ_CP025209.1,CDS,962283,962597,+,ID=gene-AL06_RS04885;Dbxref=GeneID:69499281;Name=AL06_RS04885;gbkey=Gene;gene_biotype=protein_coding;locus_tag=AL06_RS04885;old_locus_tag=CXF52_RS04890,AL06_RS04885,protein_coding,961374,961658,965434,966477,FALSE,FALSE,TGAGACTATGCTCAT,TTAGGGTAACCTGTC,ATG,-0.359835,16,FALSE,TRUE,-4.678055,12
NZ_CP025209.1,CDS,962600,963421,-,ID=gene-AL06_RS04890;Dbxref=GeneID:69499282;Name=AL06_RS04890;gbkey=Gene;gene_biotype=protein_coding;locus_tag=AL06_RS04890;old_locus_tag=CXF52_RS04895,AL06_RS04890,protein_coding,963418,964377,961736,962194,TRUE,FALSE,GCGGCTCGAAGGAGA,GTAGCTAAAGTTGGA,ATG,-6.768055,7,TRUE,FALSE,-1.347805,5
NZ_CP025209.1,CDS,963418,964377,-,ID=gene-AL06_RS04895;Dbxref=GeneID:69499283;Name=AL06_RS04895;gbkey=Gene;gene_biotype=protein_coding;locus_tag=AL06_RS04895;old_locus_tag=CXF52_RS04900,AL06_RS04895,protein_coding,964379,965386,962600,963421,FALSE,TRUE,AAACGCAAGGAGATT,GCGGCTCGAAGGAGA,ATG,-6.768055,9,TRUE,TRUE,-6.768055,7
NZ_CP025209.1,CDS,964379,965386,-,ID=gene-AL06_RS04900;Dbxref=GeneID:69499284;Name=AL06_RS04900;gbkey=Gene;gene_biotype=protein_coding;locus_tag=AL06_RS04900;old_locus_tag=CXF52_RS04905,AL06_RS04900,protein_coding,966574,966933,963418,964377,FALSE,FALSE,AATTGGTTAGAATTA,AAACGCAAGGAGATT,ATG,-1.469835,13,FALSE,TRUE,-6.768055,9
NZ_CP025209.1,CDS,965434,966477,+,ID=gene-AL06_RS04905;Dbxref=GeneID:69499285;Name=AL06_RS04905;gbkey=Gene;gene_biotype=protein_coding;locus_tag=AL06_RS04905;old_locus_tag=CXF52_RS04910,AL06_RS04905,protein_coding,962283,962597,967110,968006,FALSE,FALSE,TTAGGGTAACCTGTC,CTGAGGAGTGAAAAA,ATG,-4.678055,12,TRUE,TRUE,-6.768055,13
NZ_CP025209.1,CDS,966574,966933,-,ID=gene-AL06_RS04910;Dbxref=GeneID:69499286;Name=AL06_RS04910;gbkey=Gene;gene_biotype=protein_coding;locus_tag=AL06_RS04910;old_locus_tag=CXF52_RS04915,AL06_RS04910,protein_coding,968411,970609,964379,965386,FALSE,FALSE,AGAAAAGGTCCACAA,AATTGGTTAGAATTA,ATG,-3.82996,11,TRUE,FALSE,-1.469835,13
NZ_CP025209.1,CDS,967110,968006,+,ID=gene-AL06_RS04915;Dbxref=GeneID:69499287;Name=AL06_RS04915;gbkey=Gene;gene_biotype=protein_coding;locus_tag=AL06_RS04915;old_locus_tag=CXF52_RS04920,AL06_RS04915,protein_coding,965434,966477,972816,973664,FALSE,FALSE,CTGAGGAGTGAAAAA,GCACAGTGAGAAATC,ATG,-6.768055,13,TRUE,FALSE,-0.359835,10
NZ_CP025209.1,CDS,968411,970609,-,ID=gene-AL06_RS04925;Dbxref=GeneID:69499288;Name=glgB;gbkey=Gene;gene=glgB;gene_biotype=protein_coding;locus_tag=AL06_RS04925;old_locus_tag=CXF52_RS04930,glgB,protein_coding,970664,972700,966574,966933,FALSE,FALSE,AAAGAAAGTACTTAC,AGAAAAGGTCCACAA,ATG,0.9151,17,FALSE,TRUE,-3.82996,11
NZ_CP025209.1,CDS,970664,972700,-,ID=gene-AL06_RS04930;Dbxref=GeneID:69499289;Name=AL06_RS04930;gbkey=Gene;gene_biotype=protein_coding;locus_tag=AL06_RS04930;old_locus_tag=CXF52_RS04935,AL06_RS04930,protein_coding,977933,978127,968411,970609,FALSE,FALSE,CGCATAGAGGAATCG,AAAGAAAGTACTTAC,ATG,-4.40793,10,TRUE,FALSE,0.9151,17
NZ_CP025209.1,CDS,972816,973664,+,ID=gene-AL06_RS04935;Dbxref=GeneID:69499290;Name=AL06_RS04935;gbkey=Gene;gene_biotype=protein_coding;locus_tag=AL06_RS04935;old_locus_tag=CXF52_RS04940,AL06_RS04935,protein_coding,967110,968006,973743,974552,FALSE,FALSE,GCACAGTGAGAAATC,ATCGAGGTGAGCAAC,ATG,-0.359835,10,FALSE,TRUE,-5.904895,12
NZ_CP025209.1,CDS,973743,974552,+,ID=gene-AL06_RS04940;Dbxref=GeneID:69499291;Name=AL06_RS04940;gbkey=Gene;gene_biotype=protein_coding;locus_tag=AL06_RS04940;old_locus_tag=CXF52_RS04945,AL06_RS04940,protein_coding,972816,973664,974595,975779,FALSE,FALSE,ATCGAGGTGAGCAAC,AAAACGAGAACACCA,ATG,-5.904895,12,TRUE,FALSE,-0.359835,12
NZ_CP025209.1,CDS,974595,975779,+,ID=gene-AL06_RS04945;Dbxref=GeneID:69499292;Name=AL06_RS04945;gbkey=Gene;gene_biotype=protein_coding;locus_tag=AL06_RS04945;old_locus_tag=CXF52_RS04950,AL06_RS04945,protein_coding,973743,974552,975955,976749,FALSE,FALSE,AAAACGAGAACACCA,TGAGGAAGGAATGGC,GTG,-0.359835,12,FALSE,TRUE,-6.91615,7
NZ_CP025209.1,CDS,975955,976749,+,ID=gene-AL06_RS04950;Dbxref=GeneID:69499293;Name=AL06_RS04950;gbkey=Gene;gene_biotype=protein_coding;locus_tag=AL06_RS04950;old_locus_tag=CXF52_RS04955,AL06_RS04950,protein_coding,974595,975779,976767,977720,FALSE,FALSE,TGAGGAAGGAATGGC,AAGGTTTAGGAGAAC,ATG,-6.91615,7,TRUE,TRUE,-6.568055,9
NZ_CP025209.1,CDS,976767,977720,+,ID=gene-AL06_RS04955;Dbxref=GeneID:69499294;Name=AL06_RS04955;gbkey=Gene;gene_biotype=protein_coding;locus_tag=AL06_RS04955;old_locus_tag=CXF52_RS04960,AL06_RS04955,protein_coding,975955,976749,978180,979316,FALSE,FALSE,AAGGTTTAGGAGAAC,GGTAGTAAACTACCT,ATG,-6.568055,9,TRUE,FALSE,-1.669835,17
NZ_CP025209.1,CDS,977933,978127,-,ID=gene-AL06_RS04960;Dbxref=GeneID:69499295;Name=AL06_RS04960;gbkey=Gene;gene_biotype=protein_coding;locus_tag=AL06_RS04960;old_locus_tag=CXF52_RS04965,AL06_RS04960,protein_coding,979313,980161,970664,972700,FALSE,FALSE,CTACGTCCACGCCGC,CGCATAGAGGAATCG,ATG,1.77826,14,FALSE,TRUE,-4.40793,10
NZ_CP025209.1,CDS,978180,979316,+,ID=gene-AL06_RS04965;Dbxref=GeneID:69499296;Name=AL06_RS04965;gbkey=Gene;gene_biotype=protein_coding;locus_tag=AL06_RS04965;old_locus_tag=CXF52_RS04970,AL06_RS04965,protein_coding,976767,977720,980318,981418,FALSE,FALSE,GGTAGTAAACTACCT,GTAGGAGTAAGAGAA,ATG,-1.669835,17,FALSE,TRUE,-6.568055,14
NZ_CP025209.1,CDS,979313,980161,-,ID=gene-AL06_RS04970;Dbxref=GeneID:69499297;Name=AL06_RS04970;gbkey=Gene;gene_biotype=protein_coding;locus_tag=AL06_RS04970;old_locus_tag=CXF52_RS04975,AL06_RS04970,protein_coding,982558,983262,977933,978127,FALSE,FALSE,CGCGTAGCATCGAGT,CTACGTCCACGCCGC,ATG,-0.359835,6,FALSE,FALSE,1.77826,14
NZ_CP025209.1,CDS,980318,981418,+,ID=gene-AL06_RS04975;Dbxref=GeneID:69499298;Name=mnmA;gbkey=Gene;gene=mnmA;gene_biotype=protein_coding;locus_tag=AL06_RS04975;old_locus_tag=CXF52_RS04980,mnmA,protein_coding,978180,979316,981447,982514,FALSE,FALSE,GTAGGAGTAAGAGAA,AAAGAGGTTGGGTCA,ATG,-6.568055,14,TRUE,TRUE,-8.43894,8
NZ_CP025209.1,CDS,981447,982514,+,ID=gene-AL06_RS04980;Dbxref=GeneID:69499299;Name=AL06_RS04980;gbkey=Gene;gene_biotype=protein_coding;locus_tag=AL06_RS04980;old_locus_tag=CXF52_RS04985,AL06_RS04980,protein_coding,980318,981418,983359,985392,FALSE,FALSE,AAAGAGGTTGGGTCA,CCCCGCTACACTGGG,ATG,-8.43894,8,TRUE,FALSE,-2.410585,5
NZ_CP025209.1,CDS,982558,983262,-,ID=gene-AL06_RS04985;Dbxref=GeneID:69499300;Name=AL06_RS04985;gbkey=Gene;gene_biotype=protein_coding;locus_tag=AL06_RS04985;old_locus_tag=CXF52_RS04990,AL06_RS04985,protein_coding,985455,986117,979313,980161,FALSE,FALSE,ATTCTCTAGGGTAAG,CGCGTAGCATCGAGT,ATG,-4.678055,7,TRUE,FALSE,-0.359835,6
NZ_CP025209.1,CDS,983359,985392,+,ID=gene-AL06_RS04990;Dbxref=GeneID:69499301;Name=ligA;gbkey=Gene;gene=ligA;gene_biotype=protein_coding;locus_tag=AL06_RS04990;old_locus_tag=CXF52_RS04995,ligA,protein_coding,981447,982514,986367,986666,FALSE,FALSE,CCCCGCTACACTGGG,TGAGTTAAGGATCGA,GTG,-2.410585,5,FALSE,TRUE,-4.40793,10
NZ_CP025209.1,CDS,985455,986117,-,ID=gene-AL06_RS04995;Dbxref=GeneID:69499302;Name=AL06_RS04995;gbkey=Gene;gene_biotype=protein_coding;locus_tag=AL06_RS04995;old_locus_tag=CXF52_RS05000,AL06_RS04995,protein_coding,988252,988743,982558,983262,FALSE,FALSE,TAAAGGCGCTGATTA,ATTCTCTAGGGTAAG,ATG,-2.332995,15,FALSE,TRUE,-4.678055,7
NZ_CP025209.1,CDS,986367,986666,+,ID=gene-AL06_RS05000;Dbxref=GeneID:69499303;Name=gatC;gbkey=Gene;gene=gatC;gene_biotype=protein_coding;locus_tag=AL06_RS05000;old_locus_tag=CXF52_RS05005,gatC,protein_coding,983359,985392,986666,988150,FALSE,TRUE,TGAGTTAAGGATCGA,TTTTGGGGGAGCAAG,GTG,-4.40793,10,TRUE,TRUE,-6.59374,5
NZ_CP025209.1,CDS,986666,988150,+,ID=gene-AL06_RS05005;Dbxref=GeneID:69499304;Name=gatA;gbkey=Gene;gene=gatA;gene_biotype=protein_coding;locus_tag=AL06_RS05005;old_locus_tag=CXF52_RS05010,gatA,protein_coding,986367,986666,988807,990222,TRUE,FALSE,TTTTGGGGGAGCAAG,TTGTGAAACTAGGAG,ATG,-6.59374,5,TRUE,TRUE,-7.368055,6
NZ_CP025209.1,CDS,988252,988743,-,ID=gene-AL06_RS05010;Dbxref=GeneID:69499305;Name=AL06_RS05010;gbkey=Gene;gene_biotype=protein_coding;locus_tag=AL06_RS05010;old_locus_tag=CXF52_RS05015,AL06_RS05010,protein_coding,990281,990616,985455,986117,FALSE,FALSE,AAATAGTAGACTTGT,TAAAGGCGCTGATTA,ATG,1.1151,15,FALSE,FALSE,-2.332995,15
NZ_CP025209.1,CDS,988807,990222,+,ID=gene-AL06_RS05015;Dbxref=GeneID:69499306;Name=AL06_RS05015;gbkey=Gene;gene_biotype=protein_coding;locus_tag=AL06_RS05015;old_locus_tag=CXF52_RS05020,AL06_RS05015,protein_coding,986666,988150,991016,992056,FALSE,FALSE,TTGTGAAACTAGGAG,TGTAGTTGAAGTTGG,ATG,-7.368055,6,TRUE,FALSE,-0.872870000000002,5
NZ_CP025209.1,CDS,990281,990616,-,ID=gene-AL06_RS05020;Dbxref=GeneID:69499307;Name=AL06_RS05020;gbkey=Gene;gene_biotype=protein_coding;locus_tag=AL06_RS05020;old_locus_tag=CXF52_RS05025,AL06_RS05020,protein_coding,998817,999503,988252,988743,FALSE,FALSE,CTCGCTAAGCTGTTG,AAATAGTAGACTTGT,ATG,0.9151,12,FALSE,FALSE,1.1151,15
NZ_CP025209.1,CDS,991016,992056,+,ID=gene-AL06_RS05025;Dbxref=GeneID:69499308;Name=AL06_RS05025;gbkey=Gene;gene_biotype=protein_coding;locus_tag=AL06_RS05025;old_locus_tag=CXF52_RS05030,AL06_RS05025,protein_coding,988807,990222,992056,992853,FALSE,TRUE,TGTAGTTGAAGTTGG,TTGGGGGACAGGAGT,GTG,-0.872870000000002,5,FALSE,TRUE,-6.468055,7
NZ_CP025209.1,CDS,992056,992853,+,ID=gene-AL06_RS05030;Dbxref=GeneID:69499309;Name=AL06_RS05030;gbkey=Gene;gene_biotype=protein_coding;locus_tag=AL06_RS05030;old_locus_tag=CXF52_RS05035,AL06_RS05030,protein_coding,991016,992056,992865,993929,TRUE,FALSE,TTGGGGGACAGGAGT,AGGAGTAGTTCTCGT,ATG,-6.468055,7,TRUE,TRUE,-8.413115,11
NZ_CP025209.1,CDS,992865,993929,+,ID=gene-AL06_RS05035;Dbxref=GeneID:69499310;Name=AL06_RS05035;gbkey=Gene;gene_biotype=protein_coding;locus_tag=AL06_RS05035;old_locus_tag=CXF52_RS05040,AL06_RS05035,protein_coding,992056,992853,994037,994744,FALSE,FALSE,AGGAGTAGTTCTCGT,ATCCTAGCGGGAGGT,ATG,-8.413115,11,TRUE,TRUE,-10.02728,5
NZ_CP025209.1,CDS,994037,994744,+,ID=gene-AL06_RS05040;Dbxref=GeneID:69499311;Name=AL06_RS05040;gbkey=Gene;gene_biotype=protein_coding;locus_tag=AL06_RS05040;old_locus_tag=CXF52_RS05045,AL06_RS05040,protein_coding,992865,993929,994944,995972,FALSE,FALSE,ATCCTAGCGGGAGGT,AAGCGCTACACTGAG,ATG,-10.02728,5,TRUE,FALSE,-1.159835,5
NZ_CP025209.1,CDS,994944,995972,+,ID=gene-AL06_RS05045;Dbxref=GeneID:69499312;Name=AL06_RS05045;gbkey=Gene;gene_biotype=protein_coding;locus_tag=AL06_RS05045;old_locus_tag=CXF52_RS05050,AL06_RS05045,protein_coding,994037,994744,996080,997585,FALSE,FALSE,AAGCGCTACACTGAG,GGCATTAGACTATTT,ATG,-1.159835,5,FALSE,FALSE,0.727129999999998,18
NZ_CP025209.1,CDS,996080,997585,+,ID=gene-AL06_RS05050;Dbxref=GeneID:69499313;Name=gatB;gbkey=Gene;gene=gatB;gene_biotype=protein_coding;locus_tag=AL06_RS05050;old_locus_tag=CXF52_RS05055,gatB,protein_coding,994944,995972,997691,998788,FALSE,FALSE,GGCATTAGACTATTT,GCGCGCACAATAGGG,ATG,0.727129999999998,18,FALSE,TRUE,-4.256165,6
NZ_CP025209.1,CDS,997691,998788,+,ID=gene-AL06_RS05055;Dbxref=GeneID:69499314;Name=AL06_RS05055;gbkey=Gene;gene_biotype=protein_coding;locus_tag=AL06_RS05055;old_locus_tag=CXF52_RS05060,AL06_RS05055,protein_coding,996080,997585,999574,1000455,FALSE,FALSE,GCGCGCACAATAGGG,GTTGGGTTAGAATTG,ATG,-4.256165,6,TRUE,FALSE,-3.00755,13
NZ_CP025209.1,CDS,998817,999503,-,ID=gene-AL06_RS05060;Dbxref=GeneID:69499315;Name=AL06_RS05060;gbkey=Gene;gene_biotype=protein_coding;locus_tag=AL06_RS05060;old_locus_tag=CXF52_RS05065,AL06_RS05060,protein_coding,1000466,1001548,990281,990616,FALSE,FALSE,GAGGAGCATATTGCT,CTCGCTAAGCTGTTG,ATG,-6.768055,15,TRUE,FALSE,0.9151,12
NZ_CP025209.1,CDS,999574,1000455,+,ID=gene-AL06_RS05065;Dbxref=GeneID:69499316;Name=AL06_RS05065;gbkey=Gene;gene_biotype=protein_coding;locus_tag=AL06_RS05065;old_locus_tag=CXF52_RS05070,AL06_RS05065,protein_coding,997691,998788,1001686,1002372,FALSE,FALSE,GTTGGGTTAGAATTG,GGCAGGATTTGCAGT,ATG,-3.00755,13,FALSE,TRUE,-4.74969,6
NZ_CP025209.1,CDS,1000466,1001548,-,ID=gene-AL06_RS05070;Dbxref=GeneID:69499317;Name=AL06_RS05070;gbkey=Gene;gene_biotype=protein_coding;locus_tag=AL06_RS05070;old_locus_tag=CXF52_RS05075,AL06_RS05070,protein_coding,1003656,1005497,998817,999503,FALSE,FALSE,TTCAACACACTTTAC,GAGGAGCATATTGCT,ATG,3.775225,7,FALSE,TRUE,-6.768055,15
NZ_CP025209.1,CDS,1001686,1002372,+,ID=gene-AL06_RS05075;Dbxref=GeneID:69499318;Name=AL06_RS05075;gbkey=Gene;gene_biotype=protein_coding;locus_tag=AL06_RS05075;old_locus_tag=CXF52_RS05080,AL06_RS05075,protein_coding,999574,1000455,1002452,1003579,FALSE,FALSE,GGCAGGATTTGCAGT,AACCCCTACGCTGGT,ATG,-4.74969,6,TRUE,FALSE,-0.806410000000001,5
NZ_CP025209.1,CDS,1002452,1003579,+,ID=gene-AL06_RS05080;Dbxref=GeneID:69499319;Name=AL06_RS05080;gbkey=Gene;gene_biotype=protein_coding;locus_tag=AL06_RS05080;old_locus_tag=CXF52_RS05085,AL06_RS05080,protein_coding,1001686,1002372,1006658,1008616,FALSE,FALSE,AACCCCTACGCTGGT,TCCCGTCGCGGGAGG,ATG,-0.806410000000001,5,FALSE,TRUE,-10.09374,5
NZ_CP025209.1,CDS,1003656,1005497,-,ID=gene-AL06_RS05085;Dbxref=GeneID:69499320;Name=ilvD;gbkey=Gene;gene=ilvD;gene_biotype=protein_coding;locus_tag=AL06_RS05085;old_locus_tag=CXF52_RS05090,ilvD,protein_coding,1005786,1006271,1000466,1001548,FALSE,FALSE,TTCACAGGATCGAGA,TTCAACACACTTTAC,ATG,-4.10793,12,TRUE,FALSE,3.775225,7
NZ_CP025209.1,CDS,1005786,1006271,-,ID=gene-AL06_RS05090;Dbxref=GeneID:69499321;Name=AL06_RS05090;gbkey=Gene;gene_biotype=protein_coding;locus_tag=AL06_RS05090;old_locus_tag=CXF52_RS05095,AL06_RS05090,protein_coding,1021400,1022533,1003656,1005497,FALSE,FALSE,TGCATTAGGATTACA,TTCACAGGATCGAGA,ATG,-4.20793,11,TRUE,TRUE,-4.10793,12
NZ_CP025209.1,CDS,1006658,1008616,+,ID=gene-AL06_RS05095;Dbxref=GeneID:69499322;Name=AL06_RS05095;gbkey=Gene;gene_biotype=protein_coding;locus_tag=AL06_RS05095;old_locus_tag=CXF52_RS05100,AL06_RS05095,protein_coding,1002452,1003579,1008632,1009156,FALSE,FALSE,TCCCGTCGCGGGAGG,CTAGAAAAGGAGCAC,ATG,-10.09374,5,TRUE,TRUE,-6.768055,9
NZ_CP025209.1,CDS,1008632,1009156,+,ID=gene-AL06_RS05100;Dbxref=GeneID:69499323;Name=ilvN;gbkey=Gene;gene=ilvN;gene_biotype=protein_coding;locus_tag=AL06_RS05100;old_locus_tag=CXF52_RS05105,ilvN,protein_coding,1006658,1008616,1009276,1010289,FALSE,FALSE,CTAGAAAAGGAGCAC,ACGAAAGGACTCCAT,ATG,-6.768055,9,TRUE,TRUE,-4.40793,12
NZ_CP025209.1,CDS,1009276,1010289,+,ID=gene-AL06_RS05105;Dbxref=GeneID:69499324;Name=ilvC;gbkey=Gene;gene=ilvC;gene_biotype=protein_coding;locus_tag=AL06_RS05105;old_locus_tag=CXF52_RS05110,ilvC,protein_coding,1008632,1009156,1010412,1011362,FALSE,FALSE,ACGAAAGGACTCCAT,TTTCAATAAAGTGTA,ATG,-4.40793,12,TRUE,FALSE,0.9151,10
NZ_CP025209.1,CDS,1010412,1011362,+,ID=gene-AL06_RS05110;Dbxref=GeneID:69499325;Name=AL06_RS05110;gbkey=Gene;gene_biotype=protein_coding;locus_tag=AL06_RS05110;old_locus_tag=CXF52_RS05115,AL06_RS05110,protein_coding,1009276,1010289,1011415,1013223,FALSE,FALSE,TTTCAATAAAGTGTA,CCGCGTTAGTATCAA,ATG,0.9151,10,FALSE,FALSE,1.1151,12
NZ_CP025209.1,CDS,1011415,1013223,+,ID=gene-AL06_RS05115;Dbxref=GeneID:69499326;Name=AL06_RS05115;gbkey=Gene;gene_biotype=protein_coding;locus_tag=AL06_RS05115;old_locus_tag=CXF52_RS05120,AL06_RS05115,protein_coding,1010412,1011362,1013330,1014760,FALSE,FALSE,CCGCGTTAGTATCAA,GCGCCGGGATAAAGT,ATG,1.1151,12,FALSE,FALSE,-2.78552,11
NZ_CP025209.1,CDS,1013330,1014760,+,ID=gene-AL06_RS05120;Dbxref=GeneID:69499327;Name=AL06_RS05120;gbkey=Gene;gene_biotype=protein_coding;locus_tag=AL06_RS05120;old_locus_tag=CXF52_RS05125,AL06_RS05120,protein_coding,1011415,1013223,1014923,1016518,FALSE,FALSE,GCGCCGGGATAAAGT,TAATTTCCAGGAGAA,ATG,-2.78552,11,FALSE,TRUE,-6.468055,8
NZ_CP025209.1,CDS,1014923,1016518,+,ID=gene-AL06_RS05125;Dbxref=GeneID:69499328;Name=serA;gbkey=Gene;gene=serA;gene_biotype=protein_coding;locus_tag=AL06_RS05125;old_locus_tag=CXF52_RS05130,serA,protein_coding,1013330,1014760,1016660,1017679,FALSE,FALSE,TAATTTCCAGGAGAA,GGAAGTGAGGTTCCA,GTG,-6.468055,8,TRUE,TRUE,-5.904895,9
NZ_CP025209.1,CDS,1016660,1017679,+,ID=gene-AL06_RS05130;Dbxref=GeneID:69499329;Name=AL06_RS05130;gbkey=Gene;gene_biotype=protein_coding;locus_tag=AL06_RS05130;old_locus_tag=CXF52_RS05135,AL06_RS05130,protein_coding,1014923,1016518,1017761,1018075,FALSE,FALSE,GGAAGTGAGGTTCCA,GCAACACATCCGCCA,ATG,-5.904895,9,TRUE,FALSE,3.875225,11
NZ_CP025209.1,CDS,1017761,1018075,+,ID=gene-AL06_RS05135;Dbxref=GeneID:69499330;Name=AL06_RS05135;gbkey=Gene;gene_biotype=protein_coding;locus_tag=AL06_RS05135;old_locus_tag=CXF52_RS05140,AL06_RS05135,protein_coding,1016660,1017679,1018085,1018324,FALSE,FALSE,GCAACACATCCGCCA,CTCCCATTAGTCTCG,GTG,3.875225,11,FALSE,FALSE,1.1151,11
NZ_CP025209.1,CDS,1018085,1018324,+,ID=gene-AL06_RS05140;Dbxref=GeneID:69499331;Name=AL06_RS05140;gbkey=Gene;gene_biotype=protein_coding;locus_tag=AL06_RS05140;old_locus_tag=CXF52_RS05145,AL06_RS05140,protein_coding,1017761,1018075,1018653,1018994,FALSE,FALSE,CTCCCATTAGTCTCG,AGTCAGTGCACTGCT,ATG,1.1151,11,FALSE,FALSE,1.2151,15
NZ_CP025209.1,CDS,1018653,1018994,+,ID=gene-AL06_RS05150;Dbxref=GeneID:69499332;Name=AL06_RS05150;gbkey=Gene;gene_biotype=protein_coding;locus_tag=AL06_RS05150;old_locus_tag=CXF52_RS05155,AL06_RS05150,protein_coding,1018085,1018324,1019136,1019306,FALSE,FALSE,AGTCAGTGCACTGCT,TGCTTTTGATTTTCT,GTG,1.2151,15,FALSE,FALSE,2.00029,11
NZ_CP025209.1,CDS,1019136,1019306,+,ID=gene-AL06_RS05155;Dbxref=GeneID:69499333;Name=AL06_RS05155;gbkey=Gene;gene_biotype=protein_coding;locus_tag=AL06_RS05155;old_locus_tag=CXF52_RS05160,AL06_RS05155,protein_coding,1018653,1018994,1019324,1019503,FALSE,FALSE,TGCTTTTGATTTTCT,GAGGCTATTGGCTGT,ATG,2.00029,11,FALSE,TRUE,-3.81615,10
NZ_CP025209.1,CDS,1019324,1019503,+,ID=gene-AL06_RS05160;Dbxref=GeneID:69499334;Name=AL06_RS05160;gbkey=Gene;gene_biotype=protein_coding;locus_tag=AL06_RS05160;old_locus_tag=CXF52_RS05165,AL06_RS05160,protein_coding,1019136,1019306,1019718,1019882,FALSE,FALSE,GAGGCTATTGGCTGT,CGCCGTTATCAGAAA,ATG,-3.81615,10,TRUE,FALSE,1.2151,9
NZ_CP025209.1,CDS,1019718,1019882,+,ID=gene-AL06_RS12095;Dbxref=GeneID:69500601;Name=AL06_RS12095;gbkey=Gene;gene_biotype=protein_coding;locus_tag=AL06_RS12095,AL06_RS12095,protein_coding,1019324,1019503,1019956,1020753,FALSE,FALSE,CGCCGTTATCAGAAA,ATTCGGTAGGATCGC,ATG,1.2151,9,FALSE,TRUE,-4.20793,10
NZ_CP025209.1,CDS,1019956,1020753,+,ID=gene-AL06_RS05175;Dbxref=GeneID:69499335;Name=AL06_RS05175;gbkey=Gene;gene_biotype=protein_coding;locus_tag=AL06_RS05175;old_locus_tag=CXF52_RS05180,AL06_RS05175,protein_coding,1019718,1019882,1022563,1024056,FALSE,FALSE,ATTCGGTAGGATCGC,TCTAGTGCACTAGTC,ATG,-4.20793,10,TRUE,FALSE,1.1151,16
NZ_CP025209.1,CDS,1021400,1022533,-,ID=gene-AL06_RS05185;Dbxref=GeneID:69499337;Name=AL06_RS05185;gbkey=Gene;gene_biotype=protein_coding;locus_tag=AL06_RS05185;old_locus_tag=CXF52_RS05190,AL06_RS05185,protein_coding,1025608,1025796,1005786,1006271,FALSE,FALSE,TGCACTAGACTGGCA,TGCATTAGGATTACA,ATG,0.827129999999999,7,FALSE,TRUE,-4.20793,11
NZ_CP025209.1,CDS,1022563,1024056,+,ID=gene-AL06_RS05190;Dbxref=GeneID:69499338;Name=gltX;gbkey=Gene;gene=gltX;gene_biotype=protein_coding;locus_tag=AL06_RS05190;old_locus_tag=CXF52_RS05195,gltX,protein_coding,1019956,1020753,1024149,1025252,FALSE,FALSE,TCTAGTGCACTAGTC,TATTGAATATGTTGC,ATG,1.1151,16,FALSE,FALSE,1.77826,8
NZ_CP025209.1,CDS,1024149,1025252,+,ID=gene-AL06_RS05195;Dbxref=GeneID:69499339;Name=AL06_RS05195;gbkey=Gene;gene_biotype=protein_coding;locus_tag=AL06_RS05195;old_locus_tag=CXF52_RS05200,AL06_RS05195,protein_coding,1022563,1024056,1025354,1025425,FALSE,FALSE,TATTGAATATGTTGC,GAGCAAGCTGGTAGA,GTG,1.77826,8,FALSE,FALSE,-1.569835,8
NZ_CP025209.1,tRNA,1025354,1025425,+,ID=gene-AL06_RS05200;Dbxref=GeneID:69499340;Name=AL06_RS05200;gbkey=Gene;gene_biotype=tRNA;locus_tag=AL06_RS05200;old_locus_tag=CXF52_RS05205,AL06_RS05200,tRNA,1024149,1025252,1025459,1025531,FALSE,FALSE,GAGCAAGCTGGTAGA,TAACTTGAAAAAGTT,TGG,-1.569835,8,FALSE,FALSE,0.9151,8
NZ_CP025209.1,tRNA,1025459,1025531,+,ID=gene-AL06_RS05205;Dbxref=GeneID:69499341;Name=AL06_RS05205;gbkey=Gene;gene_biotype=tRNA;locus_tag=AL06_RS05205;old_locus_tag=CXF52_RS05210,AL06_RS05205,tRNA,1025354,1025425,1025895,1026305,FALSE,FALSE,TAACTTGAAAAAGTT,CGTTATCGGCTGGAT,GCC,0.9151,8,FALSE,FALSE,-1.247805,6
NZ_CP025209.1,CDS,1025608,1025796,-,ID=gene-AL06_RS05210;Dbxref=GeneID:69499342;Name=AL06_RS05210;gbkey=Gene;gene_biotype=protein_coding;locus_tag=AL06_RS05210;old_locus_tag=CXF52_RS05215,AL06_RS05210,protein_coding,1032444,1032833,1021400,1022533,FALSE,FALSE,TCAACCCAGTCGTGA,TGCACTAGACTGGCA,GTG,1.2151,12,FALSE,FALSE,0.827129999999999,7
NZ_CP025209.1,CDS,1025895,1026305,+,ID=gene-AL06_RS12100;Dbxref=GeneID:69500602;Name=AL06_RS12100;gbkey=Gene;gene_biotype=protein_coding;locus_tag=AL06_RS12100,AL06_RS12100,protein_coding,1025459,1025531,1026956,1027147,FALSE,FALSE,CGTTATCGGCTGGAT,CGCAACATTTGCCGT,ATG,-1.247805,6,FALSE,FALSE,2.441685,5
NZ_CP025209.1,CDS,1026956,1027147,+,ID=gene-AL06_RS12110;Dbxref=GeneID:69500604;Name=AL06_RS12110;gbkey=Gene;gene_biotype=protein_coding;locus_tag=AL06_RS12110,AL06_RS12110,protein_coding,1025895,1026305,1027324,1027896,FALSE,FALSE,CGCAACATTTGCCGT,TGTTTTAGGGGAAAC,ATG,2.441685,5,FALSE,TRUE,-5.79388,10
NZ_CP025209.1,CDS,1027324,1027896,+,ID=gene-AL06_RS12115;Dbxref=GeneID:69500605;Name=AL06_RS12115;gbkey=Gene;gene_biotype=protein_coding;locus_tag=AL06_RS12115,AL06_RS12115,protein_coding,1026956,1027147,1028164,1028784,FALSE,FALSE,TGTTTTAGGGGAAAC,CGATTTTGAACACGT,ATG,-5.79388,10,TRUE,FALSE,2.00029,17
NZ_CP025209.1,CDS,1028164,1028784,+,ID=gene-AL06_RS12120;Dbxref=GeneID:69500606;Name=AL06_RS12120;gbkey=Gene;gene_biotype=protein_coding;locus_tag=AL06_RS12120,AL06_RS12120,protein_coding,1027324,1027896,1028988,1029152,FALSE,FALSE,CGATTTTGAACACGT,CAAGCGAAAAGGAGG,GTG,2.00029,17,FALSE,TRUE,-11.71615,6
NZ_CP025209.1,CDS,1028988,1029152,+,ID=gene-AL06_RS11850;Dbxref=GeneID:69500556;Name=AL06_RS11850;gbkey=Gene;gene_biotype=protein_coding;locus_tag=AL06_RS11850,AL06_RS11850,protein_coding,1028164,1028784,1029476,1029548,FALSE,FALSE,CAAGCGAAAAGGAGG,CATGTGAAATGTCGA,GTG,-11.71615,6,TRUE,FALSE,1.77826,15
NZ_CP025209.1,tRNA,1029476,1029548,+,ID=gene-AL06_RS05225;Dbxref=GeneID:69499343;Name=AL06_RS05225;gbkey=Gene;gene_biotype=tRNA;locus_tag=AL06_RS05225;old_locus_tag=CXF52_RS05230,AL06_RS05225,tRNA,1028988,1029152,1029681,1032434,FALSE,FALSE,CATGTGAAATGTCGA,GGTGATCTGCGCTAC,GCC,1.77826,15,FALSE,FALSE,-1.569835,17
NZ_CP025209.1,CDS,1029681,1032434,+,ID=gene-AL06_RS05230;Dbxref=GeneID:69499344;Name=ppc;gbkey=Gene;gene=ppc;gene_biotype=protein_coding;locus_tag=AL06_RS05230;old_locus_tag=CXF52_RS05235,ppc,protein_coding,1029476,1029548,1033950,1034507,FALSE,FALSE,GGTGATCTGCGCTAC,GTTAGCTTAGGATGA,ATG,-1.569835,17,FALSE,TRUE,-4.20793,9
NZ_CP025209.1,CDS,1032444,1032833,-,ID=gene-AL06_RS05235;Dbxref=GeneID:69499345;Name=AL06_RS05235;gbkey=Gene;gene_biotype=protein_coding;locus_tag=AL06_RS05235;old_locus_tag=CXF52_RS05240,AL06_RS05235,protein_coding,1032877,1033869,1025608,1025796,FALSE,FALSE,TGTTTTAGGATGTTT,TCAACCCAGTCGTGA,GTG,-4.20793,11,TRUE,FALSE,1.2151,12
NZ_CP025209.1,CDS,1032877,1033869,-,ID=gene-AL06_RS05240;Dbxref=GeneID:69499346;Name=bioB;gbkey=Gene;gene=bioB;gene_biotype=protein_coding;locus_tag=AL06_RS05240;old_locus_tag=CXF52_RS05245,bioB,protein_coding,1034518,1035243,1032444,1032833,FALSE,FALSE,AAGGTGTTCAATAGG,TGTTTTAGGATGTTT,ATG,-6.41615,6,TRUE,TRUE,-4.20793,11
NZ_CP025209.1,CDS,1033950,1034507,+,ID=gene-AL06_RS05245;Dbxref=GeneID:69499347;Name=AL06_RS05245;gbkey=Gene;gene_biotype=protein_coding;locus_tag=AL06_RS05245;old_locus_tag=CXF52_RS05250,AL06_RS05245,protein_coding,1029681,1032434,1035333,1036775,FALSE,FALSE,GTTAGCTTAGGATGA,AGAAGAGGTGATTCG,ATG,-4.20793,9,TRUE,TRUE,-5.904895,11
NZ_CP025209.1,CDS,1034518,1035243,-,ID=gene-AL06_RS05250;Dbxref=GeneID:69499348;Name=AL06_RS05250;gbkey=Gene;gene_biotype=protein_coding;locus_tag=AL06_RS05250;old_locus_tag=CXF52_RS05255,AL06_RS05250,protein_coding,1037456,1038466,1032877,1033869,FALSE,FALSE,GAATGCTAATATTCA,AAGGTGTTCAATAGG,ATG,1.80029,18,FALSE,TRUE,-6.41615,6
NZ_CP025209.1,CDS,1035333,1036775,+,ID=gene-AL06_RS05255;Dbxref=GeneID:69499349;Name=leuC;gbkey=Gene;gene=leuC;gene_biotype=protein_coding;locus_tag=AL06_RS05255;old_locus_tag=CXF52_RS05260,leuC,protein_coding,1033950,1034507,1036787,1037377,FALSE,FALSE,AGAAGAGGTGATTCG,TGGACTAAGGAAGAA,ATG,-5.904895,11,TRUE,TRUE,-4.40793,10
NZ_CP025209.1,CDS,1036787,1037377,+,ID=gene-AL06_RS05260;Dbxref=GeneID:69499350;Name=leuD;gbkey=Gene;gene=leuD;gene_biotype=protein_coding;locus_tag=AL06_RS05260;old_locus_tag=CXF52_RS05265,leuD,protein_coding,1035333,1036775,1038661,1039656,FALSE,FALSE,TGGACTAAGGAAGAA,GCGAATTAGGAGGCA,ATG,-4.40793,10,TRUE,TRUE,-9.81615,8
NZ_CP025209.1,CDS,1037456,1038466,-,ID=gene-AL06_RS05265;Dbxref=GeneID:69499351;Name=AL06_RS05265;gbkey=Gene;gene_biotype=protein_coding;locus_tag=AL06_RS05265;old_locus_tag=CXF52_RS05270,AL06_RS05265,protein_coding,1040783,1041721,1034518,1035243,FALSE,FALSE,AGAAAGGTCACGCAT,GAATGCTAATATTCA,ATG,-3.82996,12,TRUE,FALSE,1.80029,18
NZ_CP025209.1,CDS,1038661,1039656,+,ID=gene-AL06_RS05270;Dbxref=GeneID:69499352;Name=AL06_RS05270;gbkey=Gene;gene_biotype=protein_coding;locus_tag=AL06_RS05270;old_locus_tag=CXF52_RS05275,AL06_RS05270,protein_coding,1036787,1037377,1039679,1040776,FALSE,FALSE,GCGAATTAGGAGGCA,CAGGGTAGAGTTTCC,ATG,-9.81615,8,TRUE,TRUE,-5.013115,10
NZ_CP025209.1,CDS,1039679,1040776,+,ID=gene-AL06_RS05275;Dbxref=GeneID:69499353;Name=AL06_RS05275;gbkey=Gene;gene_biotype=protein_coding;locus_tag=AL06_RS05275;old_locus_tag=CXF52_RS05280,AL06_RS05275,protein_coding,1038661,1039656,1041813,1042802,FALSE,FALSE,CAGGGTAGAGTTTCC,CCGAGGAGTACCCAC,GTG,-5.013115,10,TRUE,TRUE,-6.768055,13
NZ_CP025209.1,CDS,1040783,1041721,-,ID=gene-AL06_RS05280;Dbxref=GeneID:69499354;Name=AL06_RS05280;gbkey=Gene;gene_biotype=protein_coding;locus_tag=AL06_RS05280;old_locus_tag=CXF52_RS05285,AL06_RS05280,protein_coding,1049143,1049910,1037456,1038466,FALSE,FALSE,TCTGATCTACTATGT,AGAAAGGTCACGCAT,ATG,2.00029,15,FALSE,TRUE,-3.82996,12
NZ_CP025209.1,CDS,1041813,1042802,+,ID=gene-AL06_RS05285;Dbxref=GeneID:69499355;Name=AL06_RS05285;gbkey=Gene;gene_biotype=protein_coding;locus_tag=AL06_RS05285;old_locus_tag=CXF52_RS05290,AL06_RS05285,protein_coding,1039679,1040776,1042805,1043473,FALSE,FALSE,CCGAGGAGTACCCAC,GATGGGTGAGCTTTT,GTG,-6.768055,13,TRUE,FALSE,-3.00755,13
NZ_CP025209.1,CDS,1042805,1043473,+,ID=gene-AL06_RS05290;Dbxref=GeneID:69499356;Name=AL06_RS05290;gbkey=Gene;gene_biotype=protein_coding;locus_tag=AL06_RS05290;old_locus_tag=CXF52_RS05295,AL06_RS05290,protein_coding,1041813,1042802,1043528,1045144,FALSE,FALSE,GATGGGTGAGCTTTT,ACCACTACACTATTT,ATG,-3.00755,13,FALSE,FALSE,3.775225,14
NZ_CP025209.1,CDS,1043528,1045144,+,ID=gene-AL06_RS05295;Dbxref=GeneID:69499357;Name=AL06_RS05295;gbkey=Gene;gene_biotype=protein_coding;locus_tag=AL06_RS05295;old_locus_tag=CXF52_RS05300,AL06_RS05295,protein_coding,1042805,1043473,1045149,1047263,FALSE,FALSE,ACCACTACACTATTT,ATCGGAGTGGAATAA,ATG,3.775225,14,FALSE,TRUE,-3.756025,10
NZ_CP025209.1,CDS,1045149,1047263,+,ID=gene-AL06_RS05300;Dbxref=GeneID:69499358;Name=AL06_RS05300;gbkey=Gene;gene_biotype=protein_coding;locus_tag=AL06_RS05300;old_locus_tag=CXF52_RS05305,AL06_RS05300,protein_coding,1043528,1045144,1047291,1047512,FALSE,FALSE,ATCGGAGTGGAATAA,ATGCGATAAAGTAAC,ATG,-3.756025,10,TRUE,FALSE,0.9151,10
NZ_CP025209.1,CDS,1047291,1047512,+,ID=gene-AL06_RS05305;Dbxref=GeneID:69499359;Name=AL06_RS05305;gbkey=Gene;gene_biotype=protein_coding;locus_tag=AL06_RS05305;old_locus_tag=CXF52_RS05310,AL06_RS05305,protein_coding,1045149,1047263,1047509,1048087,FALSE,TRUE,ATGCGATAAAGTAAC,TCGTGAGTCAGGAGA,ATG,0.9151,10,FALSE,TRUE,-6.468055,7
NZ_CP025209.1,CDS,1047509,1048087,+,ID=gene-AL06_RS05310;Dbxref=GeneID:69499360;Name=rsmD;gbkey=Gene;gene=rsmD;gene_biotype=protein_coding;locus_tag=AL06_RS05310;old_locus_tag=CXF52_RS05315,rsmD,protein_coding,1047291,1047512,1048095,1048574,TRUE,FALSE,TCGTGAGTCAGGAGA,GTAGAGGAGTAAAAA,ATG,-6.468055,7,TRUE,TRUE,-6.768055,12
NZ_CP025209.1,CDS,1048095,1048574,+,ID=gene-AL06_RS05315;Dbxref=GeneID:69499361;Name=coaD;gbkey=Gene;gene=coaD;gene_biotype=protein_coding;locus_tag=AL06_RS05315;old_locus_tag=CXF52_RS05320,coaD,protein_coding,1047509,1048087,1053172,1055871,FALSE,FALSE,GTAGAGGAGTAAAAA,GGAGGGTGGATTCGG,ATG,-6.768055,12,TRUE,TRUE,-6.956025,15
NZ_CP025209.1,CDS,1049143,1049910,-,ID=gene-AL06_RS05320;Dbxref=GeneID:69499362;Name=AL06_RS05320;gbkey=Gene;gene_biotype=protein_coding;locus_tag=AL06_RS05320;old_locus_tag=CXF52_RS05325,AL06_RS05320,protein_coding,1049914,1050858,1040783,1041721,FALSE,FALSE,TAAGAAAGGCGCCTA,TCTGATCTACTATGT,ATG,-2.332995,12,FALSE,FALSE,2.00029,15
NZ_CP025209.1,CDS,1049914,1050858,-,ID=gene-AL06_RS05325;Dbxref=GeneID:69499363;Name=AL06_RS05325;gbkey=Gene;gene_biotype=protein_coding;locus_tag=AL06_RS05325;old_locus_tag=CXF52_RS05330,AL06_RS05325,protein_coding,1050916,1051809,1049143,1049910,FALSE,FALSE,TCGTTAAAAGGACTT,TAAGAAAGGCGCCTA,ATG,-4.40793,9,TRUE,FALSE,-2.332995,12
NZ_CP025209.1,CDS,1050916,1051809,-,ID=gene-AL06_RS05330;Dbxref=GeneID:69499364;Name=AL06_RS05330;gbkey=Gene;gene_biotype=protein_coding;locus_tag=AL06_RS05330;old_locus_tag=CXF52_RS05335,AL06_RS05330,protein_coding,1051879,1052811,1049914,1050858,FALSE,FALSE,TCACGGTATTATTTT,TCGTTAAAAGGACTT,ATG,-1.569835,13,FALSE,TRUE,-4.40793,9
NZ_CP025209.1,CDS,1051879,1052811,-,ID=gene-AL06_RS05335;Dbxref=GeneID:69499365;Name=AL06_RS05335;gbkey=Gene;gene_biotype=protein_coding;locus_tag=AL06_RS05335;old_locus_tag=CXF52_RS05340,AL06_RS05335,protein_coding,1053024,1053100,1050916,1051809,FALSE,FALSE,GAGACGAGAAAGTAG,TCACGGTATTATTTT,ATG,-2.504895,7,FALSE,FALSE,-1.569835,13
NZ_CP025209.1,tRNA,1053024,1053100,-,ID=gene-AL06_RS05340;Dbxref=GeneID:69499366;Name=AL06_RS05340;gbkey=Gene;gene_biotype=tRNA;locus_tag=AL06_RS05340;old_locus_tag=CXF52_RS05345,AL06_RS05340,tRNA,1055921,1056688,1051879,1052811,FALSE,FALSE,GTTTATAGTTCTTTC,GAGACGAGAAAGTAG,GCC,1.1151,13,FALSE,FALSE,-2.504895,7
NZ_CP025209.1,CDS,1053172,1055871,+,ID=gene-AL06_RS05345;Dbxref=GeneID:69499367;Name=polA;gbkey=Gene;gene=polA;gene_biotype=protein_coding;locus_tag=AL06_RS05345;old_locus_tag=CXF52_RS05350,polA,protein_coding,1048095,1048574,1056899,1058359,FALSE,FALSE,GGAGGGTGGATTCGG,TTTCGGAGCATTTAT,ATG,-6.956025,15,TRUE,TRUE,-3.60793,12
NZ_CP025209.1,CDS,1055921,1056688,-,ID=gene-AL06_RS05350;Dbxref=GeneID:69499368;Name=AL06_RS05350;gbkey=Gene;gene_biotype=protein_coding;locus_tag=AL06_RS05350;old_locus_tag=CXF52_RS05355,AL06_RS05350,protein_coding,1058443,1059855,1053024,1053100,FALSE,FALSE,GAATAGAAAAGAATA,GTTTATAGTTCTTTC,ATG,0.9151,10,FALSE,FALSE,1.1151,13
NZ_CP025209.1,CDS,1056899,1058359,+,ID=gene-AL06_RS05355;Dbxref=GeneID:69499369;Name=rpsA;gbkey=Gene;gene=rpsA;gene_biotype=protein_coding;locus_tag=AL06_RS05355;old_locus_tag=CXF52_RS05360,rpsA,protein_coding,1053172,1055871,1063426,1064028,FALSE,FALSE,TTTCGGAGCATTTAT,GGTTGGGTACAGTAC,ATG,-3.60793,12,TRUE,FALSE,-3.10755,12
NZ_CP025209.1,CDS,1058443,1059855,-,ID=gene-AL06_RS05360;Dbxref=GeneID:69499370;Name=dcuC;gbkey=Gene;gene=dcuC;gene_biotype=protein_coding;locus_tag=AL06_RS05360;old_locus_tag=CXF52_RS05365,dcuC,protein_coding,1060075,1060902,1055921,1056688,FALSE,FALSE,TGTCGAAGGACCTCA,GAATAGAAAAGAATA,GTG,-4.40793,11,TRUE,FALSE,0.9151,10
NZ_CP025209.1,CDS,1060075,1060902,-,ID=gene-AL06_RS05365;Dbxref=GeneID:69499371;Name=AL06_RS05365;gbkey=Gene;gene_biotype=protein_coding;locus_tag=AL06_RS05365;old_locus_tag=CXF52_RS05370,AL06_RS05365,protein_coding,1061014,1063044,1058443,1059855,FALSE,FALSE,TGCTTTAGAATGAAT,TGTCGAAGGACCTCA,ATG,1.1151,13,FALSE,TRUE,-4.40793,11
NZ_CP025209.1,CDS,1061014,1063044,-,ID=gene-AL06_RS05370;Dbxref=GeneID:69499372;Name=AL06_RS05370;gbkey=Gene;gene_biotype=protein_coding;locus_tag=AL06_RS05370;old_locus_tag=CXF52_RS05375,AL06_RS05370,protein_coding,1068312,1070624,1060075,1060902,FALSE,FALSE,TAAATGAAAGGAAAA,TGCTTTAGAATGAAT,ATG,-4.40793,9,TRUE,FALSE,1.1151,13
NZ_CP025209.1,CDS,1063426,1064028,+,ID=gene-AL06_RS05375;Dbxref=GeneID:69499373;Name=coaE;gbkey=Gene;gene=coaE;gene_biotype=protein_coding;locus_tag=AL06_RS05375;old_locus_tag=CXF52_RS05380,coaE,protein_coding,1056899,1058359,1064215,1065447,FALSE,FALSE,GGTTGGGTACAGTAC,AGCCGGAGGTCAACG,ATG,-3.10755,12,FALSE,TRUE,-9.15299,10
NZ_CP025209.1,CDS,1064215,1065447,+,ID=gene-AL06_RS05380;Dbxref=GeneID:69499374;Name=AL06_RS05380;gbkey=Gene;gene_biotype=protein_coding;locus_tag=AL06_RS05380;old_locus_tag=CXF52_RS05385,AL06_RS05380,protein_coding,1063426,1064028,1065497,1067593,FALSE,FALSE,AGCCGGAGGTCAACG,AGACACTACACTTTT,GTG,-9.15299,10,TRUE,FALSE,1.5151,18
NZ_CP025209.1,CDS,1065497,1067593,+,ID=gene-AL06_RS05385;Dbxref=GeneID:69499375;Name=uvrB;gbkey=Gene;gene=uvrB;gene_biotype=protein_coding;locus_tag=AL06_RS05385;old_locus_tag=CXF52_RS05390,uvrB,protein_coding,1064215,1065447,1067823,1068263,FALSE,FALSE,AGACACTACACTTTT,TCAACAATGAAAGGC,ATG,1.5151,18,FALSE,FALSE,-2.332995,7
NZ_CP025209.1,CDS,1067823,1068263,+,ID=gene-AL06_RS05390;Dbxref=GeneID:69499376;Name=AL06_RS05390;gbkey=Gene;gene_biotype=protein_coding;locus_tag=AL06_RS05390;old_locus_tag=CXF52_RS05395,AL06_RS05390,protein_coding,1065497,1067593,1072578,1075439,FALSE,FALSE,TCAACAATGAAAGGC,GCGTAAGGAAGAATC,ATG,-2.332995,7,FALSE,TRUE,-4.40793,12
NZ_CP025209.1,CDS,1068312,1070624,-,ID=gene-AL06_RS05395;Dbxref=GeneID:69499377;Name=AL06_RS05395;gbkey=Gene;gene_biotype=protein_coding;locus_tag=AL06_RS05395;old_locus_tag=CXF52_RS05400,AL06_RS05395,protein_coding,1070748,1071593,1061014,1063044,FALSE,FALSE,GCCGTAGTTGAGAAG,TAAATGAAAGGAAAA,ATG,-2.20793,5,FALSE,TRUE,-4.40793,9
NZ_CP025209.1,CDS,1070748,1071593,-,ID=gene-AL06_RS05400;Dbxref=GeneID:69499378;Name=AL06_RS05400;gbkey=Gene;gene_biotype=protein_coding;locus_tag=AL06_RS05400;old_locus_tag=CXF52_RS05405,AL06_RS05400,protein_coding,1071778,1072416,1068312,1070624,FALSE,FALSE,AAGAGAAAGGGAATT,GCCGTAGTTGAGAAG,ATG,-4.456165,10,TRUE,FALSE,-2.20793,5
NZ_CP025209.1,CDS,1071778,1072416,-,ID=gene-AL06_RS05405;Dbxref=GeneID:69499379;Name=AL06_RS05405;gbkey=Gene;gene_biotype=protein_coding;locus_tag=AL06_RS05405;old_locus_tag=CXF52_RS05410,AL06_RS05405,protein_coding,1077148,1077693,1070748,1071593,FALSE,FALSE,GAAGGGAAAATTGAT,AAGAGAAAGGGAATT,GTG,-4.456165,15,TRUE,TRUE,-4.456165,10
NZ_CP025209.1,CDS,1072578,1075439,+,ID=gene-AL06_RS05410;Dbxref=GeneID:69499380;Name=uvrA;gbkey=Gene;gene=uvrA;gene_biotype=protein_coding;locus_tag=AL06_RS05410;old_locus_tag=CXF52_RS05415,uvrA,protein_coding,1067823,1068263,1075708,1076229,FALSE,FALSE,GCGTAAGGAAGAATC,TGCTACTTGAGGAGT,GTG,-4.40793,12,TRUE,TRUE,-6.768055,7
NZ_CP025209.1,CDS,1075708,1076229,+,ID=gene-AL06_RS05415;Dbxref=GeneID:69499381;Name=infC;gbkey=Gene;gene=infC;gene_biotype=protein_coding;locus_tag=AL06_RS05415;old_locus_tag=CXF52_RS05420,infC,protein_coding,1072578,1075439,1076259,1076453,FALSE,FALSE,TGCTACTTGAGGAGT,CAAAAAGGACGTAAT,ATC,-6.768055,7,TRUE,TRUE,-4.40793,12
NZ_CP025209.1,CDS,1076259,1076453,+,ID=gene-AL06_RS05420;Dbxref=GeneID:69499382;Name=rpmI;gbkey=Gene;gene=rpmI;gene_biotype=protein_coding;locus_tag=AL06_RS05420;old_locus_tag=CXF52_RS05425,rpmI,protein_coding,1075708,1076229,1076515,1076898,FALSE,FALSE,CAAAAAGGACGTAAT,CTGATAAGGAAGTAA,ATG,-4.40793,12,TRUE,TRUE,-4.40793,11
NZ_CP025209.1,CDS,1076515,1076898,+,ID=gene-AL06_RS05425;Dbxref=GeneID:69499383;Name=rplT;gbkey=Gene;gene=rplT;gene_biotype=protein_coding;locus_tag=AL06_RS05425;old_locus_tag=CXF52_RS05430,rplT,protein_coding,1076259,1076453,1077940,1078761,FALSE,FALSE,CTGATAAGGAAGTAA,GCTGATAGGGTAGGA,GTG,-4.40793,11,TRUE,TRUE,-6.71615,7
NZ_CP025209.1,CDS,1077148,1077693,-,ID=gene-AL06_RS05430;Dbxref=GeneID:69499384;Name=AL06_RS05430;gbkey=Gene;gene_biotype=protein_coding;locus_tag=AL06_RS05430;old_locus_tag=CXF52_RS05435,AL06_RS05430,protein_coding,1122351,1123355,1071778,1072416,FALSE,FALSE,TGCCACAGAAAGGAC,GAAGGGAAAATTGAT,ATG,-4.40793,7,TRUE,TRUE,-4.456165,15
NZ_CP025209.1,CDS,1077940,1078761,+,ID=gene-AL06_RS05435;Dbxref=GeneID:69499385;Name=AL06_RS05435;gbkey=Gene;gene_biotype=protein_coding;locus_tag=AL06_RS05435;old_locus_tag=CXF52_RS05440,AL06_RS05435,protein_coding,1076515,1076898,1078889,1079944,FALSE,FALSE,GCTGATAGGGTAGGA,CTATGACGAGGAGCA,ATG,-6.71615,7,TRUE,TRUE,-6.768055,8
NZ_CP025209.1,CDS,1078889,1079944,+,ID=gene-AL06_RS05440;Dbxref=GeneID:69499386;Name=pheS;gbkey=Gene;gene=pheS;gene_biotype=protein_coding;locus_tag=AL06_RS05440;old_locus_tag=CXF52_RS05445,pheS,protein_coding,1077940,1078761,1079986,1082496,FALSE,FALSE,CTATGACGAGGAGCA,TAAACAGGAGTTAGA,GTG,-6.768055,8,TRUE,TRUE,-6.468055,11
NZ_CP025209.1,CDS,1079986,1082496,+,ID=gene-AL06_RS05445;Dbxref=GeneID:69499387;Name=pheT;gbkey=Gene;gene=pheT;gene_biotype=protein_coding;locus_tag=AL06_RS05445;old_locus_tag=CXF52_RS05450,pheT,protein_coding,1078889,1079944,1082623,1083666,FALSE,FALSE,TAAACAGGAGTTAGA,TATGTGTATGATGGC,ATG,-6.468055,11,TRUE,FALSE,0.827129999999999,6
NZ_CP025209.1,CDS,1082623,1083666,+,ID=gene-AL06_RS05450;Dbxref=GeneID:69499388;Name=argC;gbkey=Gene;gene=argC;gene_biotype=protein_coding;locus_tag=AL06_RS05450;old_locus_tag=CXF52_RS05455,argC,protein_coding,1079986,1082496,1083741,1084901,FALSE,FALSE,TATGTGTATGATGGC,CAATGCGAAGGGAAT,ATG,0.827129999999999,6,FALSE,TRUE,-4.456165,9
NZ_CP025209.1,CDS,1083741,1084901,+,ID=gene-AL06_RS05455;Dbxref=GeneID:69499389;Name=argJ;gbkey=Gene;gene=argJ;gene_biotype=protein_coding;locus_tag=AL06_RS05455;old_locus_tag=CXF52_RS05460,argJ,protein_coding,1082623,1083666,1084938,1085870,FALSE,FALSE,CAATGCGAAGGGAAT,AGAAAGCCGGTGTGG,ATG,-4.456165,9,TRUE,FALSE,-1.469835,9
NZ_CP025209.1,CDS,1084938,1085870,+,ID=gene-AL06_RS05460;Dbxref=GeneID:69499390;Name=argB;gbkey=Gene;gene=argB;gene_biotype=protein_coding;locus_tag=AL06_RS05460;old_locus_tag=CXF52_RS05465,argB,protein_coding,1083741,1084901,1085863,1087104,FALSE,TRUE,AGAAAGCCGGTGTGG,GTGTACCGAAAGGAT,ATG,-1.469835,9,FALSE,TRUE,-4.40793,7
NZ_CP025209.1,CDS,1085863,1087104,+,ID=gene-AL06_RS05465;Dbxref=GeneID:69499391;Name=AL06_RS05465;gbkey=Gene;gene_biotype=protein_coding;locus_tag=AL06_RS05465;old_locus_tag=CXF52_RS05470,AL06_RS05465,protein_coding,1084938,1085870,1087133,1088092,TRUE,FALSE,GTGTACCGAAAGGAT,TTCGGAAGAAAGAAT,ATG,-4.40793,7,TRUE,FALSE,-1.247805,14
NZ_CP025209.1,CDS,1087133,1088092,+,ID=gene-AL06_RS05470;Dbxref=GeneID:69499392;Name=argF;gbkey=Gene;gene=argF;gene_biotype=protein_coding;locus_tag=AL06_RS05470;old_locus_tag=CXF52_RS05475,argF,protein_coding,1085863,1087104,1088199,1088690,FALSE,FALSE,TTCGGAAGAAAGAAT,TTTTTTTAAGGATGA,ATG,-1.247805,14,FALSE,TRUE,-4.40793,9
NZ_CP025209.1,CDS,1088199,1088690,+,ID=gene-AL06_RS05475;Dbxref=GeneID:69499393;Name=AL06_RS05475;gbkey=Gene;gene_biotype=protein_coding;locus_tag=AL06_RS05475;old_locus_tag=CXF52_RS05480,AL06_RS05475,protein_coding,1087133,1088092,1088848,1090047,FALSE,FALSE,TTTTTTTAAGGATGA,TTATTCGAAGGAGAA,ATG,-4.40793,9,TRUE,TRUE,-6.768055,8
NZ_CP025209.1,CDS,1088848,1090047,+,ID=gene-AL06_RS05480;Dbxref=GeneID:69499394;Name=AL06_RS05480;gbkey=Gene;gene_biotype=protein_coding;locus_tag=AL06_RS05480;old_locus_tag=CXF52_RS05485,AL06_RS05480,protein_coding,1088199,1088690,1090047,1091480,FALSE,TRUE,TTATTCGAAGGAGAA,GTGACCGTGAGGCAC,ATG,-6.768055,8,TRUE,TRUE,-3.60793,8
NZ_CP025209.1,CDS,1090047,1091480,+,ID=gene-AL06_RS05485;Dbxref=GeneID:69499395;Name=argH;gbkey=Gene;gene=argH;gene_biotype=protein_coding;locus_tag=AL06_RS05485;old_locus_tag=CXF52_RS05490,argH,protein_coding,1088848,1090047,1091574,1091756,TRUE,FALSE,GTGACCGTGAGGCAC,GATAGGTACAATGCC,GTG,-3.60793,8,TRUE,TRUE,-3.92996,13
NZ_CP025209.1,CDS,1091574,1091756,+,ID=gene-AL06_RS05490;Dbxref=GeneID:69499396;Name=AL06_RS05490;gbkey=Gene;gene_biotype=protein_coding;locus_tag=AL06_RS05490;old_locus_tag=CXF52_RS05495,AL06_RS05490,protein_coding,1090047,1091480,1091770,1093032,FALSE,FALSE,GATAGGTACAATGCC,AAATAATTAGGGATC,ATG,-3.92996,13,TRUE,TRUE,-4.256165,9
NZ_CP025209.1,CDS,1091770,1093032,+,ID=gene-AL06_RS05495;Dbxref=GeneID:69499397;Name=tyrS;gbkey=Gene;gene=tyrS;gene_biotype=protein_coding;locus_tag=AL06_RS05495;old_locus_tag=CXF52_RS05500,tyrS,protein_coding,1091574,1091756,1093653,1095171,FALSE,FALSE,AAATAATTAGGGATC,TTGGTCTTTTGACTG,ATG,-4.256165,9,TRUE,FALSE,-1.469835,15
NZ_CP025209.1,rRNA,1093653,1095171,+,ID=gene-AL06_RS05505;Dbxref=GeneID:69499398;Name=AL06_RS05505;gbkey=Gene;gene_biotype=rRNA;locus_tag=AL06_RS05505;old_locus_tag=CXF52_RS05510,AL06_RS05505,rRNA,1091770,1093032,1095536,1098621,FALSE,FALSE,TTGGTCTTTTGACTG,TGTTTTGTTTGTTAC,TTT,-1.469835,15,FALSE,FALSE,1.77826,17
NZ_CP025209.1,rRNA,1095536,1098621,+,ID=gene-AL06_RS05510;Dbxref=GeneID:69499399;Name=AL06_RS05510;gbkey=Gene;gene_biotype=rRNA;locus_tag=AL06_RS05510;old_locus_tag=CXF52_RS05515,AL06_RS05510,rRNA,1093653,1095171,1098767,1098883,FALSE,FALSE,TGTTTTGTTTGTTAC,TGGGTGGTTGGTTGT,GTG,1.77826,17,FALSE,TRUE,-4.478815,12
NZ_CP025209.1,rRNA,1098767,1098883,+,ID=gene-AL06_RS05515;Dbxref=GeneID:69499400;Name=rrf;gbkey=Gene;gene=rrf;gene_biotype=rRNA;locus_tag=AL06_RS05515;old_locus_tag=CXF52_RS05520,rrf,rRNA,1095536,1098621,1098985,1100061,FALSE,FALSE,TGGGTGGTTGGTTGT,ATTTCAAAGGATTTT,GTT,-4.478815,12,TRUE,TRUE,-4.40793,10
NZ_CP025209.1,CDS,1098985,1100061,+,ID=gene-AL06_RS05520;Dbxref=GeneID:69499401;Name=AL06_RS05520;gbkey=Gene;gene_biotype=protein_coding;locus_tag=AL06_RS05520;old_locus_tag=CXF52_RS05525,AL06_RS05520,protein_coding,1098767,1098883,1100099,1101094,FALSE,FALSE,ATTTCAAAGGATTTT,CTGATATCTTTCGTC,ATG,-4.40793,10,TRUE,FALSE,1.77826,6
NZ_CP025209.1,CDS,1100099,1101094,+,ID=gene-AL06_RS05525;Dbxref=GeneID:69499402;Name=AL06_RS05525;gbkey=Gene;gene_biotype=protein_coding;locus_tag=AL06_RS05525;old_locus_tag=CXF52_RS05530,AL06_RS05525,protein_coding,1098985,1100061,1101304,1102125,FALSE,FALSE,CTGATATCTTTCGTC,TCGGAAAGAGCTATA,ATG,1.77826,6,FALSE,FALSE,-1.247805,15
NZ_CP025209.1,CDS,1101304,1102125,+,ID=gene-AL06_RS05530;Dbxref=GeneID:69499403;Name=AL06_RS05530;gbkey=Gene;gene_biotype=protein_coding;locus_tag=AL06_RS05530;old_locus_tag=CXF52_RS05535,AL06_RS05530,protein_coding,1100099,1101094,1102125,1103063,FALSE,TRUE,TCGGAAAGAGCTATA,TCCAGAAAGGTCCGC,ATG,-1.247805,15,FALSE,TRUE,-3.82996,9
NZ_CP025209.1,CDS,1102125,1103063,+,ID=gene-AL06_RS05535;Dbxref=GeneID:69499404;Name=AL06_RS05535;gbkey=Gene;gene_biotype=protein_coding;locus_tag=AL06_RS05535;old_locus_tag=CXF52_RS05540,AL06_RS05535,protein_coding,1101304,1102125,1103195,1104934,TRUE,FALSE,TCCAGAAAGGTCCGC,TTTGATGTACTATAG,ATG,-3.82996,9,TRUE,FALSE,0.315099999999999,6
NZ_CP025209.1,CDS,1103195,1104934,+,ID=gene-AL06_RS05540;Dbxref=GeneID:69499405;Name=recN;gbkey=Gene;gene=recN;gene_biotype=protein_coding;locus_tag=AL06_RS05540;old_locus_tag=CXF52_RS05545,recN,protein_coding,1102125,1103063,1105045,1106238,FALSE,FALSE,TTTGATGTACTATAG,TTCAATAATGGAAGG,ATG,0.315099999999999,6,FALSE,TRUE,-4.656025,5
NZ_CP025209.1,CDS,1105045,1106238,+,ID=gene-AL06_RS05545;Dbxref=GeneID:69499406;Name=steA;gbkey=Gene;gene=steA;gene_biotype=protein_coding;locus_tag=AL06_RS05545;old_locus_tag=CXF52_RS05550,steA,protein_coding,1103195,1104934,1106263,1107213,FALSE,FALSE,TTCAATAATGGAAGG,TCGAAGGAAGAACAA,ATG,-4.656025,5,TRUE,TRUE,-4.40793,13
NZ_CP025209.1,CDS,1106263,1107213,+,ID=gene-AL06_RS05550;Dbxref=GeneID:69499407;Name=AL06_RS05550;gbkey=Gene;gene_biotype=protein_coding;locus_tag=AL06_RS05550;old_locus_tag=CXF52_RS05555,AL06_RS05550,protein_coding,1105045,1106238,1107235,1107873,FALSE,FALSE,TCGAAGGAAGAACAA,TGCAGCTATCGTTGA,ATG,-4.40793,13,TRUE,FALSE,1.2151,16
NZ_CP025209.1,CDS,1107235,1107873,+,ID=gene-AL06_RS05555;Dbxref=GeneID:69499408;Name=AL06_RS05555;gbkey=Gene;gene_biotype=protein_coding;locus_tag=AL06_RS05555;old_locus_tag=CXF52_RS05560,AL06_RS05555,protein_coding,1106263,1107213,1107876,1108811,FALSE,FALSE,TGCAGCTATCGTTGA,CAGTACCTCGTCGAT,ATG,1.2151,16,FALSE,FALSE,1.2151,18
NZ_CP025209.1,CDS,1107876,1108811,+,ID=gene-AL06_RS05560;Dbxref=GeneID:69499409;Name=xerD;gbkey=Gene;gene=xerD;gene_biotype=protein_coding;locus_tag=AL06_RS05560;old_locus_tag=CXF52_RS05565,xerD,protein_coding,1107235,1107873,1109003,1109872,FALSE,FALSE,CAGTACCTCGTCGAT,TCAAGGAAGAGGGAT,ATG,1.2151,18,FALSE,TRUE,-6.51615,9
NZ_CP025209.1,CDS,1109003,1109872,+,ID=gene-AL06_RS05565;Dbxref=GeneID:69499410;Name=AL06_RS05565;gbkey=Gene;gene_biotype=protein_coding;locus_tag=AL06_RS05565;old_locus_tag=CXF52_RS05570,AL06_RS05565,protein_coding,1107876,1108811,1109915,1110733,FALSE,FALSE,TCAAGGAAGAGGGAT,TTTGAAAATTTGAGG,ATG,-6.51615,9,TRUE,TRUE,-5.30793,5
NZ_CP025209.1,CDS,1109915,1110733,+,ID=gene-AL06_RS05570;Dbxref=GeneID:69499411;Name=AL06_RS05570;gbkey=Gene;gene_biotype=protein_coding;locus_tag=AL06_RS05570;old_locus_tag=CXF52_RS05575,AL06_RS05570,protein_coding,1109003,1109872,1110803,1111453,FALSE,FALSE,TTTGAAAATTTGAGG,TGTTCTACCATCGGT,ATG,-5.30793,5,TRUE,FALSE,-0.806410000000001,5
NZ_CP025209.1,CDS,1110803,1111453,+,ID=gene-AL06_RS05575;Dbxref=GeneID:69499412;Name=AL06_RS05575;gbkey=Gene;gene_biotype=protein_coding;locus_tag=AL06_RS05575;old_locus_tag=CXF52_RS05580,AL06_RS05575,protein_coding,1109915,1110733,1113009,1114322,FALSE,FALSE,TGTTCTACCATCGGT,TTGGTCGTACAATTA,ATG,-0.806410000000001,5,FALSE,FALSE,-1.469835,15
NZ_CP025209.1,CDS,1113009,1114322,+,ID=gene-AL06_RS05585;Dbxref=GeneID:69499414;Name=AL06_RS05585;gbkey=Gene;gene_biotype=protein_coding;locus_tag=AL06_RS05585;old_locus_tag=CXF52_RS05590,AL06_RS05585,protein_coding,1110803,1111453,1114335,1115003,FALSE,FALSE,TTGGTCGTACAATTA,ACGCTAAAGGAGAAA,GTG,-1.469835,15,FALSE,TRUE,-6.768055,9
NZ_CP025209.1,CDS,1114335,1115003,+,ID=gene-AL06_RS05590;Dbxref=GeneID:69499415;Name=bioD;gbkey=Gene;gene=bioD;gene_biotype=protein_coding;locus_tag=AL06_RS05590;old_locus_tag=CXF52_RS05595,bioD,protein_coding,1113009,1114322,1115120,1116694,FALSE,FALSE,ACGCTAAAGGAGAAA,AAGGAGCTCATCGGG,ATG,-6.768055,9,TRUE,TRUE,-6.768055,15
NZ_CP025209.1,CDS,1115120,1116694,+,ID=gene-AL06_RS05595;Dbxref=GeneID:69499416;Name=AL06_RS05595;gbkey=Gene;gene_biotype=protein_coding;locus_tag=AL06_RS05595;old_locus_tag=CXF52_RS05600,AL06_RS05595,protein_coding,1114335,1115003,1116713,1117267,FALSE,FALSE,AAGGAGCTCATCGGG,ATAAGGGCATTTCTT,ATG,-6.768055,15,TRUE,TRUE,-4.456165,14
NZ_CP025209.1,CDS,1116713,1117267,+,ID=gene-AL06_RS05600;Dbxref=GeneID:69499417;Name=scpB;gbkey=Gene;gene=scpB;gene_biotype=protein_coding;locus_tag=AL06_RS05600;old_locus_tag=CXF52_RS05605,scpB,protein_coding,1115120,1116694,1117371,1118336,FALSE,FALSE,ATAAGGGCATTTCTT,TTGATCAATAGGAAG,ATG,-4.456165,14,TRUE,TRUE,-4.20793,8
NZ_CP025209.1,CDS,1117371,1118336,+,ID=gene-AL06_RS05605;Dbxref=GeneID:69499418;Name=AL06_RS05605;gbkey=Gene;gene_biotype=protein_coding;locus_tag=AL06_RS05605;old_locus_tag=CXF52_RS05610,AL06_RS05605,protein_coding,1116713,1117267,1118338,1119063,FALSE,FALSE,TTGATCAATAGGAAG,AAGGCGGTAGGGATG,GTG,-4.20793,8,TRUE,TRUE,-5.81615,10
NZ_CP025209.1,CDS,1118338,1119063,+,ID=gene-AL06_RS05610;Dbxref=GeneID:69499419;Name=cmk;gbkey=Gene;gene=cmk;gene_biotype=protein_coding;locus_tag=AL06_RS05610;old_locus_tag=CXF52_RS05615,cmk,protein_coding,1117371,1118336,1119060,1120703,FALSE,TRUE,AAGGCGGTAGGGATG,CTGCTGAAAGGACCG,ATG,-5.81615,10,TRUE,TRUE,-4.468055,6
NZ_CP025209.1,CDS,1119060,1120703,+,ID=gene-AL06_RS05615;Dbxref=GeneID:69499420;Name=der;gbkey=Gene;gene=der;gene_biotype=protein_coding;locus_tag=AL06_RS05615;old_locus_tag=CXF52_RS05620,der,protein_coding,1118338,1119063,1120935,1122320,TRUE,FALSE,CTGCTGAAAGGACCG,ATTTGAAAGGCTTCT,ATG,-4.468055,6,TRUE,FALSE,-2.332995,11
NZ_CP025209.1,CDS,1120935,1122320,+,ID=gene-AL06_RS05620;Dbxref=GeneID:69499421;Name=AL06_RS05620;gbkey=Gene;gene_biotype=protein_coding;locus_tag=AL06_RS05620;old_locus_tag=CXF52_RS05625,AL06_RS05620,protein_coding,1119060,1120703,1123354,1124604,FALSE,FALSE,ATTTGAAAGGCTTCT,CGCGGAAGAATGAAT,ATG,-2.332995,11,FALSE,FALSE,-1.247805,14
NZ_CP025209.1,CDS,1122351,1123355,-,ID=gene-AL06_RS05625;Dbxref=GeneID:69499422;Name=AL06_RS05625;gbkey=Gene;gene_biotype=protein_coding;locus_tag=AL06_RS05625;old_locus_tag=CXF52_RS05630,AL06_RS05625,protein_coding,1124977,1125351,1077148,1077693,FALSE,FALSE,AATCGATAAAACCCG,TGCCACAGAAAGGAC,ATG,2.00029,14,FALSE,TRUE,-4.40793,7
NZ_CP025209.1,CDS,1123354,1124604,+,ID=gene-AL06_RS05630;Dbxref=GeneID:69499423;Name=AL06_RS05630;gbkey=Gene;gene_biotype=protein_coding;locus_tag=AL06_RS05630;old_locus_tag=CXF52_RS05635,AL06_RS05630,protein_coding,1120935,1122320,1124709,1124782,FALSE,FALSE,CGCGGAAGAATGAAT,TGCTTTTAACGGAAG,ATG,-1.247805,14,FALSE,FALSE,-1.247805,7
NZ_CP025209.1,tRNA,1124709,1124782,+,ID=gene-AL06_RS05635;Dbxref=GeneID:69499424;Name=AL06_RS05635;gbkey=Gene;gene_biotype=tRNA;locus_tag=AL06_RS05635;old_locus_tag=CXF52_RS05640,AL06_RS05635,tRNA,1123354,1124604,1126817,1129111,FALSE,FALSE,TGCTTTTAACGGAAG,CTAAAAGGAAGGCAA,CGG,-1.247805,7,FALSE,TRUE,-6.11615,9
NZ_CP025209.1,CDS,1124977,1125351,-,ID=gene-AL06_RS05640;Dbxref=GeneID:69499425;Name=AL06_RS05640;gbkey=Gene;gene_biotype=protein_coding;locus_tag=AL06_RS05640;old_locus_tag=CXF52_RS05645,AL06_RS05640,protein_coding,1125361,1126548,1122351,1123355,FALSE,FALSE,GGACGTTTAGCACCT,AATCGATAAAACCCG,ATG,-1.347805,17,FALSE,FALSE,2.00029,14
NZ_CP025209.1,CDS,1125361,1126548,-,ID=gene-AL06_RS05645;Dbxref=GeneID:69499426;Name=AL06_RS05645;gbkey=Gene;gene_biotype=protein_coding;locus_tag=AL06_RS05645;old_locus_tag=CXF52_RS05650,AL06_RS05645,protein_coding,1131955,1133367,1124977,1125351,FALSE,FALSE,TAATAAAGGAGCATT,GGACGTTTAGCACCT,ATG,-6.768055,10,TRUE,FALSE,-1.347805,17
NZ_CP025209.1,CDS,1126817,1129111,+,ID=gene-AL06_RS05650;Dbxref=GeneID:69499427;Name=secA2;gbkey=Gene;gene=secA2;gene_biotype=protein_coding;locus_tag=AL06_RS05650;old_locus_tag=CXF52_RS05655,secA2,protein_coding,1124709,1124782,1129278,1129709,FALSE,FALSE,CTAAAAGGAAGGCAA,TTTTATCGGAGGTTG,GTG,-6.11615,9,TRUE,TRUE,-9.15299,7
NZ_CP025209.1,CDS,1129278,1129709,+,ID=gene-AL06_RS05655;Dbxref=GeneID:69499428;Name=AL06_RS05655;gbkey=Gene;gene_biotype=protein_coding;locus_tag=AL06_RS05655;old_locus_tag=CXF52_RS05660,AL06_RS05655,protein_coding,1126817,1129111,1129787,1130557,FALSE,FALSE,TTTTATCGGAGGTTG,AGAAACGATTCACAA,ATG,-9.15299,7,TRUE,FALSE,1.5151,18
NZ_CP025209.1,CDS,1129787,1130557,+,ID=gene-AL06_RS05660;Dbxref=GeneID:69499429;Name=AL06_RS05660;gbkey=Gene;gene_biotype=protein_coding;locus_tag=AL06_RS05660;old_locus_tag=CXF52_RS05665,AL06_RS05660,protein_coding,1129278,1129709,1130580,1131167,FALSE,FALSE,AGAAACGATTCACAA,TTTGGGGAGAAATTA,ATG,1.5151,18,FALSE,TRUE,-5.145645,11
NZ_CP025209.1,CDS,1130580,1131167,+,ID=gene-AL06_RS05665;Dbxref=GeneID:69499430;Name=AL06_RS05665;gbkey=Gene;gene_biotype=protein_coding;locus_tag=AL06_RS05665;old_locus_tag=CXF52_RS05670,AL06_RS05665,protein_coding,1129787,1130557,1131319,1131879,FALSE,FALSE,TTTGGGGAGAAATTA,TCGCAGGGGAGACAA,ATG,-5.145645,11,TRUE,TRUE,-5.69388,12
NZ_CP025209.1,CDS,1131319,1131879,+,ID=gene-AL06_RS05670;Dbxref=GeneID:69499431;Name=AL06_RS05670;gbkey=Gene;gene_biotype=protein_coding;locus_tag=AL06_RS05670;old_locus_tag=CXF52_RS05675,AL06_RS05670,protein_coding,1130580,1131167,1139740,1140225,FALSE,FALSE,TCGCAGGGGAGACAA,AAAGACTAGATTGGG,ATG,-5.69388,12,TRUE,FALSE,-2.410585,5
NZ_CP025209.1,CDS,1131955,1133367,-,ID=gene-AL06_RS05675;Dbxref=GeneID:69499432;Name=AL06_RS05675;gbkey=Gene;gene_biotype=protein_coding;locus_tag=AL06_RS05675;old_locus_tag=CXF52_RS05680,AL06_RS05675,protein_coding,1133399,1134277,1125361,1126548,FALSE,FALSE,TTCCAGAAAGGCGCC,TAATAAAGGAGCATT,ATG,-2.332995,10,FALSE,TRUE,-6.768055,10
NZ_CP025209.1,CDS,1133399,1134277,-,ID=gene-AL06_RS05680;Dbxref=GeneID:69499433;Name=AL06_RS05680;gbkey=Gene;gene_biotype=protein_coding;locus_tag=AL06_RS05680;old_locus_tag=CXF52_RS05685,AL06_RS05680,protein_coding,1134274,1135326,1131955,1133367,TRUE,FALSE,ACTGGACACACGAAC,TTCCAGAAAGGCGCC,ATG,-1.247805,14,FALSE,FALSE,-2.332995,10
NZ_CP025209.1,CDS,1134274,1135326,-,ID=gene-AL06_RS05685;Dbxref=GeneID:69499434;Name=AL06_RS05685;gbkey=Gene;gene_biotype=protein_coding;locus_tag=AL06_RS05685;old_locus_tag=CXF52_RS05690,AL06_RS05685,protein_coding,1135323,1136717,1133399,1134277,TRUE,TRUE,ATGAAAAGGAACAGA,ACTGGACACACGAAC,ATG,-4.40793,11,TRUE,FALSE,-1.247805,14
NZ_CP025209.1,CDS,1135323,1136717,-,ID=gene-AL06_RS05690;Dbxref=GeneID:69499435;Name=AL06_RS05690;gbkey=Gene;gene_biotype=protein_coding;locus_tag=AL06_RS05690;old_locus_tag=CXF52_RS05695,AL06_RS05690,protein_coding,1136742,1138100,1134274,1135326,FALSE,TRUE,TAACCCAGTATTTCT,ATGAAAAGGAACAGA,ATG,1.2151,13,FALSE,TRUE,-4.40793,11
NZ_CP025209.1,CDS,1136742,1138100,-,ID=gene-AL06_RS05695;Dbxref=GeneID:69499436;Name=AL06_RS05695;gbkey=Gene;gene_biotype=protein_coding;locus_tag=AL06_RS05695;old_locus_tag=CXF52_RS05700,AL06_RS05695,protein_coding,1138204,1139658,1135323,1136717,FALSE,FALSE,TTGCAGTAGAATTTT,TAACCCAGTATTTCT,ATG,1.1151,12,FALSE,FALSE,1.2151,13
NZ_CP025209.1,CDS,1138204,1139658,-,ID=gene-AL06_RS05700;Dbxref=GeneID:69499437;Name=gndA;gbkey=Gene;gene=gndA;gene_biotype=protein_coding;locus_tag=AL06_RS05700;old_locus_tag=CXF52_RS05705,gndA,protein_coding,1140222,1141322,1136742,1138100,FALSE,FALSE,TCAGGGTATTGTCAC,TTGCAGTAGAATTTT,ATG,-4.578055,12,TRUE,FALSE,1.1151,12
NZ_CP025209.1,CDS,1139740,1140225,+,ID=gene-AL06_RS05705;Dbxref=GeneID:69499438;Name=AL06_RS05705;gbkey=Gene;gene_biotype=protein_coding;locus_tag=AL06_RS05705;old_locus_tag=CXF52_RS05710,AL06_RS05705,protein_coding,1131319,1131879,1141329,1141958,FALSE,FALSE,AAAGACTAGATTGGG,TCTTTTCGTTCATAG,ATG,-2.410585,5,FALSE,FALSE,0.315099999999999,6
NZ_CP025209.1,CDS,1140222,1141322,-,ID=gene-AL06_RS05710;Dbxref=GeneID:69499439;Name=AL06_RS05710;gbkey=Gene;gene_biotype=protein_coding;locus_tag=AL06_RS05710;old_locus_tag=CXF52_RS05715,AL06_RS05710,protein_coding,1142035,1143399,1138204,1139658,FALSE,FALSE,AAGAGGTCTGCATAA,TCAGGGTATTGTCAC,ATG,-5.904895,13,TRUE,TRUE,-4.578055,12
NZ_CP025209.1,CDS,1141329,1141958,+,ID=gene-AL06_RS05715;Dbxref=GeneID:69499440;Name=AL06_RS05715;gbkey=Gene;gene_biotype=protein_coding;locus_tag=AL06_RS05715;old_locus_tag=CXF52_RS05720,AL06_RS05715,protein_coding,1139740,1140225,1143576,1144871,FALSE,FALSE,TCTTTTCGTTCATAG,GTTAGTAGGCTTGAC,ATG,0.315099999999999,6,FALSE,FALSE,-2.132995,12
NZ_CP025209.1,CDS,1142035,1143399,-,ID=gene-AL06_RS05720;Dbxref=GeneID:69499441;Name=AL06_RS05720;gbkey=Gene;gene_biotype=protein_coding;locus_tag=AL06_RS05720;old_locus_tag=CXF52_RS05725,AL06_RS05720,protein_coding,1144886,1145215,1140222,1141322,FALSE,FALSE,GAAGGAGCATTCCAT,AAGAGGTCTGCATAA,ATG,-6.768055,14,TRUE,TRUE,-5.904895,13
NZ_CP025209.1,CDS,1143576,1144871,+,ID=gene-AL06_RS05725;Dbxref=GeneID:69499442;Name=AL06_RS05725;gbkey=Gene;gene_biotype=protein_coding;locus_tag=AL06_RS05725;old_locus_tag=CXF52_RS05730,AL06_RS05725,protein_coding,1141329,1141958,1147300,1148274,FALSE,FALSE,GTTAGTAGGCTTGAC,CCCATGGGAGGTGCC,GTG,-2.132995,12,FALSE,TRUE,-10.690705,8
NZ_CP025209.1,CDS,1144886,1145215,-,ID=gene-AL06_RS12125;Dbxref=GeneID:69500607;Name=AL06_RS12125;gbkey=Gene;gene_biotype=protein_coding;locus_tag=AL06_RS12125,AL06_RS12125,protein_coding,1145258,1145599,1142035,1143399,FALSE,FALSE,TTTAACAACCACTGA,GAAGGAGCATTCCAT,TTG,1.90029,5,FALSE,TRUE,-6.768055,14
NZ_CP025209.1,CDS,1145258,1145599,-,ID=gene-AL06_RS12130;Dbxref=GeneID:69500608;Name=AL06_RS12130;gbkey=Gene;gene_biotype=protein_coding;locus_tag=AL06_RS12130,AL06_RS12130,protein_coding,1145765,1146385,1144886,1145215,FALSE,FALSE,CCCTGCTTGCATCAA,TTTAACAACCACTGA,ATG,3.875225,16,FALSE,FALSE,1.90029,5
NZ_CP025209.1,CDS,1145765,1146385,-,ID=gene-AL06_RS12135;Dbxref=GeneID:69500609;Name=AL06_RS12135;gbkey=Gene;gene_biotype=protein_coding;locus_tag=AL06_RS12135,AL06_RS12135,protein_coding,1146382,1146903,1145258,1145599,TRUE,FALSE,GACTGCCTAGAAAAA,CCCTGCTTGCATCAA,GTG,1.1151,11,FALSE,FALSE,3.875225,16
NZ_CP025209.1,CDS,1146382,1146903,-,ID=gene-AL06_RS12140;Dbxref=GeneID:69500610;Name=AL06_RS12140;gbkey=Gene;gene_biotype=protein_coding;locus_tag=AL06_RS12140,AL06_RS12140,protein_coding,1146906,1147019,1145765,1146385,FALSE,TRUE,TCAAGACTCACTTTT,GACTGCCTAGAAAAA,ATG,0.9151,16,FALSE,FALSE,1.1151,11
NZ_CP025209.1,CDS,1146906,1147019,-,ID=gene-AL06_RS12405;Dbxref=GeneID:77100353;Name=AL06_RS12405;gbkey=Gene;gene_biotype=protein_coding;locus_tag=AL06_RS12405,AL06_RS12405,protein_coding,1148881,1149579,1146382,1146903,FALSE,FALSE,TCACGACTTTTCCCG,TCAAGACTCACTTTT,ATG,2.00029,14,FALSE,FALSE,0.9151,16
NZ_CP025209.1,CDS,1147300,1148274,+,ID=gene-AL06_RS05755;Dbxref=GeneID:69499443;Name=AL06_RS05755;gbkey=Gene;gene_biotype=protein_coding;locus_tag=AL06_RS05755;old_locus_tag=CXF52_RS05760,AL06_RS05755,protein_coding,1143576,1144871,1150187,1150576,FALSE,FALSE,CCCATGGGAGGTGCC,AAGGACGGGGATTCC,ATG,-10.690705,8,TRUE,TRUE,-6.91615,12
NZ_CP025209.1,CDS,1148881,1149579,-,ID=gene-AL06_RS05760;Dbxref=GeneID:69499444;Name=AL06_RS05760;gbkey=Gene;gene_biotype=protein_coding;locus_tag=AL06_RS05760;old_locus_tag=CXF52_RS05765,AL06_RS05760,protein_coding,1149593,1149922,1146906,1147019,FALSE,FALSE,AGGTAAAAGAGACAT,TCACGACTTTTCCCG,ATG,-4.12996,16,TRUE,FALSE,2.00029,14
NZ_CP025209.1,CDS,1149593,1149922,-,ID=gene-AL06_RS11860;Dbxref=GeneID:69500557;Name=AL06_RS11860;gbkey=Gene;gene_biotype=protein_coding;locus_tag=AL06_RS11860,AL06_RS11860,protein_coding,1150654,1151457,1148881,1149579,FALSE,FALSE,ATTCGCTATGATATG,AGGTAAAAGAGACAT,ATG,2.00029,9,FALSE,TRUE,-4.12996,16
NZ_CP025209.1,CDS,1150187,1150576,+,ID=gene-AL06_RS05770;Dbxref=GeneID:69499445;Name=AL06_RS05770;gbkey=Gene;gene_biotype=protein_coding;locus_tag=AL06_RS05770;old_locus_tag=CXF52_RS05775,AL06_RS05770,protein_coding,1147300,1148274,1157623,1158807,FALSE,FALSE,AAGGACGGGGATTCC,TTGGTTTTATGTGAC,ATG,-6.91615,12,TRUE,FALSE,-1.469835,15
NZ_CP025209.1,CDS,1150654,1151457,-,ID=gene-AL06_RS05775;Dbxref=GeneID:69499446;Name=AL06_RS05775;gbkey=Gene;gene_biotype=protein_coding;locus_tag=AL06_RS05775;old_locus_tag=CXF52_RS05780,AL06_RS05775,protein_coding,1151489,1153042,1149593,1149922,FALSE,FALSE,GAGGAGCTACGAAAA,ATTCGCTATGATATG,ATG,-6.768055,15,TRUE,FALSE,2.00029,9
NZ_CP025209.1,CDS,1151489,1153042,-,ID=gene-AL06_RS05780;Dbxref=GeneID:69499447;Name=lnt;gbkey=Gene;gene=lnt;gene_biotype=protein_coding;locus_tag=AL06_RS05780;old_locus_tag=CXF52_RS05785,lnt,protein_coding,1153052,1153582,1150654,1151457,FALSE,FALSE,CCGAAAGTAGCTCAT,GAGGAGCTACGAAAA,GTG,0.9151,14,FALSE,TRUE,-6.768055,15
NZ_CP025209.1,CDS,1153052,1153582,-,ID=gene-AL06_RS05785;Dbxref=GeneID:69499448;Name=AL06_RS05785;gbkey=Gene;gene_biotype=protein_coding;locus_tag=AL06_RS05785;old_locus_tag=CXF52_RS05790,AL06_RS05785,protein_coding,1153622,1157248,1151489,1153042,FALSE,FALSE,GAGCAGGTAGGGTAG,CCGAAAGTAGCTCAT,ATG,-8.23894,8,TRUE,FALSE,0.9151,14
NZ_CP025209.1,CDS,1153622,1157248,-,ID=gene-AL06_RS05790;Dbxref=GeneID:69499449;Name=cobN;gbkey=Gene;gene=cobN;gene_biotype=protein_coding;locus_tag=AL06_RS05790;old_locus_tag=CXF52_RS05795,cobN,protein_coding,1161029,1161760,1153052,1153582,FALSE,FALSE,AAGGAATTGACGTTT,GAGCAGGTAGGGTAG,ATG,-5.713115,8,TRUE,TRUE,-8.23894,8
NZ_CP025209.1,CDS,1157623,1158807,+,ID=gene-AL06_RS05795;Dbxref=GeneID:69499450;Name=AL06_RS05795;gbkey=Gene;gene_biotype=protein_coding;locus_tag=AL06_RS05795;old_locus_tag=CXF52_RS05800,AL06_RS05795,protein_coding,1150187,1150576,1158804,1159454,FALSE,TRUE,TTGGTTTTATGTGAC,AATATGAGGTTTCAG,ATG,-1.469835,15,FALSE,TRUE,-5.904895,10
NZ_CP025209.1,CDS,1158804,1159454,+,ID=gene-AL06_RS05800;Dbxref=GeneID:69499451;Name=AL06_RS05800;gbkey=Gene;gene_biotype=protein_coding;locus_tag=AL06_RS05800;old_locus_tag=CXF52_RS05805,AL06_RS05800,protein_coding,1157623,1158807,1159451,1160947,TRUE,TRUE,AATATGAGGTTTCAG,CGGAAAAGGAGATTC,GTG,-5.904895,10,TRUE,TRUE,-6.768055,10
NZ_CP025209.1,CDS,1159451,1160947,+,ID=gene-AL06_RS05805;Dbxref=GeneID:69499452;Name=cobJ;gbkey=Gene;gene=cobJ;gene_biotype=protein_coding;locus_tag=AL06_RS05805;old_locus_tag=CXF52_RS05810,cobJ,protein_coding,1158804,1159454,1168706,1169176,TRUE,FALSE,CGGAAAAGGAGATTC,AGCCCTACACTCATT,ATG,-6.768055,10,TRUE,FALSE,1.5151,18
NZ_CP025209.1,CDS,1161029,1161760,-,ID=gene-AL06_RS05810;Dbxref=GeneID:69499453;Name=AL06_RS05810;gbkey=Gene;gene_biotype=protein_coding;locus_tag=AL06_RS05810;old_locus_tag=CXF52_RS05815,AL06_RS05810,protein_coding,1161748,1162521,1153622,1157248,TRUE,FALSE,AGCACGGTAGGACGA,AAGGAATTGACGTTT,ATG,-4.20793,9,TRUE,TRUE,-5.713115,8
NZ_CP025209.1,CDS,1161748,1162521,-,ID=gene-AL06_RS05815;Dbxref=GeneID:69499454;Name=cobM;gbkey=Gene;gene=cobM;gene_biotype=protein_coding;locus_tag=AL06_RS05815;old_locus_tag=CXF52_RS05820,cobM,protein_coding,1162548,1163828,1161029,1161760,FALSE,TRUE,GCAACAAGGTTAATT,AGCACGGTAGGACGA,ATG,-3.82996,10,TRUE,TRUE,-4.20793,9
NZ_CP025209.1,CDS,1162548,1163828,-,ID=gene-AL06_RS05820;Dbxref=GeneID:69499455;Name=AL06_RS05820;gbkey=Gene;gene_biotype=protein_coding;locus_tag=AL06_RS05820;old_locus_tag=CXF52_RS05825,AL06_RS05820,protein_coding,1163851,1164627,1161748,1162521,FALSE,FALSE,GGGGTAAAGTAGAGA,GCAACAAGGTTAATT,ATG,-5.43072,15,TRUE,TRUE,-3.82996,10
NZ_CP025209.1,CDS,1163851,1164627,-,ID=gene-AL06_RS05825;Dbxref=GeneID:69499456;Name=AL06_RS05825;gbkey=Gene;gene_biotype=protein_coding;locus_tag=AL06_RS05825;old_locus_tag=CXF52_RS05830,AL06_RS05825,protein_coding,1164624,1165763,1162548,1163828,TRUE,FALSE,ACCAGCCGCGAACAT,GGGGTAAAGTAGAGA,ATG,1.2151,16,FALSE,TRUE,-5.43072,15
NZ_CP025209.1,CDS,1164624,1165763,-,ID=gene-AL06_RS05830;Dbxref=GeneID:69499457;Name=AL06_RS05830;gbkey=Gene;gene_biotype=protein_coding;locus_tag=AL06_RS05830;old_locus_tag=CXF52_RS05835,AL06_RS05830,protein_coding,1165814,1168606,1163851,1164627,FALSE,TRUE,AGGTTTACTATTAAT,ACCAGCCGCGAACAT,ATG,-4.02996,16,TRUE,FALSE,1.2151,16
NZ_CP025209.1,CDS,1165814,1168606,-,ID=gene-AL06_RS05835;Dbxref=GeneID:69499458;Name=AL06_RS05835;gbkey=Gene;gene_biotype=protein_coding;locus_tag=AL06_RS05835;old_locus_tag=CXF52_RS05840,AL06_RS05835,protein_coding,1169262,1170356,1164624,1165763,FALSE,FALSE,AGCAAGTAGCCTTGA,AGGTTTACTATTAAT,ATG,0.9151,15,FALSE,TRUE,-4.02996,16
NZ_CP025209.1,CDS,1168706,1169176,+,ID=gene-AL06_RS05840;Dbxref=GeneID:69499459;Name=AL06_RS05840;gbkey=Gene;gene_biotype=protein_coding;locus_tag=AL06_RS05840;old_locus_tag=CXF52_RS05845,AL06_RS05840,protein_coding,1159451,1160947,1179904,1180770,FALSE,FALSE,AGCCCTACACTCATT,TCATACAATATTGAA,ATG,1.5151,18,FALSE,FALSE,2.00029,6
NZ_CP025209.1,CDS,1169262,1170356,-,ID=gene-AL06_RS05845;Dbxref=GeneID:69499460;Name=tatC;gbkey=Gene;gene=tatC;gene_biotype=protein_coding;locus_tag=AL06_RS05845;old_locus_tag=CXF52_RS05850,tatC,protein_coding,1170429,1170695,1165814,1168606,FALSE,FALSE,ATGTACTTAAGGAAC,AGCAAGTAGCCTTGA,ATG,-4.40793,8,TRUE,FALSE,0.9151,15
NZ_CP025209.1,CDS,1170429,1170695,-,ID=gene-AL06_RS05850;Dbxref=GeneID:69499461;Name=tatA;gbkey=Gene;gene=tatA;gene_biotype=protein_coding;locus_tag=AL06_RS05850;old_locus_tag=CXF52_RS05855,tatA,protein_coding,1170730,1171761,1169262,1170356,FALSE,FALSE,CTTGAAAGAAAGGCT,ATGTACTTAAGGAAC,ATG,-2.332995,8,FALSE,TRUE,-4.40793,8
NZ_CP025209.1,CDS,1170730,1171761,-,ID=gene-AL06_RS05855;Dbxref=GeneID:69499462;Name=AL06_RS05855;gbkey=Gene;gene_biotype=protein_coding;locus_tag=AL06_RS05855;old_locus_tag=CXF52_RS05860,AL06_RS05855,protein_coding,1171754,1172731,1170429,1170695,TRUE,FALSE,CTCAAACAAGCTGCA,CTTGAAAGAAAGGCT,TTG,0.9151,11,FALSE,FALSE,-2.332995,8
NZ_CP025209.1,CDS,1171754,1172731,-,ID=gene-AL06_RS05860;Dbxref=GeneID:69499463;Name=AL06_RS05860;gbkey=Gene;gene_biotype=protein_coding;locus_tag=AL06_RS05860;old_locus_tag=CXF52_RS05865,AL06_RS05860,protein_coding,1172756,1174222,1170730,1171761,FALSE,TRUE,GATAACGTGGAGATT,CTCAAACAAGCTGCA,ATG,-3.60793,8,TRUE,FALSE,0.9151,11
NZ_CP025209.1,CDS,1172756,1174222,-,ID=gene-AL06_RS05865;Dbxref=GeneID:69499464;Name=pafA;gbkey=Gene;gene=pafA;gene_biotype=protein_coding;locus_tag=AL06_RS05865;old_locus_tag=CXF52_RS05870,pafA,protein_coding,1174200,1174394,1171754,1172731,TRUE,FALSE,GAAGAGTTCGTTCGT,GATAACGTGGAGATT,ATG,-2.404895,9,FALSE,TRUE,-3.60793,8
NZ_CP025209.1,CDS,1174200,1174394,-,ID=gene-AL06_RS05870;Dbxref=GeneID:69499465;Name=AL06_RS05870;gbkey=Gene;gene_biotype=protein_coding;locus_tag=AL06_RS05870;old_locus_tag=CXF52_RS05875,AL06_RS05870,protein_coding,1174452,1175978,1172756,1174222,FALSE,TRUE,TCTTTAAGGAGCAAT,GAAGAGTTCGTTCGT,ATG,-6.768055,10,TRUE,FALSE,-2.404895,9
NZ_CP025209.1,CDS,1174452,1175978,-,ID=gene-AL06_RS05875;Dbxref=GeneID:69499466;Name=dop;gbkey=Gene;gene=dop;gene_biotype=protein_coding;locus_tag=AL06_RS05875;old_locus_tag=CXF52_RS05880,dop,protein_coding,1175975,1177504,1174200,1174394,TRUE,FALSE,GAGTACTGGGAGGAC,TCTTTAAGGAGCAAT,ATG,-8.39374,7,TRUE,TRUE,-6.768055,10
NZ_CP025209.1,CDS,1175975,1177504,-,ID=gene-AL06_RS05880;Dbxref=GeneID:69499467;Name=arc;gbkey=Gene;gene=arc;gene_biotype=protein_coding;locus_tag=AL06_RS05880;old_locus_tag=CXF52_RS05885,arc,protein_coding,1177601,1178437,1174452,1175978,FALSE,TRUE,AATTAGTAAGGTAAG,GAGTACTGGGAGGAC,ATG,-4.468055,6,TRUE,TRUE,-8.39374,7
NZ_CP025209.1,CDS,1177601,1178437,-,ID=gene-AL06_RS05885;Dbxref=GeneID:69499468;Name=AL06_RS05885;gbkey=Gene;gene_biotype=protein_coding;locus_tag=AL06_RS05885;old_locus_tag=CXF52_RS05890,AL06_RS05885,protein_coding,1178444,1179820,1175975,1177504,FALSE,FALSE,TCTGGTAGGTTAAAT,AATTAGTAAGGTAAG,ATG,-3.82996,10,TRUE,TRUE,-4.468055,6
NZ_CP025209.1,CDS,1178444,1179820,-,ID=gene-AL06_RS05890;Dbxref=GeneID:69499469;Name=AL06_RS05890;gbkey=Gene;gene_biotype=protein_coding;locus_tag=AL06_RS05890;old_locus_tag=CXF52_RS05895,AL06_RS05890,protein_coding,1181192,1182844,1177601,1178437,FALSE,FALSE,AACACGCGTTGTCTA,TCTGGTAGGTTAAAT,ATG,1.77826,11,FALSE,TRUE,-3.82996,10
NZ_CP025209.1,CDS,1179904,1180770,+,ID=gene-AL06_RS05895;Dbxref=GeneID:69499470;Name=AL06_RS05895;gbkey=Gene;gene_biotype=protein_coding;locus_tag=AL06_RS05895;old_locus_tag=CXF52_RS05900,AL06_RS05895,protein_coding,1168706,1169176,1180864,1181118,FALSE,FALSE,TCATACAATATTGAA,TATTGTGCTGAATTC,ATG,2.00029,6,FALSE,FALSE,1.77826,14
NZ_CP025209.1,CDS,1180864,1181118,+,ID=gene-AL06_RS05900;Dbxref=GeneID:69499471;Name=AL06_RS05900;gbkey=Gene;gene_biotype=protein_coding;locus_tag=AL06_RS05900;old_locus_tag=CXF52_RS05905,AL06_RS05900,protein_coding,1179904,1180770,1194841,1195839,FALSE,FALSE,TATTGTGCTGAATTC,ACTGTCTACGACTCT,ATG,1.77826,14,FALSE,FALSE,1.77826,15
NZ_CP025209.1,CDS,1181192,1182844,-,ID=gene-AL06_RS05905;Dbxref=GeneID:69499472;Name=AL06_RS05905;gbkey=Gene;gene_biotype=protein_coding;locus_tag=AL06_RS05905;old_locus_tag=CXF52_RS05910,AL06_RS05905,protein_coding,1182981,1184555,1178444,1179820,FALSE,FALSE,AGAAAGCATCGAATC,AACACGCGTTGTCTA,ATG,0.9151,15,FALSE,FALSE,1.77826,11
NZ_CP025209.1,CDS,1182981,1184555,-,ID=gene-AL06_RS05910;Dbxref=GeneID:69499473;Name=aspA;gbkey=Gene;gene=aspA;gene_biotype=protein_coding;locus_tag=AL06_RS05910;old_locus_tag=CXF52_RS05915,aspA,protein_coding,1184830,1186137,1181192,1182844,FALSE,FALSE,CTACAACAGGAGAGT,AGAAAGCATCGAATC,ATG,-7.44969,6,TRUE,FALSE,0.9151,15
NZ_CP025209.1,CDS,1184830,1186137,-,ID=gene-AL06_RS05915;Dbxref=GeneID:69499474;Name=AL06_RS05915;gbkey=Gene;gene_biotype=protein_coding;locus_tag=AL06_RS05915;old_locus_tag=CXF52_RS05920,AL06_RS05915,protein_coding,1186498,1187343,1182981,1184555,FALSE,FALSE,GTAAAGGTCGGGTGT,CTACAACAGGAGAGT,GTG,-8.43894,8,TRUE,TRUE,-7.44969,6
NZ_CP025209.1,CDS,1186498,1187343,-,ID=gene-AL06_RS05920;Dbxref=GeneID:69499475;Name=hisG;gbkey=Gene;gene=hisG;gene_biotype=protein_coding;locus_tag=AL06_RS05920;old_locus_tag=CXF52_RS05925,hisG,protein_coding,1187425,1187688,1184830,1186137,FALSE,FALSE,GATAAGGCTACACAA,GTAAAGGTCGGGTGT,ATG,-2.332995,14,FALSE,TRUE,-8.43894,8
NZ_CP025209.1,CDS,1187425,1187688,-,ID=gene-AL06_RS05925;Dbxref=GeneID:69499476;Name=AL06_RS05925;gbkey=Gene;gene_biotype=protein_coding;locus_tag=AL06_RS05925;old_locus_tag=CXF52_RS05930,AL06_RS05925,protein_coding,1187707,1188402,1186498,1187343,FALSE,FALSE,GGTATGTCATACTAA,GATAAGGCTACACAA,GTG,-1.669835,17,FALSE,FALSE,-2.332995,14
NZ_CP025209.1,CDS,1187707,1188402,-,ID=gene-AL06_RS05930;Dbxref=GeneID:69499477;Name=AL06_RS05930;gbkey=Gene;gene_biotype=protein_coding;locus_tag=AL06_RS05930;old_locus_tag=CXF52_RS05935,AL06_RS05930,protein_coding,1188446,1192048,1187425,1187688,FALSE,FALSE,GATTGCTAGCCTATG,GGTATGTCATACTAA,ATG,1.1151,12,FALSE,FALSE,-1.669835,17
NZ_CP025209.1,CDS,1188446,1192048,-,ID=gene-AL06_RS05935;Dbxref=GeneID:69499478;Name=metH;gbkey=Gene;gene=metH;gene_biotype=protein_coding;locus_tag=AL06_RS05935;old_locus_tag=CXF52_RS05940,metH,protein_coding,1192124,1192519,1187707,1188402,FALSE,FALSE,ATACTAAGCTGTCTA,GATTGCTAGCCTATG,ATG,0.9151,13,FALSE,FALSE,1.1151,12
NZ_CP025209.1,CDS,1192124,1192519,-,ID=gene-AL06_RS05940;Dbxref=GeneID:69499479;Name=AL06_RS05940;gbkey=Gene;gene_biotype=protein_coding;locus_tag=AL06_RS05940;old_locus_tag=CXF52_RS05945,AL06_RS05940,protein_coding,1192520,1193764,1188446,1192048,FALSE,FALSE,ATTGGGAGTGAAGAT,ATACTAAGCTGTCTA,ATG,-5.145645,12,TRUE,FALSE,0.9151,13
NZ_CP025209.1,CDS,1192520,1193764,-,ID=gene-AL06_RS05945;Dbxref=GeneID:69499480;Name=mshC;gbkey=Gene;gene=mshC;gene_biotype=protein_coding;locus_tag=AL06_RS05945;old_locus_tag=CXF52_RS05950,mshC,protein_coding,1193810,1194658,1192124,1192519,FALSE,FALSE,AGCAGGTAATGTTGA,ATTGGGAGTGAAGAT,ATG,-3.92996,13,TRUE,TRUE,-5.145645,12
NZ_CP025209.1,CDS,1193810,1194658,-,ID=gene-AL06_RS05950;Dbxref=GeneID:69499481;Name=AL06_RS05950;gbkey=Gene;gene_biotype=protein_coding;locus_tag=AL06_RS05950;old_locus_tag=CXF52_RS05955,AL06_RS05950,protein_coding,1197416,1197973,1192520,1193764,FALSE,FALSE,AAATGTATTAGCCCA,AGCAGGTAATGTTGA,TTG,1.1151,10,FALSE,TRUE,-3.92996,13
NZ_CP025209.1,CDS,1194841,1195839,+,ID=gene-AL06_RS05955;Dbxref=GeneID:69499482;Name=AL06_RS05955;gbkey=Gene;gene_biotype=protein_coding;locus_tag=AL06_RS05955;old_locus_tag=CXF52_RS05960,AL06_RS05955,protein_coding,1180864,1181118,1195880,1196995,FALSE,FALSE,ACTGTCTACGACTCT,AGCGAAAGGCCTATC,ATG,1.77826,15,FALSE,FALSE,-2.332995,12
NZ_CP025209.1,CDS,1195880,1196995,+,ID=gene-AL06_RS05960;Dbxref=GeneID:69499483;Name=AL06_RS05960;gbkey=Gene;gene_biotype=protein_coding;locus_tag=AL06_RS05960;old_locus_tag=CXF52_RS05965,AL06_RS05960,protein_coding,1194841,1195839,1198148,1198233,FALSE,FALSE,AGCGAAAGGCCTATC,CAGCTGAAAGACACA,ATG,-2.332995,12,FALSE,FALSE,0.9151,11
NZ_CP025209.1,CDS,1197416,1197973,-,ID=gene-AL06_RS05970;Dbxref=GeneID:69499484;Name=AL06_RS05970;gbkey=Gene;gene_biotype=protein_coding;locus_tag=AL06_RS05970;old_locus_tag=CXF52_RS05975,AL06_RS05970,protein_coding,1198349,1198504,1193810,1194658,FALSE,FALSE,CCAGACGTTTGCTTT,AAATGTATTAGCCCA,ATG,1.2151,17,FALSE,FALSE,1.1151,10
NZ_CP025209.1,tRNA,1198148,1198233,+,ID=gene-AL06_RS05975;Dbxref=GeneID:69499485;Name=AL06_RS05975;gbkey=Gene;gene_biotype=tRNA;locus_tag=AL06_RS05975;old_locus_tag=CXF52_RS05980,AL06_RS05975,tRNA,1195880,1196995,1207321,1208022,FALSE,FALSE,CAGCTGAAAGACACA,CGGGCTAAAGTTAGC,GCC,0.9151,11,FALSE,FALSE,-1.29604,16
NZ_CP025209.1,CDS,1198349,1198504,-,ID=gene-AL06_RS12145;Dbxref=GeneID:69500611;Name=AL06_RS12145;gbkey=Gene;gene_biotype=protein_coding;locus_tag=AL06_RS12145,AL06_RS12145,protein_coding,1198501,1199730,1197416,1197973,TRUE,FALSE,CGAGGGGTTTTTCGG,CCAGACGTTTGCTTT,ATG,-7.22615,12,TRUE,FALSE,1.2151,17
NZ_CP025209.1,CDS,1198501,1199730,-,ID=gene-AL06_RS05980;Dbxref=GeneID:69499486;Name=AL06_RS05980;gbkey=Gene;gene_biotype=protein_coding;locus_tag=AL06_RS05980;old_locus_tag=CXF52_RS05985,AL06_RS05980,protein_coding,1201003,1201689,1198349,1198504,FALSE,TRUE,AATCTTGGAGGATTC,CGAGGGGTTTTTCGG,ATG,-6.856025,9,TRUE,TRUE,-7.22615,12
NZ_CP025209.1,CDS,1201003,1201689,-,ID=gene-AL06_RS06000;Dbxref=GeneID:69499487;Name=AL06_RS06000;gbkey=Gene;gene_biotype=protein_coding;locus_tag=AL06_RS06000;old_locus_tag=CXF52_RS06005,AL06_RS06000,protein_coding,1201860,1202963,1198501,1199730,FALSE,FALSE,CTTTGACTTGGACGC,AATCTTGGAGGATTC,ATG,-1.247805,8,FALSE,TRUE,-6.856025,9
NZ_CP025209.1,CDS,1201860,1202963,-,ID=gene-AL06_RS06005;Dbxref=GeneID:69499488;Name=meaB;gbkey=Gene;gene=meaB;gene_biotype=protein_coding;locus_tag=AL06_RS06005;old_locus_tag=CXF52_RS06010,meaB,protein_coding,1203050,1205257,1201003,1201689,FALSE,FALSE,AGCAGGAAGGTTTCA,CTTTGACTTGGACGC,ATG,-8.113115,10,TRUE,FALSE,-1.247805,8
NZ_CP025209.1,CDS,1203050,1205257,-,ID=gene-AL06_RS06010;Dbxref=GeneID:69499489;Name=scpA;gbkey=Gene;gene=scpA;gene_biotype=protein_coding;locus_tag=AL06_RS06010;old_locus_tag=CXF52_RS06015,scpA,protein_coding,1205260,1207071,1201860,1202963,FALSE,FALSE,AGAAGTTGGGAGCTT,AGCAGGAAGGTTTCA,ATG,-5.145645,8,TRUE,TRUE,-8.113115,10
NZ_CP025209.1,CDS,1205260,1207071,-,ID=gene-AL06_RS06015;Dbxref=GeneID:69499490;Name=AL06_RS06015;gbkey=Gene;gene_biotype=protein_coding;locus_tag=AL06_RS06015;old_locus_tag=CXF52_RS06020,AL06_RS06015,protein_coding,1208754,1209857,1203050,1205257,FALSE,FALSE,AGGGGAGTGGGTTCC,AGAAGTTGGGAGCTT,GTG,-6.83894,12,TRUE,TRUE,-5.145645,8
NZ_CP025209.1,CDS,1207321,1208022,+,ID=gene-AL06_RS06020;Dbxref=GeneID:69499491;Name=AL06_RS06020;gbkey=Gene;gene_biotype=protein_coding;locus_tag=AL06_RS06020;old_locus_tag=CXF52_RS06025,AL06_RS06020,protein_coding,1198148,1198233,1208083,1208649,FALSE,FALSE,CGGGCTAAAGTTAGC,TCGAGAGGATCATTC,GTG,-1.29604,16,FALSE,TRUE,-4.40793,12
NZ_CP025209.1,CDS,1208083,1208649,+,ID=gene-AL06_RS06025;Dbxref=GeneID:69499492;Name=AL06_RS06025;gbkey=Gene;gene_biotype=protein_coding;locus_tag=AL06_RS06025;old_locus_tag=CXF52_RS06030,AL06_RS06025,protein_coding,1207321,1208022,1211254,1212039,FALSE,FALSE,TCGAGAGGATCATTC,CGCTAAGGTCTTTAA,ATG,-4.40793,12,TRUE,TRUE,-3.82996,11
NZ_CP025209.1,CDS,1208754,1209857,-,ID=gene-AL06_RS06030;Dbxref=GeneID:69499493;Name=AL06_RS06030;gbkey=Gene;gene_biotype=protein_coding;locus_tag=AL06_RS06030;old_locus_tag=CXF52_RS06035,AL06_RS06030,protein_coding,1209875,1210354,1205260,1207071,FALSE,FALSE,GATAGTTCTTGCAGT,AGGGGAGTGGGTTCC,ATG,1.1151,16,FALSE,TRUE,-6.83894,12
NZ_CP025209.1,CDS,1209875,1210354,-,ID=gene-AL06_RS06035;Dbxref=GeneID:69499494;Name=AL06_RS06035;gbkey=Gene;gene_biotype=protein_coding;locus_tag=AL06_RS06035;old_locus_tag=CXF52_RS06040,AL06_RS06035,protein_coding,1210376,1211218,1208754,1209857,FALSE,FALSE,CGCCTCGCTCATATT,GATAGTTCTTGCAGT,ATG,3.775225,8,FALSE,FALSE,1.1151,16
NZ_CP025209.1,CDS,1210376,1211218,-,ID=gene-AL06_RS06040;Dbxref=GeneID:69499495;Name=AL06_RS06040;gbkey=Gene;gene_biotype=protein_coding;locus_tag=AL06_RS06040;old_locus_tag=CXF52_RS06045,AL06_RS06040,protein_coding,1212012,1213145,1209875,1210354,FALSE,FALSE,GCGGATAGGCTGTGG,CGCCTCGCTCATATT,ATG,-3.756025,11,TRUE,FALSE,3.775225,8
NZ_CP025209.1,CDS,1211254,1212039,+,ID=gene-AL06_RS11865;Dbxref=GeneID:69500558;Name=AL06_RS11865;gbkey=Gene;gene_biotype=protein_coding;locus_tag=AL06_RS11865,AL06_RS11865,protein_coding,1208083,1208649,1215718,1218522,FALSE,FALSE,CGCTAAGGTCTTTAA,AAACGAAGTGGAGCT,ATG,-3.82996,11,TRUE,TRUE,-3.60793,7
NZ_CP025209.1,CDS,1212012,1213145,-,ID=gene-AL06_RS06050;Dbxref=GeneID:69499496;Name=AL06_RS06050;gbkey=Gene;gene_biotype=protein_coding;locus_tag=AL06_RS06050;old_locus_tag=CXF52_RS06055,AL06_RS06050,protein_coding,1213237,1214955,1210376,1211218,FALSE,FALSE,AGTGTTAAGCTAACT,GCGGATAGGCTGTGG,ATG,0.9151,12,FALSE,TRUE,-3.756025,11
NZ_CP025209.1,CDS,1213237,1214955,-,ID=gene-AL06_RS06055;Dbxref=GeneID:69499497;Name=AL06_RS06055;gbkey=Gene;gene_biotype=protein_coding;locus_tag=AL06_RS06055;old_locus_tag=CXF52_RS06060,AL06_RS06055,protein_coding,1222028,1223659,1212012,1213145,FALSE,FALSE,CGTTTATAGGAGTAG,AGTGTTAAGCTAACT,GTG,-8.41615,6,TRUE,FALSE,0.9151,12
NZ_CP025209.1,CDS,1215718,1218522,+,ID=gene-AL06_RS06065;Dbxref=GeneID:69499498;Name=acnA;gbkey=Gene;gene=acnA;gene_biotype=protein_coding;locus_tag=AL06_RS06065;old_locus_tag=CXF52_RS06070,acnA,protein_coding,1211254,1212039,1218632,1219204,FALSE,FALSE,AAACGAAGTGGAGCT,AAGGGGCTACCAATA,GTG,-3.60793,7,TRUE,TRUE,-5.99388,15
NZ_CP025209.1,CDS,1218632,1219204,+,ID=gene-AL06_RS06070;Dbxref=GeneID:69499499;Name=AL06_RS06070;gbkey=Gene;gene_biotype=protein_coding;locus_tag=AL06_RS06070;old_locus_tag=CXF52_RS06075,AL06_RS06070,protein_coding,1215718,1218522,1219239,1219958,FALSE,FALSE,AAGGGGCTACCAATA,GTAGTCTAGAGTGAC,ATG,-5.99388,15,TRUE,FALSE,-0.359835,9
NZ_CP025209.1,CDS,1219239,1219958,+,ID=gene-AL06_RS06075;Dbxref=GeneID:69499500;Name=AL06_RS06075;gbkey=Gene;gene_biotype=protein_coding;locus_tag=AL06_RS06075;old_locus_tag=CXF52_RS06080,AL06_RS06075,protein_coding,1218632,1219204,1220047,1220316,FALSE,FALSE,GTAGTCTAGAGTGAC,AAGAAGTAATATAAC,ATG,-0.359835,9,FALSE,FALSE,0.9151,18
NZ_CP025209.1,CDS,1220047,1220316,+,ID=gene-AL06_RS06080;Dbxref=GeneID:69499501;Name=AL06_RS06080;gbkey=Gene;gene_biotype=protein_coding;locus_tag=AL06_RS06080;old_locus_tag=CXF52_RS06085,AL06_RS06080,protein_coding,1219239,1219958,1220333,1221697,FALSE,FALSE,AAGAAGTAATATAAC,TAGGAAGATTCATAG,ATG,0.9151,18,FALSE,TRUE,-4.20793,16
NZ_CP025209.1,CDS,1220333,1221697,+,ID=gene-AL06_RS06085;Dbxref=GeneID:69499502;Name=AL06_RS06085;gbkey=Gene;gene_biotype=protein_coding;locus_tag=AL06_RS06085;old_locus_tag=CXF52_RS06090,AL06_RS06085,protein_coding,1220047,1220316,1230493,1232382,FALSE,FALSE,TAGGAAGATTCATAG,GGGGTAACCCCCCTT,ATG,-4.20793,16,TRUE,TRUE,-5.43072,15
NZ_CP025209.1,CDS,1222028,1223659,-,ID=gene-AL06_RS06090;Dbxref=GeneID:69499503;Name=AL06_RS06090;gbkey=Gene;gene_biotype=protein_coding;locus_tag=AL06_RS06090;old_locus_tag=CXF52_RS06095,AL06_RS06090,protein_coding,1223756,1224184,1213237,1214955,FALSE,FALSE,GTTGATAGGATAACC,CGTTTATAGGAGTAG,GTG,-4.20793,11,TRUE,TRUE,-8.41615,6
NZ_CP025209.1,CDS,1223756,1224184,-,ID=gene-AL06_RS06095;Dbxref=GeneID:69499504;Name=AL06_RS06095;gbkey=Gene;gene_biotype=protein_coding;locus_tag=AL06_RS06095;old_locus_tag=CXF52_RS06100,AL06_RS06095,protein_coding,1224181,1224630,1222028,1223659,TRUE,FALSE,AAGCATTGGAAGGGA,GTTGATAGGATAACC,ATG,-4.456165,7,TRUE,TRUE,-4.20793,11
NZ_CP025209.1,CDS,1224181,1224630,-,ID=gene-AL06_RS06100;Dbxref=GeneID:69499505;Name=AL06_RS06100;gbkey=Gene;gene_biotype=protein_coding;locus_tag=AL06_RS06100;old_locus_tag=CXF52_RS06105,AL06_RS06100,protein_coding,1224634,1225914,1223756,1224184,FALSE,TRUE,TGAGGAAGGGAAGTA,AAGCATTGGAAGGGA,ATG,-6.91615,11,TRUE,TRUE,-4.456165,7
NZ_CP025209.1,CDS,1224634,1225914,-,ID=gene-AL06_RS06105;Dbxref=GeneID:69499506;Name=AL06_RS06105;gbkey=Gene;gene_biotype=protein_coding;locus_tag=AL06_RS06105;old_locus_tag=CXF52_RS06110,AL06_RS06105,protein_coding,1225914,1226672,1224181,1224630,TRUE,FALSE,ACGACCGGTTCTTGG,TGAGGAAGGGAAGTA,ATG,-1.469835,11,FALSE,TRUE,-6.91615,11
NZ_CP025209.1,CDS,1225914,1226672,-,ID=gene-AL06_RS06110;Dbxref=GeneID:69499507;Name=sufC;gbkey=Gene;gene=sufC;gene_biotype=protein_coding;locus_tag=AL06_RS06110;old_locus_tag=CXF52_RS06115,sufC,protein_coding,1226701,1227876,1224634,1225914,FALSE,TRUE,ACGGAAAGCACATCC,ACGACCGGTTCTTGG,ATG,-1.247805,15,FALSE,FALSE,-1.469835,11
NZ_CP025209.1,CDS,1226701,1227876,-,ID=gene-AL06_RS06115;Dbxref=GeneID:69499508;Name=sufD;gbkey=Gene;gene=sufD;gene_biotype=protein_coding;locus_tag=AL06_RS06115;old_locus_tag=CXF52_RS06120,sufD,protein_coding,1227879,1229333,1225914,1226672,FALSE,FALSE,AAGGATCGGTGGGCT,ACGGAAAGCACATCC,ATG,-9.213115,11,TRUE,FALSE,-1.247805,15
NZ_CP025209.1,CDS,1227879,1229333,-,ID=gene-AL06_RS06120;Dbxref=GeneID:69499509;Name=sufB;gbkey=Gene;gene=sufB;gene_biotype=protein_coding;locus_tag=AL06_RS06120;old_locus_tag=CXF52_RS06125,sufB,protein_coding,1229330,1230055,1226701,1227876,TRUE,FALSE,CCACTGAAAGGAGCG,AAGGATCGGTGGGCT,ATG,-7.81615,6,TRUE,TRUE,-9.213115,11
NZ_CP025209.1,CDS,1229330,1230055,-,ID=gene-AL06_RS06125;Dbxref=GeneID:69499510;Name=AL06_RS06125;gbkey=Gene;gene_biotype=protein_coding;locus_tag=AL06_RS06125;old_locus_tag=CXF52_RS06130,AL06_RS06125,protein_coding,1235297,1236244,1227879,1229333,FALSE,TRUE,AAACTATTCGGAATA,CCACTGAAAGGAGCG,GTG,-1.247805,8,FALSE,TRUE,-7.81615,6
NZ_CP025209.1,CDS,1230493,1232382,+,ID=gene-AL06_RS06130;Dbxref=GeneID:69499511;Name=mptB;gbkey=Gene;gene=mptB;gene_biotype=protein_coding;locus_tag=AL06_RS06130;old_locus_tag=CXF52_RS06135,mptB,protein_coding,1220333,1221697,1232407,1233360,FALSE,FALSE,GGGGTAACCCCCCTT,TGCTTTAAACTGACT,ATG,-5.43072,15,TRUE,FALSE,2.00029,7
NZ_CP025209.1,CDS,1232407,1233360,+,ID=gene-AL06_RS06135;Dbxref=GeneID:69499512;Name=AL06_RS06135;gbkey=Gene;gene_biotype=protein_coding;locus_tag=AL06_RS06135;old_locus_tag=CXF52_RS06140,AL06_RS06135,protein_coding,1230493,1232382,1233363,1234160,FALSE,FALSE,TGCTTTAAACTGACT,ACGAGCTAAGGAGCT,GTG,2.00029,7,FALSE,TRUE,-6.768055,8
NZ_CP025209.1,CDS,1233363,1234160,+,ID=gene-AL06_RS06140;Dbxref=GeneID:69499513;Name=AL06_RS06140;gbkey=Gene;gene_biotype=protein_coding;locus_tag=AL06_RS06140;old_locus_tag=CXF52_RS06145,AL06_RS06140,protein_coding,1232407,1233360,1234241,1235179,FALSE,FALSE,ACGAGCTAAGGAGCT,CTGAGTACAATCTGG,ATG,-6.768055,8,TRUE,FALSE,-0.872870000000002,5
NZ_CP025209.1,CDS,1234241,1235179,+,ID=gene-AL06_RS06145;Dbxref=GeneID:69499514;Name=AL06_RS06145;gbkey=Gene;gene_biotype=protein_coding;locus_tag=AL06_RS06145;old_locus_tag=CXF52_RS06150,AL06_RS06145,protein_coding,1233363,1234160,1236607,1238709,FALSE,FALSE,CTGAGTACAATCTGG,AACACAAGGATGGCA,GTG,-0.872870000000002,5,FALSE,TRUE,-6.11615,8
NZ_CP025209.1,CDS,1235297,1236244,-,ID=gene-AL06_RS06150;Dbxref=GeneID:69499515;Name=AL06_RS06150;gbkey=Gene;gene_biotype=protein_coding;locus_tag=AL06_RS06150;old_locus_tag=CXF52_RS06155,AL06_RS06150,protein_coding,1243420,1243653,1229330,1230055,FALSE,FALSE,ACGCACTTAACTTTT,AAACTATTCGGAATA,ATG,3.775225,12,FALSE,FALSE,-1.247805,8
NZ_CP025209.1,CDS,1236607,1238709,+,ID=gene-AL06_RS06155;Dbxref=GeneID:69499516;Name=tkt;gbkey=Gene;gene=tkt;gene_biotype=protein_coding;locus_tag=AL06_RS06155;old_locus_tag=CXF52_RS06160,tkt,protein_coding,1234241,1235179,1238833,1239915,FALSE,FALSE,AACACAAGGATGGCA,TCGACTGAAAAGGTT,GTG,-6.11615,8,TRUE,TRUE,-3.82996,6
NZ_CP025209.1,CDS,1238833,1239915,+,ID=gene-AL06_RS06160;Dbxref=GeneID:69499517;Name=tal;gbkey=Gene;gene=tal;gene_biotype=protein_coding;locus_tag=AL06_RS06160;old_locus_tag=CXF52_RS06165,tal,protein_coding,1236607,1238709,1239977,1241626,FALSE,FALSE,TCGACTGAAAAGGTT,CACCTTCGAGAGGGT,ATG,-3.82996,6,TRUE,TRUE,-4.456165,7
NZ_CP025209.1,CDS,1239977,1241626,+,ID=gene-AL06_RS06165;Dbxref=GeneID:69499518;Name=zwf;gbkey=Gene;gene=zwf;gene_biotype=protein_coding;locus_tag=AL06_RS06165;old_locus_tag=CXF52_RS06170,zwf,protein_coding,1238833,1239915,1241651,1242610,FALSE,FALSE,CACCTTCGAGAGGGT,GAGGAAGCTGAGATA,TTG,-4.456165,7,TRUE,TRUE,-4.40793,16
NZ_CP025209.1,CDS,1241651,1242610,+,ID=gene-AL06_RS06170;Dbxref=GeneID:69499519;Name=AL06_RS06170;gbkey=Gene;gene_biotype=protein_coding;locus_tag=AL06_RS06170;old_locus_tag=CXF52_RS06175,AL06_RS06170,protein_coding,1239977,1241626,1242636,1243352,FALSE,FALSE,GAGGAAGCTGAGATA,CGAAAGATGAAGCAC,GTG,-4.40793,16,TRUE,FALSE,0.9151,15
NZ_CP025209.1,CDS,1242636,1243352,+,ID=gene-AL06_RS06175;Dbxref=GeneID:69499520;Name=pgl;gbkey=Gene;gene=pgl;gene_biotype=protein_coding;locus_tag=AL06_RS06175;old_locus_tag=CXF52_RS06180,pgl,protein_coding,1241651,1242610,1275556,1276917,FALSE,FALSE,CGAAAGATGAAGCAC,ATCGGCGAGAAAGGC,ATG,0.9151,15,FALSE,FALSE,-2.332995,7
NZ_CP025209.1,CDS,1243420,1243653,-,ID=gene-AL06_RS06180;Dbxref=GeneID:69499521;Name=secG;gbkey=Gene;gene=secG;gene_biotype=protein_coding;locus_tag=AL06_RS06180;old_locus_tag=CXF52_RS06185,secG,protein_coding,1243827,1244609,1235297,1236244,FALSE,FALSE,GGCATTTATAAGGAA,ACGCACTTAACTTTT,ATG,-4.40793,7,TRUE,FALSE,3.775225,12
NZ_CP025209.1,CDS,1243827,1244609,-,ID=gene-AL06_RS06185;Dbxref=GeneID:69499522;Name=tpiA;gbkey=Gene;gene=tpiA;gene_biotype=protein_coding;locus_tag=AL06_RS06185;old_locus_tag=CXF52_RS06190,tpiA,protein_coding,1244721,1245938,1243420,1243653,FALSE,FALSE,AAAGGAAGGAAATTC,GGCATTTATAAGGAA,ATG,-6.11615,12,TRUE,TRUE,-4.40793,7
NZ_CP025209.1,CDS,1244721,1245938,-,ID=gene-AL06_RS06190;Dbxref=GeneID:69499523;Name=AL06_RS06190;gbkey=Gene;gene_biotype=protein_coding;locus_tag=AL06_RS06190;old_locus_tag=CXF52_RS06195,AL06_RS06190,protein_coding,1246069,1247073,1243827,1244609,FALSE,FALSE,CCACGGAATAGGTTT,AAAGGAAGGAAATTC,ATG,-5.65299,7,TRUE,TRUE,-6.11615,12
NZ_CP025209.1,CDS,1246069,1247073,-,ID=gene-AL06_RS06195;Dbxref=GeneID:69499524;Name=gap;gbkey=Gene;gene=gap;gene_biotype=protein_coding;locus_tag=AL06_RS06195;old_locus_tag=CXF52_RS06200,gap,protein_coding,1247446,1248432,1244721,1245938,FALSE,FALSE,AATGTGAGGAGATAT,CCACGGAATAGGTTT,GTG,-6.768055,10,TRUE,TRUE,-5.65299,7
NZ_CP025209.1,CDS,1247446,1248432,-,ID=gene-AL06_RS06200;Dbxref=GeneID:69499525;Name=whiA;gbkey=Gene;gene=whiA;gene_biotype=protein_coding;locus_tag=AL06_RS06200;old_locus_tag=CXF52_RS06205,whiA,protein_coding,1248526,1249497,1246069,1247073,FALSE,FALSE,AACGTGAAGGAACGG,AATGTGAGGAGATAT,GTG,-8.61615,6,TRUE,TRUE,-6.768055,10
NZ_CP025209.1,CDS,1248526,1249497,-,ID=gene-AL06_RS06205;Dbxref=GeneID:69499526;Name=yvcK;gbkey=Gene;gene=yvcK;gene_biotype=protein_coding;locus_tag=AL06_RS06205;old_locus_tag=CXF52_RS06210,yvcK,protein_coding,1249516,1250415,1247446,1248432,FALSE,FALSE,GTGAGGATTGAGTCT,AACGTGAAGGAACGG,GTG,-5.313115,8,TRUE,TRUE,-8.61615,6
NZ_CP025209.1,CDS,1249516,1250415,-,ID=gene-AL06_RS06210;Dbxref=GeneID:69499527;Name=rapZ;gbkey=Gene;gene=rapZ;gene_biotype=protein_coding;locus_tag=AL06_RS06210;old_locus_tag=CXF52_RS06215,rapZ,protein_coding,1250421,1252484,1248526,1249497,FALSE,FALSE,CCTCAGTACAATAGG,GTGAGGATTGAGTCT,ATG,-3.332995,6,FALSE,TRUE,-5.313115,8
NZ_CP025209.1,CDS,1250421,1252484,-,ID=gene-AL06_RS06215;Dbxref=GeneID:69499528;Name=uvrC;gbkey=Gene;gene=uvrC;gene_biotype=protein_coding;locus_tag=AL06_RS06215;old_locus_tag=CXF52_RS06220,uvrC,protein_coding,1252494,1253054,1249516,1250415,FALSE,FALSE,AGAGGATTAAGCCAC,CCTCAGTACAATAGG,GTG,-4.40793,15,TRUE,FALSE,-3.332995,6
NZ_CP025209.1,CDS,1252494,1253054,-,ID=gene-AL06_RS06220;Dbxref=GeneID:69499529;Name=AL06_RS06220;gbkey=Gene;gene_biotype=protein_coding;locus_tag=AL06_RS06220;old_locus_tag=CXF52_RS06225,AL06_RS06220,protein_coding,1253193,1253660,1250421,1252484,FALSE,FALSE,GTGAATTAGGGTAAA,AGAGGATTAAGCCAC,GTG,-4.678055,7,TRUE,TRUE,-4.40793,15
NZ_CP025209.1,CDS,1253193,1253660,-,ID=gene-AL06_RS06225;Dbxref=GeneID:69499530;Name=ribH;gbkey=Gene;gene=ribH;gene_biotype=protein_coding;locus_tag=AL06_RS06225;old_locus_tag=CXF52_RS06230,ribH,protein_coding,1253661,1254929,1252494,1253054,FALSE,FALSE,CAACAAGGAGCAAAG,GTGAATTAGGGTAAA,GTG,-7.51615,6,TRUE,TRUE,-4.678055,7
NZ_CP025209.1,CDS,1253661,1254929,-,ID=gene-AL06_RS06230;Dbxref=GeneID:69499531;Name=AL06_RS06230;gbkey=Gene;gene_biotype=protein_coding;locus_tag=AL06_RS06230;old_locus_tag=CXF52_RS06235,AL06_RS06230,protein_coding,1255014,1255622,1253193,1253660,FALSE,FALSE,TAACAACGAGGCTTA,CAACAAGGAGCAAAG,ATA,-3.60793,9,TRUE,TRUE,-7.51615,6
NZ_CP025209.1,CDS,1255014,1255622,-,ID=gene-AL06_RS06235;Dbxref=GeneID:69499532;Name=AL06_RS06235;gbkey=Gene;gene_biotype=protein_coding;locus_tag=AL06_RS06235;old_locus_tag=CXF52_RS06240,AL06_RS06235,protein_coding,1255680,1256768,1253661,1254929,FALSE,FALSE,AAATAAAAGGATTAG,TAACAACGAGGCTTA,ATG,-4.40793,10,TRUE,TRUE,-3.60793,9
NZ_CP025209.1,CDS,1255680,1256768,-,ID=gene-AL06_RS06240;Dbxref=GeneID:69499533;Name=ribD;gbkey=Gene;gene=ribD;gene_biotype=protein_coding;locus_tag=AL06_RS06240;old_locus_tag=CXF52_RS06245,ribD,protein_coding,1256779,1257453,1255014,1255622,FALSE,FALSE,CGTGCCTAGACAGAA,AAATAAAAGGATTAG,ATG,1.1151,12,FALSE,TRUE,-4.40793,10
NZ_CP025209.1,CDS,1256779,1257453,-,ID=gene-AL06_RS06245;Dbxref=GeneID:69499534;Name=rpe;gbkey=Gene;gene=rpe;gene_biotype=protein_coding;locus_tag=AL06_RS06245;old_locus_tag=CXF52_RS06250,rpe,protein_coding,1257507,1258964,1255680,1256768,FALSE,FALSE,TCCACGCTAGACTGA,CGTGCCTAGACAGAA,ATG,1.1151,11,FALSE,FALSE,1.1151,12
NZ_CP025209.1,CDS,1257507,1258964,-,ID=gene-AL06_RS06250;Dbxref=GeneID:69499535;Name=AL06_RS06250;gbkey=Gene;gene_biotype=protein_coding;locus_tag=AL06_RS06250;old_locus_tag=CXF52_RS06255,AL06_RS06250,protein_coding,1258961,1259896,1256779,1257453,TRUE,FALSE,CAGAAGGCTTGGTGC,TCCACGCTAGACTGA,ATG,-2.49388,9,FALSE,FALSE,1.1151,11
NZ_CP025209.1,CDS,1258961,1259896,-,ID=gene-AL06_RS06255;Dbxref=GeneID:69499536;Name=fmt;gbkey=Gene;gene=fmt;gene_biotype=protein_coding;locus_tag=AL06_RS06255;old_locus_tag=CXF52_RS06260,fmt,protein_coding,1259933,1260442,1257507,1258964,FALSE,TRUE,AAGACTTAATGAGGA,CAGAAGGCTTGGTGC,ATG,-4.50793,6,TRUE,FALSE,-2.49388,9
NZ_CP025209.1,CDS,1259933,1260442,-,ID=gene-AL06_RS06260;Dbxref=GeneID:69499537;Name=def;gbkey=Gene;gene=def;gene_biotype=protein_coding;locus_tag=AL06_RS06260;old_locus_tag=CXF52_RS06265,def,protein_coding,1260522,1262549,1258961,1259896,FALSE,FALSE,AGAGACTAAAGGAAA,AAGACTTAATGAGGA,GTG,-4.40793,8,TRUE,TRUE,-4.50793,6
NZ_CP025209.1,CDS,1260522,1262549,-,ID=gene-AL06_RS06265;Dbxref=GeneID:69499538;Name=AL06_RS06265;gbkey=Gene;gene_biotype=protein_coding;locus_tag=AL06_RS06265;old_locus_tag=CXF52_RS06270,AL06_RS06265,protein_coding,1262568,1263800,1259933,1260442,FALSE,FALSE,AGTATGTAGAATCGT,AGAGACTAAAGGAAA,ATG,1.1151,12,FALSE,TRUE,-4.40793,8
NZ_CP025209.1,CDS,1262568,1263800,-,ID=gene-AL06_RS06270;Dbxref=GeneID:69499539;Name=metK;gbkey=Gene;gene=metK;gene_biotype=protein_coding;locus_tag=AL06_RS06270;old_locus_tag=CXF52_RS06275,metK,protein_coding,1263941,1265185,1260522,1262549,FALSE,FALSE,TTCACTGAAGGGCAA,AGTATGTAGAATCGT,GTG,-4.456165,9,TRUE,FALSE,1.1151,12
NZ_CP025209.1,CDS,1263941,1265185,-,ID=gene-AL06_RS06275;Dbxref=GeneID:69499540;Name=coaBC;gbkey=Gene;gene=coaBC;gene_biotype=protein_coding;locus_tag=AL06_RS06275;old_locus_tag=CXF52_RS06280,coaBC,protein_coding,1265287,1265565,1262568,1263800,FALSE,FALSE,CCAAAATAAGTGAGA,TTCACTGAAGGGCAA,ATG,-0.359835,6,FALSE,TRUE,-4.456165,9
NZ_CP025209.1,CDS,1265287,1265565,-,ID=gene-AL06_RS06280;Dbxref=GeneID:69499541;Name=rpoZ;gbkey=Gene;gene=rpoZ;gene_biotype=protein_coding;locus_tag=AL06_RS06280;old_locus_tag=CXF52_RS06285,rpoZ,protein_coding,1265639,1266214,1263941,1265185,FALSE,FALSE,GTGAAGAAGAGGTGC,CCAAAATAAGTGAGA,GTG,-5.904895,7,TRUE,FALSE,-0.359835,6
NZ_CP025209.1,CDS,1265639,1266214,-,ID=gene-AL06_RS06285;Dbxref=GeneID:69499542;Name=gmk;gbkey=Gene;gene=gmk;gene_biotype=protein_coding;locus_tag=AL06_RS06285;old_locus_tag=CXF52_RS06290,gmk,protein_coding,1266218,1266541,1265287,1265565,FALSE,FALSE,ATACTCGGAGGACTA,GTGAAGAAGAGGTGC,ATG,-6.856025,9,TRUE,TRUE,-5.904895,7
NZ_CP025209.1,CDS,1266218,1266541,-,ID=gene-AL06_RS06290;Dbxref=GeneID:69499543;Name=mihF;gbkey=Gene;gene=mihF;gene_biotype=protein_coding;locus_tag=AL06_RS06290;old_locus_tag=CXF52_RS06295,mihF,protein_coding,1266890,1267738,1265639,1266214,FALSE,FALSE,TTCGAATCGGAGGAA,ATACTCGGAGGACTA,GTG,-6.856025,7,TRUE,TRUE,-6.856025,9
NZ_CP025209.1,CDS,1266890,1267738,-,ID=gene-AL06_RS06295;Dbxref=GeneID:69499544;Name=pyrF;gbkey=Gene;gene=pyrF;gene_biotype=protein_coding;locus_tag=AL06_RS06295;old_locus_tag=CXF52_RS06300,pyrF,protein_coding,1267735,1271091,1266218,1266541,TRUE,FALSE,TAGATCATTCGGTGA,TTCGAATCGGAGGAA,ATG,-1.469835,7,FALSE,TRUE,-6.856025,7
NZ_CP025209.1,CDS,1267735,1271091,-,ID=gene-AL06_RS06300;Dbxref=GeneID:69499545;Name=carB;gbkey=Gene;gene=carB;gene_biotype=protein_coding;locus_tag=AL06_RS06300;old_locus_tag=CXF52_RS06305,carB,protein_coding,1271112,1272251,1266890,1267738,FALSE,TRUE,CACCAGGAAGGTAAA,TAGATCATTCGGTGA,ATG,-8.213115,9,TRUE,FALSE,-1.469835,7
NZ_CP025209.1,CDS,1271112,1272251,-,ID=gene-AL06_RS06305;Dbxref=GeneID:69499546;Name=carA;gbkey=Gene;gene=carA;gene_biotype=protein_coding;locus_tag=AL06_RS06305;old_locus_tag=CXF52_RS06310,carA,protein_coding,1272407,1273753,1267735,1271091,FALSE,FALSE,AAAAGTGAAAGGCGA,CACCAGGAAGGTAAA,GTG,-2.332995,9,FALSE,TRUE,-8.213115,9
NZ_CP025209.1,CDS,1272407,1273753,-,ID=gene-AL06_RS06310;Dbxref=GeneID:69499547;Name=AL06_RS06310;gbkey=Gene;gene_biotype=protein_coding;locus_tag=AL06_RS06310;old_locus_tag=CXF52_RS06315,AL06_RS06310,protein_coding,1273778,1274719,1271112,1272251,FALSE,FALSE,TCAAGGAAGAGCAGC,AAAAGTGAAAGGCGA,ATG,-4.40793,14,TRUE,FALSE,-2.332995,9
NZ_CP025209.1,CDS,1273778,1274719,-,ID=gene-AL06_RS06315;Dbxref=GeneID:69499548;Name=AL06_RS06315;gbkey=Gene;gene_biotype=protein_coding;locus_tag=AL06_RS06315;old_locus_tag=CXF52_RS06320,AL06_RS06315,protein_coding,1274719,1275291,1272407,1273753,TRUE,FALSE,GTGGCACGGAGGAAG,TCAAGGAAGAGCAGC,GTG,-6.856025,8,TRUE,TRUE,-4.40793,14
NZ_CP025209.1,CDS,1274719,1275291,-,ID=gene-AL06_RS06320;Dbxref=GeneID:69499549;Name=pyrR;gbkey=Gene;gene=pyrR;gene_biotype=protein_coding;locus_tag=AL06_RS06320;old_locus_tag=CXF52_RS06325,pyrR,protein_coding,1277823,1278422,1273778,1274719,FALSE,TRUE,GGCGGGAAAGGAGGT,GTGGCACGGAGGAAG,ATG,-11.64969,6,TRUE,TRUE,-6.856025,8
NZ_CP025209.1,CDS,1275556,1276917,+,ID=gene-AL06_RS06325;Dbxref=GeneID:69499550;Name=AL06_RS06325;gbkey=Gene;gene_biotype=protein_coding;locus_tag=AL06_RS06325;old_locus_tag=CXF52_RS06330,AL06_RS06325,protein_coding,1242636,1243352,1276923,1277360,FALSE,FALSE,ATCGGCGAGAAAGGC,TTCTCGATATTTAAT,ATG,-2.332995,7,FALSE,FALSE,2.00029,13
NZ_CP025209.1,CDS,1276923,1277360,+,ID=gene-AL06_RS06330;Dbxref=GeneID:69499551;Name=AL06_RS06330;gbkey=Gene;gene_biotype=protein_coding;locus_tag=AL06_RS06330;old_locus_tag=CXF52_RS06335,AL06_RS06330,protein_coding,1275556,1276917,1277357,1277770,FALSE,TRUE,TTCTCGATATTTAAT,GAGTGACTTGGGAGA,ATG,2.00029,13,FALSE,TRUE,-5.145645,6
NZ_CP025209.1,CDS,1277357,1277770,+,ID=gene-AL06_RS06335;Dbxref=GeneID:69499552;Name=AL06_RS06335;gbkey=Gene;gene_biotype=protein_coding;locus_tag=AL06_RS06335;old_locus_tag=CXF52_RS06340,AL06_RS06335,protein_coding,1276923,1277360,1294795,1295679,TRUE,FALSE,GAGTGACTTGGGAGA,CCTATGGCATGATGA,ATG,-5.145645,6,TRUE,FALSE,0.827129999999999,13
NZ_CP025209.1,CDS,1277823,1278422,-,ID=gene-AL06_RS06340;Dbxref=GeneID:69499553;Name=nusB;gbkey=Gene;gene=nusB;gene_biotype=protein_coding;locus_tag=AL06_RS06340;old_locus_tag=CXF52_RS06345,nusB,protein_coding,1278440,1279003,1274719,1275291,FALSE,FALSE,AATTGTGAGCGGTAA,GGCGGGAAAGGAGGT,GTG,-2.904895,7,FALSE,TRUE,-11.64969,6
NZ_CP025209.1,CDS,1278440,1279003,-,ID=gene-AL06_RS06345;Dbxref=GeneID:69499554;Name=efp;gbkey=Gene;gene=efp;gene_biotype=protein_coding;locus_tag=AL06_RS06345;old_locus_tag=CXF52_RS06350,efp,protein_coding,1279105,1280196,1277823,1278422,FALSE,FALSE,AAAGAAAGAAGTATT,AATTGTGAGCGGTAA,GTG,0.9151,17,FALSE,FALSE,-2.904895,7
NZ_CP025209.1,CDS,1279105,1280196,-,ID=gene-AL06_RS06350;Dbxref=GeneID:69499555;Name=AL06_RS06350;gbkey=Gene;gene_biotype=protein_coding;locus_tag=AL06_RS06350;old_locus_tag=CXF52_RS06355,AL06_RS06350,protein_coding,1280229,1280669,1278440,1279003,FALSE,FALSE,GATGTAGGAGAATAT,AAAGAAAGAAGTATT,ATG,-6.568055,11,TRUE,FALSE,0.9151,17
NZ_CP025209.1,CDS,1280229,1280669,-,ID=gene-AL06_RS06355;Dbxref=GeneID:69499556;Name=aroQ;gbkey=Gene;gene=aroQ;gene_biotype=protein_coding;locus_tag=AL06_RS06355;old_locus_tag=CXF52_RS06360,aroQ,protein_coding,1280670,1281749,1279105,1280196,FALSE,FALSE,TGCATTGGAGATGAG,GATGTAGGAGAATAT,ATG,-4.356025,5,TRUE,TRUE,-6.568055,11
NZ_CP025209.1,CDS,1280670,1281749,-,ID=gene-AL06_RS06360;Dbxref=GeneID:69499557;Name=aroB;gbkey=Gene;gene=aroB;gene_biotype=protein_coding;locus_tag=AL06_RS06360;old_locus_tag=CXF52_RS06365,aroB,protein_coding,1281796,1282344,1280229,1280669,FALSE,FALSE,GCCGAAAAGGAGTTA,TGCATTGGAGATGAG,GTG,-6.768055,9,TRUE,TRUE,-4.356025,5
NZ_CP025209.1,CDS,1281796,1282344,-,ID=gene-AL06_RS06365;Dbxref=GeneID:69499558;Name=AL06_RS06365;gbkey=Gene;gene_biotype=protein_coding;locus_tag=AL06_RS06365;old_locus_tag=CXF52_RS06370,AL06_RS06365,protein_coding,1282352,1283563,1280670,1281749,FALSE,FALSE,GATGGTGAGTAGGAA,GCCGAAAAGGAGTTA,ATG,-4.20793,7,TRUE,TRUE,-6.768055,9
NZ_CP025209.1,CDS,1282352,1283563,-,ID=gene-AL06_RS06370;Dbxref=GeneID:69499559;Name=aroC;gbkey=Gene;gene=aroC;gene_biotype=protein_coding;locus_tag=AL06_RS06370;old_locus_tag=CXF52_RS06375,aroC,protein_coding,1284154,1284996,1281796,1282344,FALSE,FALSE,ACATGCCATAATTTC,GATGGTGAGTAGGAA,ATG,3.775225,11,FALSE,TRUE,-4.20793,7
NZ_CP025209.1,CDS,1284154,1284996,-,ID=gene-AL06_RS06380;Dbxref=GeneID:69499560;Name=AL06_RS06380;gbkey=Gene;gene_biotype=protein_coding;locus_tag=AL06_RS06380;old_locus_tag=CXF52_RS06385,AL06_RS06380,protein_coding,1285118,1286266,1282352,1283563,FALSE,FALSE,TCATTTTATACTGAC,ACATGCCATAATTTC,ATG,2.00029,6,FALSE,FALSE,3.775225,11
NZ_CP025209.1,CDS,1285118,1286266,-,ID=gene-AL06_RS06385;Dbxref=GeneID:69499561;Name=mltG;gbkey=Gene;gene=mltG;gene_biotype=protein_coding;locus_tag=AL06_RS06385;old_locus_tag=CXF52_RS06390,mltG,protein_coding,1286379,1286894,1284154,1284996,FALSE,FALSE,AAACGAAAGGCTCAC,TCATTTTATACTGAC,ATG,-2.332995,11,FALSE,FALSE,2.00029,6
NZ_CP025209.1,CDS,1286379,1286894,-,ID=gene-AL06_RS06390;Dbxref=GeneID:69499562;Name=ruvX;gbkey=Gene;gene=ruvX;gene_biotype=protein_coding;locus_tag=AL06_RS06390;old_locus_tag=CXF52_RS06395,ruvX,protein_coding,1287160,1289826,1285118,1286266,FALSE,FALSE,ACGATGTAAGGATTT,AAACGAAAGGCTCAC,ATG,-4.40793,9,TRUE,FALSE,-2.332995,11
NZ_CP025209.1,CDS,1287160,1289826,-,ID=gene-AL06_RS06395;Dbxref=GeneID:69499563;Name=alaS;gbkey=Gene;gene=alaS;gene_biotype=protein_coding;locus_tag=AL06_RS06395;old_locus_tag=CXF52_RS06400,alaS,protein_coding,1289988,1291346,1286379,1286894,FALSE,FALSE,TCAAGCGAGGACTAC,ACGATGTAAGGATTT,GTG,-4.40793,10,TRUE,TRUE,-4.40793,9
NZ_CP025209.1,CDS,1289988,1291346,-,ID=gene-AL06_RS06400;Dbxref=GeneID:69499564;Name=AL06_RS06400;gbkey=Gene;gene_biotype=protein_coding;locus_tag=AL06_RS06400;old_locus_tag=CXF52_RS06405,AL06_RS06400,protein_coding,1291383,1292732,1287160,1289826,FALSE,FALSE,AAGGAGGATGAAGAG,TCAAGCGAGGACTAC,ATG,-10.01615,14,TRUE,TRUE,-4.40793,10
NZ_CP025209.1,CDS,1291383,1292732,-,ID=gene-AL06_RS06405;Dbxref=GeneID:69499565;Name=AL06_RS06405;gbkey=Gene;gene_biotype=protein_coding;locus_tag=AL06_RS06405;old_locus_tag=CXF52_RS06410,AL06_RS06405,protein_coding,1292768,1294567,1289988,1291346,FALSE,FALSE,GTGGGCTAGGCACTA,AAGGAGGATGAAGAG,TTG,-5.29374,10,TRUE,TRUE,-10.01615,14
NZ_CP025209.1,CDS,1292768,1294567,-,ID=gene-AL06_RS06410;Dbxref=GeneID:69499566;Name=aspS;gbkey=Gene;gene=aspS;gene_biotype=protein_coding;locus_tag=AL06_RS06410;old_locus_tag=CXF52_RS06415,aspS,protein_coding,1295760,1297328,1291383,1292732,FALSE,FALSE,GCGAAAGGATTTGGT,GTGGGCTAGGCACTA,GTG,-8.14969,6,TRUE,TRUE,-5.29374,10
NZ_CP025209.1,CDS,1294795,1295679,+,ID=gene-AL06_RS06415;Dbxref=GeneID:69499567;Name=AL06_RS06415;gbkey=Gene;gene_biotype=protein_coding;locus_tag=AL06_RS06415;old_locus_tag=CXF52_RS06420,AL06_RS06415,protein_coding,1277357,1277770,1301430,1302020,FALSE,FALSE,CCTATGGCATGATGA,CCCTCGAGGACTCTA,ATG,0.827129999999999,13,FALSE,TRUE,-4.40793,11
NZ_CP025209.1,CDS,1295760,1297328,-,ID=gene-AL06_RS12155;Dbxref=GeneID:69500613;Name=AL06_RS12155;gbkey=Gene;gene_biotype=protein_coding;locus_tag=AL06_RS12155,AL06_RS12155,protein_coding,1297425,1298414,1292768,1294567,FALSE,FALSE,TATTCCACCGGCGTA,GCGAAAGGATTTGGT,GTG,0.827129999999999,9,FALSE,TRUE,-8.14969,6
NZ_CP025209.1,CDS,1297425,1298414,-,ID=gene-AL06_RS12160;Dbxref=GeneID:69500614;Name=AL06_RS12160;gbkey=Gene;gene_biotype=protein_coding;locus_tag=AL06_RS12160,AL06_RS12160,protein_coding,1298493,1300514,1295760,1297328,FALSE,FALSE,CAATATGGACCCACT,TATTCCACCGGCGTA,ATG,-1.247805,11,FALSE,FALSE,0.827129999999999,9
NZ_CP025209.1,CDS,1298493,1300514,-,ID=gene-AL06_RS06425;Dbxref=GeneID:69499568;Name=AL06_RS06425;gbkey=Gene;gene_biotype=protein_coding;locus_tag=AL06_RS06425;old_locus_tag=CXF52_RS06430,AL06_RS06425,protein_coding,1300533,1301267,1297425,1298414,FALSE,FALSE,ACGAGGAAAACCTAA,CAATATGGACCCACT,ATG,-4.40793,14,TRUE,FALSE,-1.247805,11
NZ_CP025209.1,CDS,1300533,1301267,-,ID=gene-AL06_RS06430;Dbxref=GeneID:69499569;Name=AL06_RS06430;gbkey=Gene;gene_biotype=protein_coding;locus_tag=AL06_RS06430;old_locus_tag=CXF52_RS06435,AL06_RS06430,protein_coding,1303525,1304796,1298493,1300514,FALSE,FALSE,AAGATAGGATCCCCC,ACGAGGAAAACCTAA,GTG,-4.20793,12,TRUE,TRUE,-4.40793,14
NZ_CP025209.1,CDS,1301430,1302020,+,ID=gene-AL06_RS06435;Dbxref=GeneID:69499570;Name=AL06_RS06435;gbkey=Gene;gene_biotype=protein_coding;locus_tag=AL06_RS06435;old_locus_tag=CXF52_RS06440,AL06_RS06435,protein_coding,1294795,1295679,1302065,1303453,FALSE,FALSE,CCCTCGAGGACTCTA,ACCCCGCTCAAGGAG,ATG,-4.40793,11,TRUE,TRUE,-7.568055,6
NZ_CP025209.1,CDS,1302065,1303453,+,ID=gene-AL06_RS06440;Dbxref=GeneID:69499571;Name=AL06_RS06440;gbkey=Gene;gene_biotype=protein_coding;locus_tag=AL06_RS06440;old_locus_tag=CXF52_RS06445,AL06_RS06440,protein_coding,1301430,1302020,1306144,1306986,FALSE,FALSE,ACCCCGCTCAAGGAG,GTAAAGGATTGGAAG,ATG,-7.568055,6,TRUE,TRUE,-6.91615,9
NZ_CP025209.1,CDS,1303525,1304796,-,ID=gene-AL06_RS06445;Dbxref=GeneID:69499572;Name=hisS;gbkey=Gene;gene=hisS;gene_biotype=protein_coding;locus_tag=AL06_RS06445;old_locus_tag=CXF52_RS06450,hisS,protein_coding,1304837,1305493,1300533,1301267,FALSE,FALSE,ACCGCTAAGCTGTAT,AAGATAGGATCCCCC,GTG,0.9151,12,FALSE,TRUE,-4.20793,12
NZ_CP025209.1,CDS,1304837,1305493,-,ID=gene-AL06_RS06450;Dbxref=GeneID:69499573;Name=AL06_RS06450;gbkey=Gene;gene_biotype=protein_coding;locus_tag=AL06_RS06450;old_locus_tag=CXF52_RS06455,AL06_RS06450,protein_coding,1305503,1306000,1303525,1304796,FALSE,FALSE,CATCAAGTAACACGG,ACCGCTAAGCTGTAT,ATG,-0.872870000000002,5,FALSE,FALSE,0.9151,12
NZ_CP025209.1,CDS,1305503,1306000,-,ID=gene-AL06_RS06455;Dbxref=GeneID:69499574;Name=tpx;gbkey=Gene;gene=tpx;gene_biotype=protein_coding;locus_tag=AL06_RS06455;old_locus_tag=CXF52_RS06460,tpx,protein_coding,1308230,1310509,1304837,1305493,FALSE,FALSE,CGTCGTTACGCTTGG,CATCAAGTAACACGG,ATG,-0.872870000000002,5,FALSE,FALSE,-0.872870000000002,5
NZ_CP025209.1,CDS,1306144,1306986,+,ID=gene-AL06_RS06460;Dbxref=GeneID:69499575;Name=AL06_RS06460;gbkey=Gene;gene_biotype=protein_coding;locus_tag=AL06_RS06460;old_locus_tag=CXF52_RS06465,AL06_RS06460,protein_coding,1302065,1303453,1307143,1307430,FALSE,FALSE,GTAAAGGATTGGAAG,CACCGAAAGTAGTAA,GTG,-6.91615,9,TRUE,FALSE,0.9151,12
NZ_CP025209.1,CDS,1307143,1307430,+,ID=gene-AL06_RS06465;Dbxref=GeneID:69499576;Name=AL06_RS06465;gbkey=Gene;gene_biotype=protein_coding;locus_tag=AL06_RS06465;old_locus_tag=CXF52_RS06470,AL06_RS06465,protein_coding,1306144,1306986,1320848,1322137,FALSE,FALSE,CACCGAAAGTAGTAA,TTATTCGTACAATTT,ATG,0.9151,12,FALSE,FALSE,1.67826,12
NZ_CP025209.1,CDS,1308230,1310509,-,ID=gene-AL06_RS06475;Dbxref=GeneID:69499577;Name=AL06_RS06475;gbkey=Gene;gene_biotype=protein_coding;locus_tag=AL06_RS06475;old_locus_tag=CXF52_RS06480,AL06_RS06475,protein_coding,1310568,1311122,1305503,1306000,FALSE,FALSE,GAAAGGCATATTCGC,CGTCGTTACGCTTGG,ATG,-2.332995,15,FALSE,FALSE,-0.872870000000002,5
NZ_CP025209.1,CDS,1310568,1311122,-,ID=gene-AL06_RS06480;Dbxref=GeneID:69499578;Name=AL06_RS06480;gbkey=Gene;gene_biotype=protein_coding;locus_tag=AL06_RS06480;old_locus_tag=CXF52_RS06485,AL06_RS06480,protein_coding,1311178,1312929,1308230,1310509,FALSE,FALSE,CTAGGAAAGAACTGC,GAAAGGCATATTCGC,ATG,-4.20793,15,TRUE,FALSE,-2.332995,15
NZ_CP025209.1,CDS,1311178,1312929,-,ID=gene-AL06_RS06485;Dbxref=GeneID:69499579;Name=AL06_RS06485;gbkey=Gene;gene_biotype=protein_coding;locus_tag=AL06_RS06485;old_locus_tag=CXF52_RS06490,AL06_RS06485,protein_coding,1312998,1314110,1310568,1311122,FALSE,FALSE,AATTCAGGGGGCTTT,CTAGGAAAGAACTGC,ATG,-8.941975,10,TRUE,TRUE,-4.20793,15
NZ_CP025209.1,CDS,1312998,1314110,-,ID=gene-AL06_RS06490;Dbxref=GeneID:69499580;Name=secF;gbkey=Gene;gene=secF;gene_biotype=protein_coding;locus_tag=AL06_RS06490;old_locus_tag=CXF52_RS06495,secF,protein_coding,1314111,1315889,1311178,1312929,FALSE,FALSE,AGCCAAAGGAGAAGA,AATTCAGGGGGCTTT,ATG,-6.91615,7,TRUE,TRUE,-8.941975,10
NZ_CP025209.1,CDS,1314111,1315889,-,ID=gene-AL06_RS06495;Dbxref=GeneID:69499581;Name=secD;gbkey=Gene;gene=secD;gene_biotype=protein_coding;locus_tag=AL06_RS06495;old_locus_tag=CXF52_RS06500,secD,protein_coding,1316120,1316407,1312998,1314110,FALSE,FALSE,TTACATAGGAGTTAG,AGCCAAAGGAGAAGA,TTG,-8.01615,6,TRUE,TRUE,-6.91615,7
NZ_CP025209.1,CDS,1316120,1316407,-,ID=gene-AL06_RS06500;Dbxref=GeneID:69499582;Name=yajC;gbkey=Gene;gene=yajC;gene_biotype=protein_coding;locus_tag=AL06_RS06500;old_locus_tag=CXF52_RS06505,yajC,protein_coding,1316417,1317505,1314111,1315889,FALSE,FALSE,TTCGCTATAGTCATT,TTACATAGGAGTTAG,ATG,1.1151,11,FALSE,TRUE,-8.01615,6
NZ_CP025209.1,CDS,1316417,1317505,-,ID=gene-AL06_RS06505;Dbxref=GeneID:69499583;Name=ruvB;gbkey=Gene;gene=ruvB;gene_biotype=protein_coding;locus_tag=AL06_RS06505;old_locus_tag=CXF52_RS06510,ruvB,protein_coding,1317523,1318134,1316120,1316407,FALSE,FALSE,AAATAGGGGAGAGTT,TTCGCTATAGTCATT,GTG,-7.83894,7,TRUE,FALSE,1.1151,11
NZ_CP025209.1,CDS,1317523,1318134,-,ID=gene-AL06_RS06510;Dbxref=GeneID:69499584;Name=ruvA;gbkey=Gene;gene=ruvA;gene_biotype=protein_coding;locus_tag=AL06_RS06510;old_locus_tag=CXF52_RS06515,ruvA,protein_coding,1318173,1318712,1316417,1317505,FALSE,FALSE,AGAAAAAGGGGTATA,AAATAGGGGAGAGTT,GTG,-7.32615000000001,8,TRUE,TRUE,-7.83894,7
NZ_CP025209.1,CDS,1318173,1318712,-,ID=gene-AL06_RS06515;Dbxref=GeneID:69499585;Name=ruvC;gbkey=Gene;gene=ruvC;gene_biotype=protein_coding;locus_tag=AL06_RS06515;old_locus_tag=CXF52_RS06520,ruvC,protein_coding,1318848,1319600,1317523,1318134,FALSE,FALSE,ATTCACTAGATAAGG,AGAAAAAGGGGTATA,ATG,-3.532995,6,TRUE,TRUE,-7.32615000000001,8
NZ_CP025209.1,CDS,1318848,1319600,-,ID=gene-AL06_RS06520;Dbxref=GeneID:69499586;Name=AL06_RS06520;gbkey=Gene;gene_biotype=protein_coding;locus_tag=AL06_RS06520;old_locus_tag=CXF52_RS06525,AL06_RS06520,protein_coding,1319615,1319737,1318173,1318712,FALSE,FALSE,ACTAAATGAAAGGGA,ATTCACTAGATAAGG,ATG,-4.456165,7,TRUE,TRUE,-3.532995,6
NZ_CP025209.1,CDS,1319615,1319737,-,ID=gene-AL06_RS12410;Dbxref=GeneID:77100354;Name=AL06_RS12410;gbkey=Gene;gene_biotype=protein_coding;locus_tag=AL06_RS12410,AL06_RS12410,protein_coding,1319838,1320692,1318848,1319600,FALSE,FALSE,TTGCCAAAAACGAGG,ACTAAATGAAAGGGA,GTG,-5.30793,5,TRUE,TRUE,-4.456165,7
NZ_CP025209.1,CDS,1319838,1320692,-,ID=gene-AL06_RS06525;Dbxref=GeneID:69499587;Name=AL06_RS06525;gbkey=Gene;gene_biotype=protein_coding;locus_tag=AL06_RS06525;old_locus_tag=CXF52_RS06530,AL06_RS06525,protein_coding,1325021,1325257,1319615,1319737,FALSE,FALSE,CGTGGGAAGAAGAAA,TTGCCAAAAACGAGG,ATG,-2.78552,13,FALSE,TRUE,-5.30793,5
NZ_CP025209.1,CDS,1320848,1322137,+,ID=gene-AL06_RS06530;Dbxref=GeneID:69499588;Name=AL06_RS06530;gbkey=Gene;gene_biotype=protein_coding;locus_tag=AL06_RS06530;old_locus_tag=CXF52_RS06535,AL06_RS06530,protein_coding,1307143,1307430,1323278,1324681,FALSE,FALSE,TTATTCGTACAATTT,GAGTAAGAAGACCAG,GTG,1.67826,12,FALSE,FALSE,-0.559835000000001,17
NZ_CP025209.1,CDS,1323278,1324681,+,ID=gene-AL06_RS06540;Dbxref=GeneID:69499589;Name=AL06_RS06540;gbkey=Gene;gene_biotype=protein_coding;locus_tag=AL06_RS06540;old_locus_tag=CXF52_RS06545,AL06_RS06540,protein_coding,1320848,1322137,1331446,1332240,FALSE,FALSE,GAGTAAGAAGACCAG,TAATCTCTTCGGAAG,ATG,-0.559835000000001,17,FALSE,FALSE,-1.247805,7
NZ_CP025209.1,CDS,1325021,1325257,-,ID=gene-AL06_RS06550;Dbxref=GeneID:69499591;Name=AL06_RS06550;gbkey=Gene;gene_biotype=protein_coding;locus_tag=AL06_RS06550;old_locus_tag=CXF52_RS06555,AL06_RS06550,protein_coding,1325244,1325627,1319838,1320692,TRUE,FALSE,ATTGCACAAGAGGAA,CGTGGGAAGAAGAAA,ATG,-4.40793,7,TRUE,FALSE,-2.78552,13
NZ_CP025209.1,CDS,1325244,1325627,-,ID=gene-AL06_RS06555;Dbxref=GeneID:69499592;Name=AL06_RS06555;gbkey=Gene;gene_biotype=protein_coding;locus_tag=AL06_RS06555;old_locus_tag=CXF52_RS06560,AL06_RS06555,protein_coding,1325620,1326483,1325021,1325257,TRUE,TRUE,CAAATTCAGGAGAAT,ATTGCACAAGAGGAA,ATG,-6.468055,9,TRUE,TRUE,-4.40793,7
NZ_CP025209.1,CDS,1325620,1326483,-,ID=gene-AL06_RS12175;Dbxref=GeneID:69500617;Name=AL06_RS12175;gbkey=Gene;gene_biotype=protein_coding;locus_tag=AL06_RS12175,AL06_RS12175,protein_coding,1326970,1327404,1325244,1325627,FALSE,TRUE,AGCATTTACGATCGC,CAAATTCAGGAGAAT,TTG,1.5151,18,FALSE,TRUE,-6.468055,9
NZ_CP025209.1,CDS,1326970,1327404,-,ID=gene-AL06_RS12180;Dbxref=GeneID:69500618;Name=AL06_RS12180;gbkey=Gene;gene_biotype=protein_coding;locus_tag=AL06_RS12180,AL06_RS12180,protein_coding,1327293,1328528,1325620,1326483,TRUE,FALSE,CGAAAGAACCCTGGA,AGCATTTACGATCGC,TTG,-1.347805,5,FALSE,FALSE,1.5151,18
NZ_CP025209.1,CDS,1327293,1328528,-,ID=gene-AL06_RS12185;Dbxref=GeneID:69500619;Name=AL06_RS12185;gbkey=Gene;gene_biotype=protein_coding;locus_tag=AL06_RS12185,AL06_RS12185,protein_coding,1329283,1329453,1326970,1327404,FALSE,TRUE,CTGAGTAAGGATTTC,CGAAAGAACCCTGGA,ATG,-4.40793,10,TRUE,FALSE,-1.347805,5
NZ_CP025209.1,CDS,1329283,1329453,-,ID=gene-AL06_RS12190;Dbxref=GeneID:69500620;Name=AL06_RS12190;gbkey=Gene;gene_biotype=protein_coding;locus_tag=AL06_RS12190,AL06_RS12190,protein_coding,1329474,1329656,1327293,1328528,FALSE,FALSE,TACCGCTGCAGGCGA,CTGAGTAAGGATTTC,GTG,-2.032995,9,FALSE,TRUE,-4.40793,10
NZ_CP025209.1,CDS,1329474,1329656,-,ID=gene-AL06_RS12195;Dbxref=GeneID:69500621;Name=AL06_RS12195;gbkey=Gene;gene_biotype=protein_coding;locus_tag=AL06_RS12195,AL06_RS12195,protein_coding,1330043,1331038,1329283,1329453,FALSE,FALSE,ACCCACTTAGAAGGT,TACCGCTGCAGGCGA,ATG,-3.166535,5,FALSE,FALSE,-2.032995,9
NZ_CP025209.1,CDS,1330043,1331038,-,ID=gene-AL06_RS06575;Dbxref=GeneID:69499593;Name=AL06_RS06575;gbkey=Gene;gene_biotype=protein_coding;locus_tag=AL06_RS06575;old_locus_tag=CXF52_RS06580,AL06_RS06575,protein_coding,1332602,1332685,1329474,1329656,FALSE,FALSE,CGGCGGTGACCCCGC,ACCCACTTAGAAGGT,CTG,-1.469835,13,FALSE,FALSE,-3.166535,5
NZ_CP025209.1,CDS,1331446,1332240,+,ID=gene-AL06_RS06580;Dbxref=GeneID:69499594;Name=AL06_RS06580;gbkey=Gene;gene_biotype=protein_coding;locus_tag=AL06_RS06580;old_locus_tag=CXF52_RS06585,AL06_RS06580,protein_coding,1323278,1324681,1334926,1335651,FALSE,FALSE,TAATCTCTTCGGAAG,ATTGTTTTATGCTTC,ATC,-1.247805,7,FALSE,FALSE,1.77826,15
NZ_CP025209.1,CDS,1332602,1332685,-,ID=gene-AL06_RS06585;Dbxref=GeneID:69499595;Name=AL06_RS06585;gbkey=Gene;gene_biotype=protein_coding;locus_tag=AL06_RS06585;old_locus_tag=CXF52_RS06590,AL06_RS06585,protein_coding,1332721,1333194,1330043,1331038,FALSE,FALSE,GGAGATTAAGCGGCG,CGGCGGTGACCCCGC,CTG,-3.70793,16,TRUE,FALSE,-1.469835,13
NZ_CP025209.1,CDS,1332721,1333194,-,ID=gene-AL06_RS06590;Dbxref=GeneID:69499596;Name=AL06_RS06590;gbkey=Gene;gene_biotype=protein_coding;locus_tag=AL06_RS06590;old_locus_tag=CXF52_RS06595,AL06_RS06590,protein_coding,1336847,1337308,1332602,1332685,FALSE,FALSE,CGTCGCGGGGCGAAG,GGAGATTAAGCGGCG,ATG,-3.58185,5,TRUE,TRUE,-3.70793,16
NZ_CP025209.1,CDS,1334926,1335651,+,ID=gene-AL06_RS06600;Dbxref=GeneID:69499598;Name=AL06_RS06600;gbkey=Gene;gene_biotype=protein_coding;locus_tag=AL06_RS06600;old_locus_tag=CXF52_RS06605,AL06_RS06600,protein_coding,1331446,1332240,1335651,1336850,FALSE,TRUE,ATTGTTTTATGCTTC,TCATTACCGGAGTTA,ATG,1.77826,15,FALSE,TRUE,-3.60793,8
NZ_CP025209.1,CDS,1335651,1336850,+,ID=gene-AL06_RS06605;Dbxref=GeneID:69499599;Name=AL06_RS06605;gbkey=Gene;gene_biotype=protein_coding;locus_tag=AL06_RS06605;old_locus_tag=CXF52_RS06610,AL06_RS06605,protein_coding,1334926,1335651,1346219,1346291,TRUE,FALSE,TCATTACCGGAGTTA,CTCGCAGCACAGTTT,ATG,-3.60793,8,TRUE,FALSE,1.2151,14
NZ_CP025209.1,CDS,1336847,1337308,-,ID=gene-AL06_RS06610;Dbxref=GeneID:69499600;Name=AL06_RS06610;gbkey=Gene;gene_biotype=protein_coding;locus_tag=AL06_RS06610;old_locus_tag=CXF52_RS06615,AL06_RS06610,protein_coding,1337320,1338420,1332721,1333194,FALSE,FALSE,CCGCATAGGAGAGAC,CGTCGCGGGGCGAAG,ATG,-6.568055,10,TRUE,TRUE,-3.58185,5
NZ_CP025209.1,CDS,1337320,1338420,-,ID=gene-AL06_RS06615;Dbxref=GeneID:69499601;Name=AL06_RS06615;gbkey=Gene;gene_biotype=protein_coding;locus_tag=AL06_RS06615;old_locus_tag=CXF52_RS06620,AL06_RS06615,protein_coding,1338438,1339379,1336847,1337308,FALSE,FALSE,AAGAAAGGCGTAGCA,CCGCATAGGAGAGAC,ATG,-3.268055,8,FALSE,TRUE,-6.568055,10
NZ_CP025209.1,CDS,1338438,1339379,-,ID=gene-AL06_RS06620;Dbxref=GeneID:69499602;Name=AL06_RS06620;gbkey=Gene;gene_biotype=protein_coding;locus_tag=AL06_RS06620;old_locus_tag=CXF52_RS06625,AL06_RS06620,protein_coding,1339406,1340059,1337320,1338420,FALSE,FALSE,ACATAGACCAAGTAT,AAGAAAGGCGTAGCA,ATG,0.9151,9,FALSE,FALSE,-3.268055,8
NZ_CP025209.1,CDS,1339406,1340059,-,ID=gene-AL06_RS06625;Dbxref=GeneID:69499603;Name=AL06_RS06625;gbkey=Gene;gene_biotype=protein_coding;locus_tag=AL06_RS06625;old_locus_tag=CXF52_RS06630,AL06_RS06625,protein_coding,1340052,1340636,1338438,1339379,TRUE,FALSE,GGAATCCCAGGAGTA,ACATAGACCAAGTAT,ATG,-6.468055,8,TRUE,FALSE,0.9151,9
NZ_CP025209.1,CDS,1340052,1340636,-,ID=gene-AL06_RS06630;Dbxref=GeneID:69499604;Name=AL06_RS06630;gbkey=Gene;gene_biotype=protein_coding;locus_tag=AL06_RS06630;old_locus_tag=CXF52_RS06635,AL06_RS06630,protein_coding,1340820,1342883,1339406,1340059,FALSE,TRUE,TGGTGGTTGAGGAGC,GGAATCCCAGGAGTA,ATG,-6.768055,7,TRUE,TRUE,-6.468055,8
NZ_CP025209.1,CDS,1340820,1342883,-,ID=gene-AL06_RS06635;Dbxref=GeneID:69499605;Name=thrS;gbkey=Gene;gene=thrS;gene_biotype=protein_coding;locus_tag=AL06_RS06635;old_locus_tag=CXF52_RS06640,thrS,protein_coding,1343072,1344343,1340052,1340636,FALSE,FALSE,AAGGAGCGCATTTTT,TGGTGGTTGAGGAGC,ATG,-6.768055,15,TRUE,TRUE,-6.768055,7
NZ_CP025209.1,CDS,1343072,1344343,-,ID=gene-AL06_RS06640;Dbxref=GeneID:69499606;Name=AL06_RS06640;gbkey=Gene;gene_biotype=protein_coding;locus_tag=AL06_RS06640;old_locus_tag=CXF52_RS06645,AL06_RS06640,protein_coding,1344386,1345000,1340820,1342883,FALSE,FALSE,TGAGGAAAGGTTACT,AAGGAGCGCATTTTT,ATG,-9.213115,10,TRUE,TRUE,-6.768055,15
NZ_CP025209.1,CDS,1344386,1345000,-,ID=gene-AL06_RS06645;Dbxref=GeneID:69499607;Name=AL06_RS06645;gbkey=Gene;gene_biotype=protein_coding;locus_tag=AL06_RS06645;old_locus_tag=CXF52_RS06650,AL06_RS06645,protein_coding,1345007,1345642,1343072,1344343,FALSE,FALSE,GAAAGGAAAATAATT,TGAGGAAAGGTTACT,ATG,-4.40793,14,TRUE,TRUE,-9.213115,10
NZ_CP025209.1,CDS,1345007,1345642,-,ID=gene-AL06_RS06650;Dbxref=GeneID:69499608;Name=AL06_RS06650;gbkey=Gene;gene_biotype=protein_coding;locus_tag=AL06_RS06650;old_locus_tag=CXF52_RS06655,AL06_RS06650,protein_coding,1345860,1345931,1344386,1345000,FALSE,FALSE,ACGACTTGTATTGCA,GAAAGGAAAATAATT,TTG,1.67826,11,FALSE,TRUE,-4.40793,14
NZ_CP025209.1,tRNA,1345860,1345931,-,ID=gene-AL06_RS06655;Dbxref=GeneID:69499609;Name=AL06_RS06655;gbkey=Gene;gene_biotype=tRNA;locus_tag=AL06_RS06655;old_locus_tag=CXF52_RS06660,AL06_RS06655,tRNA,1348179,1348883,1345007,1345642,FALSE,FALSE,TCGACAATGAGTTGA,ACGACTTGTATTGCA,GGT,-0.507930000000002,6,FALSE,FALSE,1.67826,11
NZ_CP025209.1,tRNA,1346219,1346291,+,ID=gene-AL06_RS06660;Dbxref=GeneID:69499610;Name=AL06_RS06660;gbkey=Gene;gene_biotype=tRNA;locus_tag=AL06_RS06660;old_locus_tag=CXF52_RS06665,AL06_RS06660,tRNA,1335651,1336850,1346309,1346380,FALSE,FALSE,CTCGCAGCACAGTTT,CTCAACGCTTAGAGC,GCG,1.2151,14,FALSE,FALSE,-0.359835,6
NZ_CP025209.1,tRNA,1346309,1346380,+,ID=gene-AL06_RS06665;Dbxref=GeneID:69499611;Name=AL06_RS06665;gbkey=Gene;gene_biotype=tRNA;locus_tag=AL06_RS06665;old_locus_tag=CXF52_RS06670,AL06_RS06665,tRNA,1346219,1346291,1346414,1346486,FALSE,FALSE,CTCAACGCTTAGAGC,AGGCTTTAAACGAAA,GCG,-0.359835,6,FALSE,FALSE,-1.732995,17
NZ_CP025209.1,tRNA,1346414,1346486,+,ID=gene-AL06_RS06670;Dbxref=GeneID:69499612;Name=AL06_RS06670;gbkey=Gene;gene_biotype=tRNA;locus_tag=AL06_RS06670;old_locus_tag=CXF52_RS06675,AL06_RS06670,tRNA,1346309,1346380,1346525,1346595,FALSE,FALSE,AGGCTTTAAACGAAA,TCCGAGGCGGCAACG,GCG,-1.732995,17,FALSE,TRUE,-3.60793,13
NZ_CP025209.1,tRNA,1346525,1346595,+,ID=gene-AL06_RS06675;Dbxref=GeneID:69499613;Name=AL06_RS06675;gbkey=Gene;gene_biotype=tRNA;locus_tag=AL06_RS06675;old_locus_tag=CXF52_RS06680,AL06_RS06675,tRNA,1346414,1346486,1346603,1346674,FALSE,FALSE,TCCGAGGCGGCAACG,CCGTTTCCACCTCAT,GGT,-3.60793,13,TRUE,FALSE,1.77826,16
NZ_CP025209.1,tRNA,1346603,1346674,+,ID=gene-AL06_RS06680;Dbxref=GeneID:69499614;Name=AL06_RS06680;gbkey=Gene;gene_biotype=tRNA;locus_tag=AL06_RS06680;old_locus_tag=CXF52_RS06685,AL06_RS06680,tRNA,1346525,1346595,1346708,1346780,FALSE,FALSE,CCGTTTCCACCTCAT,AGGCTTTAAACGAAA,GCG,1.77826,16,FALSE,FALSE,-1.732995,17
NZ_CP025209.1,tRNA,1346708,1346780,+,ID=gene-AL06_RS06685;Dbxref=GeneID:69499615;Name=AL06_RS06685;gbkey=Gene;gene_biotype=tRNA;locus_tag=AL06_RS06685;old_locus_tag=CXF52_RS06690,AL06_RS06685,tRNA,1346603,1346674,1346835,1347632,FALSE,FALSE,AGGCTTTAAACGAAA,CCTAGTAGTGTTAAC,GCG,-1.732995,17,FALSE,FALSE,1.1151,16
NZ_CP025209.1,CDS,1346835,1347632,+,ID=gene-AL06_RS06690;Dbxref=GeneID:69499616;Name=AL06_RS06690;gbkey=Gene;gene_biotype=protein_coding;locus_tag=AL06_RS06690;old_locus_tag=CXF52_RS06695,AL06_RS06690,protein_coding,1346708,1346780,1347690,1348100,FALSE,FALSE,CCTAGTAGTGTTAAC,GACAAACTAAGGACA,ATG,1.1151,16,FALSE,TRUE,-4.40793,8
NZ_CP025209.1,CDS,1347690,1348100,+,ID=gene-AL06_RS06695;Dbxref=GeneID:69499617;Name=msrB;gbkey=Gene;gene=msrB;gene_biotype=protein_coding;locus_tag=AL06_RS06695;old_locus_tag=CXF52_RS06700,msrB,protein_coding,1346835,1347632,1349090,1349689,FALSE,FALSE,GACAAACTAAGGACA,CCTTATTAGGTTGTG,ATG,-4.40793,8,TRUE,TRUE,-3.82996,9
NZ_CP025209.1,CDS,1348179,1348883,-,ID=gene-AL06_RS06700;Dbxref=GeneID:69499618;Name=AL06_RS06700;gbkey=Gene;gene_biotype=protein_coding;locus_tag=AL06_RS06700;old_locus_tag=CXF52_RS06705,AL06_RS06700,protein_coding,1350992,1352899,1345860,1345931,FALSE,FALSE,TAAGACAGGCAGATG,TCGACAATGAGTTGA,ATG,-4.41615,6,TRUE,FALSE,-0.507930000000002,6
NZ_CP025209.1,CDS,1349090,1349689,+,ID=gene-AL06_RS06705;Dbxref=GeneID:69499619;Name=AL06_RS06705;gbkey=Gene;gene_biotype=protein_coding;locus_tag=AL06_RS06705;old_locus_tag=CXF52_RS06710,AL06_RS06705,protein_coding,1347690,1348100,1349708,1350931,FALSE,FALSE,CCTTATTAGGTTGTG,ACCTAAACTTTTTAC,GTG,-3.82996,9,TRUE,FALSE,3.775225,16
NZ_CP025209.1,CDS,1349708,1350931,+,ID=gene-AL06_RS06710;Dbxref=GeneID:69499620;Name=AL06_RS06710;gbkey=Gene;gene_biotype=protein_coding;locus_tag=AL06_RS06710;old_locus_tag=CXF52_RS06715,AL06_RS06710,protein_coding,1349090,1349689,1356070,1356582,FALSE,FALSE,ACCTAAACTTTTTAC,ATAAGTAGACTATCG,ATG,3.775225,16,FALSE,FALSE,0.9151,16
NZ_CP025209.1,CDS,1350992,1352899,-,ID=gene-AL06_RS06715;Dbxref=GeneID:69499621;Name=dxs;gbkey=Gene;gene=dxs;gene_biotype=protein_coding;locus_tag=AL06_RS06715;old_locus_tag=CXF52_RS06720,dxs,protein_coding,1353111,1354373,1348179,1348883,FALSE,FALSE,AGGGTGCAACTCAAC,TAAGACAGGCAGATG,ATG,-3.978055,13,TRUE,TRUE,-4.41615,6
NZ_CP025209.1,CDS,1353111,1354373,-,ID=gene-AL06_RS06720;Dbxref=GeneID:69499622;Name=AL06_RS06720;gbkey=Gene;gene_biotype=protein_coding;locus_tag=AL06_RS06720;old_locus_tag=CXF52_RS06725,AL06_RS06720,protein_coding,1354673,1355410,1350992,1352899,FALSE,FALSE,GACGAAGAAAAAGAA,AGGGTGCAACTCAAC,ATG,0.9151,14,FALSE,TRUE,-3.978055,13
NZ_CP025209.1,CDS,1354673,1355410,-,ID=gene-AL06_RS06725;Dbxref=GeneID:69499623;Name=AL06_RS06725;gbkey=Gene;gene_biotype=protein_coding;locus_tag=AL06_RS06725;old_locus_tag=CXF52_RS06730,AL06_RS06725,protein_coding,1355469,1355927,1353111,1354373,FALSE,FALSE,ATCAACCAACGGAGT,GACGAAGAAAAAGAA,ATG,-3.60793,6,TRUE,FALSE,0.9151,14
NZ_CP025209.1,CDS,1355469,1355927,-,ID=gene-AL06_RS06730;Dbxref=GeneID:69499624;Name=dut;gbkey=Gene;gene=dut;gene_biotype=protein_coding;locus_tag=AL06_RS06730;old_locus_tag=CXF52_RS06735,dut,protein_coding,1356618,1356911,1354673,1355410,FALSE,FALSE,AACGTAAGGAAGATA,ATCAACCAACGGAGT,ATG,-4.40793,11,TRUE,TRUE,-3.60793,6
NZ_CP025209.1,CDS,1356070,1356582,+,ID=gene-AL06_RS06735;Dbxref=GeneID:69499625;Name=AL06_RS06735;gbkey=Gene;gene_biotype=protein_coding;locus_tag=AL06_RS06735;old_locus_tag=CXF52_RS06740,AL06_RS06735,protein_coding,1349708,1350931,1358140,1358901,FALSE,FALSE,ATAAGTAGACTATCG,CTACTACTAGTTCAG,GTG,0.9151,16,FALSE,FALSE,0.4151,6
NZ_CP025209.1,CDS,1356618,1356911,-,ID=gene-AL06_RS06740;Dbxref=GeneID:69499626;Name=AL06_RS06740;gbkey=Gene;gene_biotype=protein_coding;locus_tag=AL06_RS06740;old_locus_tag=CXF52_RS06745,AL06_RS06740,protein_coding,1357104,1357988,1355469,1355927,FALSE,FALSE,GTATAAGGATGAGTG,AACGTAAGGAAGATA,ATG,-4.513115,7,TRUE,TRUE,-4.40793,11
NZ_CP025209.1,CDS,1357104,1357988,-,ID=gene-AL06_RS06745;Dbxref=GeneID:69499627;Name=AL06_RS06745;gbkey=Gene;gene_biotype=protein_coding;locus_tag=AL06_RS06745;old_locus_tag=CXF52_RS06750,AL06_RS06745,protein_coding,1361207,1361680,1356618,1356911,FALSE,FALSE,AATTTTCGGGGAGTA,GTATAAGGATGAGTG,ATG,-5.145645,7,TRUE,TRUE,-4.513115,7
NZ_CP025209.1,CDS,1358140,1358901,+,ID=gene-AL06_RS06750;Dbxref=GeneID:69499628;Name=AL06_RS06750;gbkey=Gene;gene_biotype=protein_coding;locus_tag=AL06_RS06750;old_locus_tag=CXF52_RS06755,AL06_RS06750,protein_coding,1356070,1356582,1359294,1360874,FALSE,FALSE,CTACTACTAGTTCAG,TCCAATCGAAAGGGC,ATG,0.4151,6,FALSE,TRUE,-4.456165,7
NZ_CP025209.1,CDS,1359294,1360874,+,ID=gene-AL06_RS06760;Dbxref=GeneID:69499629;Name=AL06_RS06760;gbkey=Gene;gene_biotype=protein_coding;locus_tag=AL06_RS06760;old_locus_tag=CXF52_RS06765,AL06_RS06760,protein_coding,1358140,1358901,1363797,1364285,FALSE,FALSE,TCCAATCGAAAGGGC,GGGTCTACCCTTATG,GTG,-4.456165,7,TRUE,FALSE,-3.00755,16
NZ_CP025209.1,CDS,1361207,1361680,-,ID=gene-AL06_RS06765;Dbxref=GeneID:69499630;Name=AL06_RS06765;gbkey=Gene;gene_biotype=protein_coding;locus_tag=AL06_RS06765;old_locus_tag=CXF52_RS06770,AL06_RS06765,protein_coding,1361789,1363498,1357104,1357988,FALSE,FALSE,AGTCTATTGAAAGGG,AATTTTCGGGGAGTA,GTG,-4.456165,6,TRUE,TRUE,-5.145645,7
NZ_CP025209.1,CDS,1361789,1363498,-,ID=gene-AL06_RS06770;Dbxref=GeneID:69499631;Name=AL06_RS06770;gbkey=Gene;gene_biotype=protein_coding;locus_tag=AL06_RS06770;old_locus_tag=CXF52_RS06775,AL06_RS06770,protein_coding,1363498,1363737,1361207,1361680,TRUE,FALSE,GGGGACTGCGTAAAA,AGTCTATTGAAAGGG,ATG,-3.778815,9,TRUE,TRUE,-4.456165,6
NZ_CP025209.1,CDS,1363498,1363737,-,ID=gene-AL06_RS06775;Dbxref=GeneID:69499632;Name=AL06_RS06775;gbkey=Gene;gene_biotype=protein_coding;locus_tag=AL06_RS06775;old_locus_tag=CXF52_RS06780,AL06_RS06775,protein_coding,1369348,1370391,1361789,1363498,FALSE,TRUE,ATGGTGCAATATAGG,GGGGACTGCGTAAAA,GTG,-3.332995,6,FALSE,TRUE,-3.778815,9
NZ_CP025209.1,CDS,1363797,1364285,+,ID=gene-AL06_RS06780;Dbxref=GeneID:69499633;Name=AL06_RS06780;gbkey=Gene;gene_biotype=protein_coding;locus_tag=AL06_RS06780;old_locus_tag=CXF52_RS06785,AL06_RS06780,protein_coding,1359294,1360874,1364328,1365863,FALSE,FALSE,GGGTCTACCCTTATG,GCAGTCAGGATATTC,ATG,-3.00755,16,FALSE,TRUE,-4.10793,11
NZ_CP025209.1,CDS,1364328,1365863,+,ID=gene-AL06_RS06785;Dbxref=GeneID:69499634;Name=AL06_RS06785;gbkey=Gene;gene_biotype=protein_coding;locus_tag=AL06_RS06785;old_locus_tag=CXF52_RS06790,AL06_RS06785,protein_coding,1363797,1364285,1365874,1366311,FALSE,FALSE,GCAGTCAGGATATTC,GGATGGTGACTACTC,ATG,-4.10793,11,TRUE,TRUE,-5.35299,13
NZ_CP025209.1,CDS,1365874,1366311,+,ID=gene-AL06_RS06790;Dbxref=GeneID:69499635;Name=dtd;gbkey=Gene;gene=dtd;gene_biotype=protein_coding;locus_tag=AL06_RS06790;old_locus_tag=CXF52_RS06795,dtd,protein_coding,1364328,1365863,1366395,1367384,FALSE,FALSE,GGATGGTGACTACTC,CGAGAGCTAGGAGGT,GTG,-5.35299,13,TRUE,TRUE,-11.44969,6
NZ_CP025209.1,CDS,1366395,1367384,+,ID=gene-AL06_RS06795;Dbxref=GeneID:69499636;Name=AL06_RS06795;gbkey=Gene;gene_biotype=protein_coding;locus_tag=AL06_RS06795;old_locus_tag=CXF52_RS06800,AL06_RS06795,protein_coding,1365874,1366311,1367609,1368289,FALSE,FALSE,CGAGAGCTAGGAGGT,ATAAGGAAAGAGGCT,ATG,-11.44969,6,TRUE,TRUE,-5.81615,8
NZ_CP025209.1,CDS,1367609,1368289,+,ID=gene-AL06_RS06800;Dbxref=GeneID:69499637;Name=AL06_RS06800;gbkey=Gene;gene_biotype=protein_coding;locus_tag=AL06_RS06800;old_locus_tag=CXF52_RS06805,AL06_RS06800,protein_coding,1366395,1367384,1368312,1369298,FALSE,FALSE,ATAAGGAAAGAGGCT,CTAAAGGCGGCGAAA,ATG,-5.81615,8,TRUE,FALSE,-2.332995,14
NZ_CP025209.1,CDS,1368312,1369298,+,ID=gene-AL06_RS06805;Dbxref=GeneID:69499638;Name=galE;gbkey=Gene;gene=galE;gene_biotype=protein_coding;locus_tag=AL06_RS06805;old_locus_tag=CXF52_RS06810,galE,protein_coding,1367609,1368289,1370643,1371584,FALSE,FALSE,CTAAAGGCGGCGAAA,GAGTGAGGAGAAGCA,ATG,-2.332995,14,FALSE,TRUE,-6.91615,8
NZ_CP025209.1,CDS,1369348,1370391,-,ID=gene-AL06_RS06810;Dbxref=GeneID:69499639;Name=AL06_RS06810;gbkey=Gene;gene_biotype=protein_coding;locus_tag=AL06_RS06810;old_locus_tag=CXF52_RS06815,AL06_RS06810,protein_coding,1374225,1374749,1363498,1363737,FALSE,FALSE,TTAGTGCGATTATCC,ATGGTGCAATATAGG,ATG,1.1151,17,FALSE,FALSE,-3.332995,6
NZ_CP025209.1,CDS,1370643,1371584,+,ID=gene-AL06_RS06815;Dbxref=GeneID:69499640;Name=AL06_RS06815;gbkey=Gene;gene_biotype=protein_coding;locus_tag=AL06_RS06815;old_locus_tag=CXF52_RS06820,AL06_RS06815,protein_coding,1368312,1369298,1371617,1374151,FALSE,FALSE,GAGTGAGGAGAAGCA,GTTCAGTAGGCTAGA,ATG,-6.91615,8,TRUE,FALSE,-3.468055,7
NZ_CP025209.1,CDS,1371617,1374151,+,ID=gene-AL06_RS06820;Dbxref=GeneID:69499641;Name=AL06_RS06820;gbkey=Gene;gene_biotype=protein_coding;locus_tag=AL06_RS06820;old_locus_tag=CXF52_RS06825,AL06_RS06820,protein_coding,1370643,1371584,1375570,1376508,FALSE,FALSE,GTTCAGTAGGCTAGA,AAAAGTGTCTATAAT,ATG,-3.468055,7,FALSE,FALSE,0.9151,16
NZ_CP025209.1,CDS,1374225,1374749,-,ID=gene-AL06_RS06825;Dbxref=GeneID:69499642;Name=AL06_RS06825;gbkey=Gene;gene_biotype=protein_coding;locus_tag=AL06_RS06825;old_locus_tag=CXF52_RS06830,AL06_RS06825,protein_coding,1374752,1375348,1369348,1370391,FALSE,FALSE,AGAAGGGCCTCAACT,TTAGTGCGATTATCC,ATG,-4.456165,14,TRUE,FALSE,1.1151,17
NZ_CP025209.1,CDS,1374752,1375348,-,ID=gene-AL06_RS06830;Dbxref=GeneID:69499643;Name=AL06_RS06830;gbkey=Gene;gene_biotype=protein_coding;locus_tag=AL06_RS06830;old_locus_tag=CXF52_RS06835,AL06_RS06830,protein_coding,1376564,1377529,1374225,1374749,FALSE,FALSE,ATCCTATTTGGAGGA,AGAAGGGCCTCAACT,GTG,-6.856025,6,TRUE,TRUE,-4.456165,14
NZ_CP025209.1,CDS,1375570,1376508,+,ID=gene-AL06_RS06835;Dbxref=GeneID:69499644;Name=AL06_RS06835;gbkey=Gene;gene_biotype=protein_coding;locus_tag=AL06_RS06835;old_locus_tag=CXF52_RS06840,AL06_RS06835,protein_coding,1371617,1374151,1377666,1381610,FALSE,FALSE,AAAAGTGTCTATAAT,ACTAAACTGTGTGTT,ATG,0.9151,16,FALSE,FALSE,1.77826,10
NZ_CP025209.1,CDS,1376564,1377529,-,ID=gene-AL06_RS06840;Dbxref=GeneID:69499645;Name=AL06_RS06840;gbkey=Gene;gene_biotype=protein_coding;locus_tag=AL06_RS06840;old_locus_tag=CXF52_RS06845,AL06_RS06840,protein_coding,1381673,1382128,1374752,1375348,FALSE,FALSE,GCCTCACGCTAGGAG,ATCCTATTTGGAGGA,ATG,-7.368055,6,TRUE,TRUE,-6.856025,6
NZ_CP025209.1,CDS,1377666,1381610,+,ID=gene-AL06_RS06845;Dbxref=GeneID:69499646;Name=hrpA;gbkey=Gene;gene=hrpA;gene_biotype=protein_coding;locus_tag=AL06_RS06845;old_locus_tag=CXF52_RS06850,hrpA,protein_coding,1375570,1376508,1382901,1383614,FALSE,FALSE,ACTAAACTGTGTGTT,CTTTGAGGAAATAAT,ATG,1.77826,10,FALSE,TRUE,-4.40793,12
NZ_CP025209.1,CDS,1381673,1382128,-,ID=gene-AL06_RS06850;Dbxref=GeneID:69499647;Name=nrdR;gbkey=Gene;gene=nrdR;gene_biotype=protein_coding;locus_tag=AL06_RS06850;old_locus_tag=CXF52_RS06855,nrdR,protein_coding,1382226,1382561,1376564,1377529,FALSE,FALSE,GAATAAGCGGGGTTG,GCCTCACGCTAGGAG,GTG,-5.13072,7,TRUE,TRUE,-7.368055,6
NZ_CP025209.1,CDS,1382226,1382561,-,ID=gene-AL06_RS06855;Dbxref=GeneID:69499648;Name=AL06_RS06855;gbkey=Gene;gene_biotype=protein_coding;locus_tag=AL06_RS06855;old_locus_tag=CXF52_RS06860,AL06_RS06855,protein_coding,1384806,1386500,1381673,1382128,FALSE,FALSE,TGAAAGATGTGAGGG,GAATAAGCGGGGTTG,ATG,-4.456165,6,TRUE,TRUE,-5.13072,7
NZ_CP025209.1,CDS,1382901,1383614,+,ID=gene-AL06_RS06860;Dbxref=GeneID:69499649;Name=lexA;gbkey=Gene;gene=lexA;gene_biotype=protein_coding;locus_tag=AL06_RS06860;old_locus_tag=CXF52_RS06865,lexA,protein_coding,1377666,1381610,1383936,1384712,FALSE,FALSE,CTTTGAGGAAATAAT,TCCACGAAAGGTCAA,ATG,-4.40793,12,TRUE,TRUE,-3.82996,8
NZ_CP025209.1,CDS,1383936,1384712,+,ID=gene-AL06_RS06865;Dbxref=GeneID:69499650;Name=AL06_RS06865;gbkey=Gene;gene_biotype=protein_coding;locus_tag=AL06_RS06865;old_locus_tag=CXF52_RS06870,AL06_RS06865,protein_coding,1382901,1383614,1386768,1387571,FALSE,FALSE,TCCACGAAAGGTCAA,GTTCAATGAAGGAGT,ATG,-3.82996,8,TRUE,TRUE,-6.768055,7
NZ_CP025209.1,CDS,1384806,1386500,-,ID=gene-AL06_RS06870;Dbxref=GeneID:69499651;Name=ptsP;gbkey=Gene;gene=ptsP;gene_biotype=protein_coding;locus_tag=AL06_RS06870;old_locus_tag=CXF52_RS06875,ptsP,protein_coding,1393215,1394501,1382226,1382561,FALSE,FALSE,TGAGGATAGGTGGCG,TGAAAGATGTGAGGG,TTG,-9.213115,10,TRUE,TRUE,-4.456165,6
NZ_CP025209.1,CDS,1386768,1387571,+,ID=gene-AL06_RS06875;Dbxref=GeneID:69499652;Name=AL06_RS06875;gbkey=Gene;gene_biotype=protein_coding;locus_tag=AL06_RS06875;old_locus_tag=CXF52_RS06880,AL06_RS06875,protein_coding,1383936,1384712,1387568,1388533,FALSE,TRUE,GTTCAATGAAGGAGT,ATTTACAAGTGGTGA,GTG,-6.768055,7,TRUE,FALSE,-1.469835,7
NZ_CP025209.1,CDS,1387568,1388533,+,ID=gene-AL06_RS06880;Dbxref=GeneID:69499653;Name=pfkB;gbkey=Gene;gene=pfkB;gene_biotype=protein_coding;locus_tag=AL06_RS06880;old_locus_tag=CXF52_RS06885,pfkB,protein_coding,1386768,1387571,1388776,1389138,TRUE,FALSE,ATTTACAAGTGGTGA,GGATGCCGTCGACAC,GTG,-1.469835,7,FALSE,FALSE,-1.347805,17
NZ_CP025209.1,CDS,1388776,1389138,+,ID=gene-AL06_RS12200;Dbxref=GeneID:69500622;Name=AL06_RS12200;gbkey=Gene;gene_biotype=protein_coding;locus_tag=AL06_RS12200,AL06_RS12200,protein_coding,1387568,1388533,1389186,1389395,FALSE,FALSE,GGATGCCGTCGACAC,TGGGATCGCCCATAC,ATT,-1.347805,17,FALSE,FALSE,-2.78552,15
NZ_CP025209.1,CDS,1389186,1389395,+,ID=gene-AL06_RS12205;Dbxref=GeneID:69500623;Name=AL06_RS12205;gbkey=Gene;gene_biotype=protein_coding;locus_tag=AL06_RS12205,AL06_RS12205,protein_coding,1388776,1389138,1389343,1389540,FALSE,TRUE,TGGGATCGCCCATAC,GATGTGGGAGTGCGT,ATG,-2.78552,15,FALSE,TRUE,-6.52728,5
NZ_CP025209.1,CDS,1389343,1389540,+,ID=gene-AL06_RS12210;Dbxref=GeneID:69500624;Name=AL06_RS12210;gbkey=Gene;gene_biotype=protein_coding;locus_tag=AL06_RS12210,AL06_RS12210,protein_coding,1389186,1389395,1389752,1389880,TRUE,FALSE,GATGTGGGAGTGCGT,TGCTATCGACTCAAT,GTG,-6.52728,5,TRUE,FALSE,2.00029,11
NZ_CP025209.1,CDS,1389752,1389880,+,ID=gene-AL06_RS12415;Dbxref=GeneID:77100355;Name=AL06_RS12415;gbkey=Gene;gene_biotype=protein_coding;locus_tag=AL06_RS12415,AL06_RS12415,protein_coding,1389343,1389540,1389909,1390379,FALSE,FALSE,TGCTATCGACTCAAT,TACTGTCTGGAACGC,ATG,2.00029,11,FALSE,FALSE,-1.247805,9
NZ_CP025209.1,CDS,1389909,1390379,+,ID=gene-AL06_RS12215;Dbxref=GeneID:69500625;Name=AL06_RS12215;gbkey=Gene;gene_biotype=protein_coding;locus_tag=AL06_RS12215,AL06_RS12215,protein_coding,1389752,1389880,1390877,1391143,FALSE,FALSE,TACTGTCTGGAACGC,AATGAAAGGACACCA,ATG,-1.247805,9,FALSE,TRUE,-4.40793,11
NZ_CP025209.1,CDS,1390877,1391143,+,ID=gene-AL06_RS06890;Dbxref=GeneID:69499654;Name=AL06_RS06890;gbkey=Gene;gene_biotype=protein_coding;locus_tag=AL06_RS06890;old_locus_tag=CXF52_RS06895,AL06_RS06890,protein_coding,1389909,1390379,1391308,1392429,FALSE,FALSE,AATGAAAGGACACCA,AATTAAAAGGACCAA,ATG,-4.40793,11,TRUE,TRUE,-4.40793,10
NZ_CP025209.1,CDS,1391308,1392429,+,ID=gene-AL06_RS06895;Dbxref=GeneID:69499655;Name=AL06_RS06895;gbkey=Gene;gene_biotype=protein_coding;locus_tag=AL06_RS06895;old_locus_tag=CXF52_RS06900,AL06_RS06895,protein_coding,1390877,1391143,1392488,1393153,FALSE,FALSE,AATTAAAAGGACCAA,GAGAAGGTAAAAATA,ATG,-4.40793,10,TRUE,TRUE,-3.92996,12
NZ_CP025209.1,CDS,1392488,1393153,+,ID=gene-AL06_RS06900;Dbxref=GeneID:69499656;Name=AL06_RS06900;gbkey=Gene;gene_biotype=protein_coding;locus_tag=AL06_RS06900;old_locus_tag=CXF52_RS06905,AL06_RS06900,protein_coding,1391308,1392429,1396340,1397095,FALSE,FALSE,GAGAAGGTAAAAATA,GAAGTTACAATCGTA,ATG,-3.92996,12,TRUE,FALSE,0.9151,17
NZ_CP025209.1,CDS,1393215,1394501,-,ID=gene-AL06_RS06905;Dbxref=GeneID:69499657;Name=AL06_RS06905;gbkey=Gene;gene_biotype=protein_coding;locus_tag=AL06_RS06905;old_locus_tag=CXF52_RS06910,AL06_RS06905,protein_coding,1394584,1396194,1384806,1386500,FALSE,FALSE,GGAGCCATAATGAGG,TGAGGATAGGTGGCG,GTG,-5.30793,5,TRUE,TRUE,-9.213115,10
NZ_CP025209.1,CDS,1394584,1396194,-,ID=gene-AL06_RS06910;Dbxref=GeneID:69499658;Name=hflX;gbkey=Gene;gene=hflX;gene_biotype=protein_coding;locus_tag=AL06_RS06910;old_locus_tag=CXF52_RS06915,hflX,protein_coding,1397703,1398596,1393215,1394501,FALSE,FALSE,GGAAGAATGTGTAAC,GGAGCCATAATGAGG,ATG,-1.347805,17,FALSE,TRUE,-5.30793,5
NZ_CP025209.1,CDS,1396340,1397095,+,ID=gene-AL06_RS06915;Dbxref=GeneID:69499659;Name=AL06_RS06915;gbkey=Gene;gene_biotype=protein_coding;locus_tag=AL06_RS06915;old_locus_tag=CXF52_RS06920,AL06_RS06915,protein_coding,1392488,1393153,1397170,1397694,FALSE,FALSE,GAAGTTACAATCGTA,ATGGAAGGAGCGAGA,ATG,0.9151,17,FALSE,TRUE,-6.768055,11
NZ_CP025209.1,CDS,1397170,1397694,+,ID=gene-AL06_RS06920;Dbxref=GeneID:69499660;Name=AL06_RS06920;gbkey=Gene;gene_biotype=protein_coding;locus_tag=AL06_RS06920;old_locus_tag=CXF52_RS06925,AL06_RS06920,protein_coding,1396340,1397095,1400457,1401785,FALSE,FALSE,ATGGAAGGAGCGAGA,AAGTAAGGAACCACC,ATG,-6.768055,11,TRUE,TRUE,-4.40793,12
NZ_CP025209.1,CDS,1397703,1398596,-,ID=gene-AL06_RS06925;Dbxref=GeneID:69499661;Name=dapF;gbkey=Gene;gene=dapF;gene_biotype=protein_coding;locus_tag=AL06_RS06925;old_locus_tag=CXF52_RS06930,dapF,protein_coding,1398593,1399501,1394584,1396194,TRUE,FALSE,TGGCGTTATCATTGC,GGAAGAATGTGTAAC,ATG,0.827129999999999,17,FALSE,FALSE,-1.347805,17
NZ_CP025209.1,CDS,1398593,1399501,-,ID=gene-AL06_RS06930;Dbxref=GeneID:69499662;Name=miaA;gbkey=Gene;gene=miaA;gene_biotype=protein_coding;locus_tag=AL06_RS06930;old_locus_tag=CXF52_RS06935,miaA,protein_coding,1399564,1400259,1397703,1398596,FALSE,TRUE,AGAAAGGCAATCCGA,TGGCGTTATCATTGC,ATG,-2.332995,14,FALSE,FALSE,0.827129999999999,17
NZ_CP025209.1,CDS,1399564,1400259,-,ID=gene-AL06_RS06935;Dbxref=GeneID:69499663;Name=AL06_RS06935;gbkey=Gene;gene_biotype=protein_coding;locus_tag=AL06_RS06935;old_locus_tag=CXF52_RS06940,AL06_RS06935,protein_coding,1403007,1403645,1398593,1399501,FALSE,FALSE,TATCGAGTAAGGAAT,AGAAAGGCAATCCGA,GTG,-4.40793,8,TRUE,FALSE,-2.332995,14
NZ_CP025209.1,CDS,1400457,1401785,+,ID=gene-AL06_RS06940;Dbxref=GeneID:69499664;Name=AL06_RS06940;gbkey=Gene;gene_biotype=protein_coding;locus_tag=AL06_RS06940;old_locus_tag=CXF52_RS06945,AL06_RS06940,protein_coding,1397170,1397694,1401874,1402998,FALSE,FALSE,AAGTAAGGAACCACC,GCATTGATACACTCA,ATG,-4.40793,12,TRUE,FALSE,2.00029,13
NZ_CP025209.1,CDS,1401874,1402998,+,ID=gene-AL06_RS06945;Dbxref=GeneID:69499665;Name=AL06_RS06945;gbkey=Gene;gene_biotype=protein_coding;locus_tag=AL06_RS06945;old_locus_tag=CXF52_RS06950,AL06_RS06945,protein_coding,1400457,1401785,1407673,1408257,FALSE,FALSE,GCATTGATACACTCA,CGCAGTACAGTATCT,ATG,2.00029,13,FALSE,FALSE,1.2151,16
NZ_CP025209.1,CDS,1403007,1403645,-,ID=gene-AL06_RS06950;Dbxref=GeneID:69499666;Name=AL06_RS06950;gbkey=Gene;gene_biotype=protein_coding;locus_tag=AL06_RS06950;old_locus_tag=CXF52_RS06955,AL06_RS06950,protein_coding,1403695,1405245,1399564,1400259,FALSE,FALSE,TAATTCTAAGGAGAA,TATCGAGTAAGGAAT,ATG,-6.768055,8,TRUE,TRUE,-4.40793,8
NZ_CP025209.1,CDS,1403695,1405245,-,ID=gene-AL06_RS06955;Dbxref=GeneID:69499667;Name=miaB;gbkey=Gene;gene=miaB;gene_biotype=protein_coding;locus_tag=AL06_RS06955;old_locus_tag=CXF52_RS06960,miaB,protein_coding,1405402,1405983,1403007,1403645,FALSE,FALSE,GCGTACTGCGAAAGA,TAATTCTAAGGAGAA,ATG,0.9151,7,FALSE,TRUE,-6.768055,8
NZ_CP025209.1,CDS,1405402,1405983,-,ID=gene-AL06_RS06960;Dbxref=GeneID:69499668;Name=recX;gbkey=Gene;gene=recX;gene_biotype=protein_coding;locus_tag=AL06_RS06960;old_locus_tag=CXF52_RS06965,recX,protein_coding,1406021,1407139,1403695,1405245,FALSE,FALSE,TAGTGGCAATGCTTC,GCGTACTGCGAAAGA,GTG,0.827129999999999,14,FALSE,FALSE,0.9151,7
NZ_CP025209.1,CDS,1406021,1407139,-,ID=gene-AL06_RS06965;Dbxref=GeneID:69499669;Name=recA;gbkey=Gene;gene=recA;gene_biotype=protein_coding;locus_tag=AL06_RS06965;old_locus_tag=CXF52_RS06970,recA,protein_coding,1407395,1407586,1405402,1405983,FALSE,FALSE,AAGAAAAGGAGCACC,TAGTGGCAATGCTTC,ATG,-6.768055,10,TRUE,FALSE,0.827129999999999,14
NZ_CP025209.1,CDS,1407395,1407586,-,ID=gene-AL06_RS06970;Dbxref=GeneID:69499670;Name=AL06_RS06970;gbkey=Gene;gene_biotype=protein_coding;locus_tag=AL06_RS06970;old_locus_tag=CXF52_RS06975,AL06_RS06970,protein_coding,1409680,1410519,1406021,1407139,FALSE,FALSE,AGAATATCGAGGAAG,AAGAAAAGGAGCACC,ATG,-4.40793,8,TRUE,TRUE,-6.768055,10
NZ_CP025209.1,CDS,1407673,1408257,+,ID=gene-AL06_RS06975;Dbxref=GeneID:69499671;Name=AL06_RS06975;gbkey=Gene;gene_biotype=protein_coding;locus_tag=AL06_RS06975;old_locus_tag=CXF52_RS06980,AL06_RS06975,protein_coding,1401874,1402998,1408321,1409013,FALSE,FALSE,CGCAGTACAGTATCT,TGCATTCATAGAAAA,GTG,1.2151,16,FALSE,FALSE,1.1151,10
NZ_CP025209.1,CDS,1408321,1409013,+,ID=gene-AL06_RS06980;Dbxref=GeneID:69499672;Name=AL06_RS06980;gbkey=Gene;gene_biotype=protein_coding;locus_tag=AL06_RS06980;old_locus_tag=CXF52_RS06985,AL06_RS06980,protein_coding,1407673,1408257,1409010,1409624,FALSE,TRUE,TGCATTCATAGAAAA,TAATGAAGGCGAATC,ATG,1.1151,10,FALSE,FALSE,-2.332995,12
NZ_CP025209.1,CDS,1409010,1409624,+,ID=gene-AL06_RS06985;Dbxref=GeneID:69499673;Name=AL06_RS06985;gbkey=Gene;gene_biotype=protein_coding;locus_tag=AL06_RS06985;old_locus_tag=CXF52_RS06990,AL06_RS06985,protein_coding,1408321,1409013,1412281,1412574,TRUE,FALSE,TAATGAAGGCGAATC,GCCTACTACCATGTT,ATG,-2.332995,12,FALSE,FALSE,1.77826,6
NZ_CP025209.1,CDS,1409680,1410519,-,ID=gene-AL06_RS06990;Dbxref=GeneID:69499674;Name=AL06_RS06990;gbkey=Gene;gene_biotype=protein_coding;locus_tag=AL06_RS06990;old_locus_tag=CXF52_RS06995,AL06_RS06990,protein_coding,1410650,1410979,1407395,1407586,FALSE,FALSE,ATGAAAGGGCGATAC,AGAATATCGAGGAAG,ATG,-4.456165,12,TRUE,TRUE,-4.40793,8
NZ_CP025209.1,CDS,1410650,1410979,-,ID=gene-AL06_RS06995;Dbxref=GeneID:69499675;Name=AL06_RS06995;gbkey=Gene;gene_biotype=protein_coding;locus_tag=AL06_RS06995;old_locus_tag=CXF52_RS07000,AL06_RS06995,protein_coding,1411060,1411602,1409680,1410519,FALSE,FALSE,ATCGGCGTTTGACTA,ATGAAAGGGCGATAC,ATG,0.827129999999999,15,FALSE,TRUE,-4.456165,12
NZ_CP025209.1,CDS,1411060,1411602,-,ID=gene-AL06_RS07000;Dbxref=GeneID:69499676;Name=AL06_RS07000;gbkey=Gene;gene_biotype=protein_coding;locus_tag=AL06_RS07000;old_locus_tag=CXF52_RS07005,AL06_RS07000,protein_coding,1411595,1412185,1410650,1410979,TRUE,FALSE,GATGCTAAGAAGCTA,ATCGGCGTTTGACTA,ATG,0.9151,12,FALSE,FALSE,0.827129999999999,15
NZ_CP025209.1,CDS,1411595,1412185,-,ID=gene-AL06_RS07005;Dbxref=GeneID:69499677;Name=pgsA;gbkey=Gene;gene=pgsA;gene_biotype=protein_coding;locus_tag=AL06_RS07005;old_locus_tag=CXF52_RS07010,pgsA,protein_coding,1412657,1413664,1411060,1411602,FALSE,TRUE,TGTTTTGAGGGTAGT,GATGCTAAGAAGCTA,GTG,-4.878055,7,TRUE,FALSE,0.9151,12
NZ_CP025209.1,CDS,1412281,1412574,+,ID=gene-AL06_RS07010;Dbxref=GeneID:69499678;Name=AL06_RS07010;gbkey=Gene;gene_biotype=protein_coding;locus_tag=AL06_RS07010;old_locus_tag=CXF52_RS07015,AL06_RS07010,protein_coding,1409010,1409624,1427444,1428346,FALSE,FALSE,GCCTACTACCATGTT,AAGCCATAGACTGTC,ATG,1.77826,6,FALSE,FALSE,0.9151,18
NZ_CP025209.1,CDS,1412657,1413664,-,ID=gene-AL06_RS07015;Dbxref=GeneID:69499679;Name=AL06_RS07015;gbkey=Gene;gene_biotype=protein_coding;locus_tag=AL06_RS07015;old_locus_tag=CXF52_RS07020,AL06_RS07015,protein_coding,1413945,1416998,1411595,1412185,FALSE,FALSE,GACCGGAGGTGTCTT,TGTTTTGAGGGTAGT,ATG,-9.15299,10,TRUE,TRUE,-4.878055,7
NZ_CP025209.1,CDS,1413945,1416998,-,ID=gene-AL06_RS07020;Dbxref=GeneID:69499680;Name=AL06_RS07020;gbkey=Gene;gene_biotype=protein_coding;locus_tag=AL06_RS07020;old_locus_tag=CXF52_RS07025,AL06_RS07020,protein_coding,1417074,1417739,1412657,1413664,FALSE,FALSE,ACCGTCTAAGCTGGA,GACCGGAGGTGTCTT,ATG,-1.347805,5,FALSE,TRUE,-9.15299,10
NZ_CP025209.1,CDS,1417074,1417739,-,ID=gene-AL06_RS07025;Dbxref=GeneID:69499681;Name=AL06_RS07025;gbkey=Gene;gene_biotype=protein_coding;locus_tag=AL06_RS07025;old_locus_tag=CXF52_RS07030,AL06_RS07025,protein_coding,1417825,1419879,1413945,1416998,FALSE,FALSE,TATCTCTACAATGGA,ACCGTCTAAGCTGGA,ATG,-1.347805,5,FALSE,FALSE,-1.347805,5
NZ_CP025209.1,CDS,1417825,1419879,-,ID=gene-AL06_RS07030;Dbxref=GeneID:69499682;Name=AL06_RS07030;gbkey=Gene;gene_biotype=protein_coding;locus_tag=AL06_RS07030;old_locus_tag=CXF52_RS07035,AL06_RS07030,protein_coding,1419882,1420787,1417074,1417739,FALSE,FALSE,AAACTGGAGTATTGT,TATCTCTACAATGGA,ATG,-4.289565,5,TRUE,FALSE,-1.347805,5
NZ_CP025209.1,CDS,1419882,1420787,-,ID=gene-AL06_RS07035;Dbxref=GeneID:69499683;Name=dapA;gbkey=Gene;gene=dapA;gene_biotype=protein_coding;locus_tag=AL06_RS07035;old_locus_tag=CXF52_RS07040,dapA,protein_coding,1420869,1421627,1417825,1419879,FALSE,FALSE,ACGGGTAACCTTGAC,AAACTGGAGTATTGT,ATG,-3.10755,14,FALSE,TRUE,-4.289565,5
NZ_CP025209.1,CDS,1420869,1421627,-,ID=gene-AL06_RS07040;Dbxref=GeneID:69499684;Name=thyX;gbkey=Gene;gene=thyX;gene_biotype=protein_coding;locus_tag=AL06_RS07040;old_locus_tag=CXF52_RS07045,thyX,protein_coding,1421627,1422373,1419882,1420787,TRUE,FALSE,AGCACTACTTGGACA,ACGGGTAACCTTGAC,ATG,-1.247805,7,FALSE,FALSE,-3.10755,14
NZ_CP025209.1,CDS,1421627,1422373,-,ID=gene-AL06_RS07045;Dbxref=GeneID:69499685;Name=dapB;gbkey=Gene;gene=dapB;gene_biotype=protein_coding;locus_tag=AL06_RS07045;old_locus_tag=CXF52_RS07050,dapB,protein_coding,1422553,1424820,1420869,1421627,FALSE,TRUE,AGGATAGGAAGAGGA,AGCACTACTTGGACA,ATG,-6.31615,7,TRUE,FALSE,-1.247805,7
NZ_CP025209.1,CDS,1422553,1424820,-,ID=gene-AL06_RS07050;Dbxref=GeneID:69499686;Name=AL06_RS07050;gbkey=Gene;gene_biotype=protein_coding;locus_tag=AL06_RS07050;old_locus_tag=CXF52_RS07055,AL06_RS07050,protein_coding,1425012,1425281,1421627,1422373,FALSE,FALSE,TTAAGAGGAGAAGCC,AGGATAGGAAGAGGA,TTG,-6.91615,8,TRUE,TRUE,-6.31615,7
NZ_CP025209.1,CDS,1425012,1425281,-,ID=gene-AL06_RS07055;Dbxref=GeneID:69499687;Name=rpsO;gbkey=Gene;gene=rpsO;gene_biotype=protein_coding;locus_tag=AL06_RS07055;old_locus_tag=CXF52_RS07060,rpsO,protein_coding,1425453,1426412,1422553,1424820,FALSE,FALSE,TTAACTAGGAGTTTT,TTAAGAGGAGAAGCC,ATG,-6.568055,10,TRUE,TRUE,-6.91615,8
NZ_CP025209.1,CDS,1425453,1426412,-,ID=gene-AL06_RS07060;Dbxref=GeneID:69499688;Name=AL06_RS07060;gbkey=Gene;gene_biotype=protein_coding;locus_tag=AL06_RS07060;old_locus_tag=CXF52_RS07065,AL06_RS07060,protein_coding,1426450,1427421,1425012,1425281,FALSE,FALSE,CAGCTAAAGGACCGT,TTAACTAGGAGTTTT,ATG,-4.40793,10,TRUE,TRUE,-6.568055,10
NZ_CP025209.1,CDS,1426450,1427421,-,ID=gene-AL06_RS07065;Dbxref=GeneID:69499689;Name=AL06_RS07065;gbkey=Gene;gene_biotype=protein_coding;locus_tag=AL06_RS07065;old_locus_tag=CXF52_RS07070,AL06_RS07065,protein_coding,1428343,1429035,1425453,1426412,FALSE,FALSE,TGACAGTCTATGGCT,CAGCTAAAGGACCGT,GTG,0.827129999999999,7,FALSE,TRUE,-4.40793,10
NZ_CP025209.1,CDS,1427444,1428346,+,ID=gene-AL06_RS07070;Dbxref=GeneID:69499690;Name=truB;gbkey=Gene;gene=truB;gene_biotype=protein_coding;locus_tag=AL06_RS07070;old_locus_tag=CXF52_RS07075,truB,protein_coding,1412281,1412574,1437931,1438839,FALSE,FALSE,AAGCCATAGACTGTC,TCCACTGAAGACCGG,ATG,0.9151,18,FALSE,FALSE,-0.872870000000002,5
NZ_CP025209.1,CDS,1428343,1429035,-,ID=gene-AL06_RS07075;Dbxref=GeneID:69499691;Name=AL06_RS07075;gbkey=Gene;gene_biotype=protein_coding;locus_tag=AL06_RS07075;old_locus_tag=CXF52_RS07080,AL06_RS07075,protein_coding,1429032,1429838,1426450,1427421,TRUE,FALSE,TGACCTCGGAGGTGG,TGACAGTCTATGGCT,ATG,-9.15299,7,TRUE,FALSE,0.827129999999999,7
NZ_CP025209.1,CDS,1429032,1429838,-,ID=gene-AL06_RS07080;Dbxref=GeneID:69499692;Name=AL06_RS07080;gbkey=Gene;gene_biotype=protein_coding;locus_tag=AL06_RS07080;old_locus_tag=CXF52_RS07085,AL06_RS07080,protein_coding,1429885,1431204,1428343,1429035,FALSE,TRUE,TGAAGGAGGTTGATC,TGACCTCGGAGGTGG,ATG,-12.313115,11,TRUE,TRUE,-9.15299,7
NZ_CP025209.1,CDS,1429885,1431204,-,ID=gene-AL06_RS07085;Dbxref=GeneID:69499693;Name=AL06_RS07085;gbkey=Gene;gene_biotype=protein_coding;locus_tag=AL06_RS07085;old_locus_tag=CXF52_RS07090,AL06_RS07085,protein_coding,1431201,1432190,1429032,1429838,TRUE,FALSE,CTGCCGAAACAGCAA,TGAAGGAGGTTGATC,ATG,1.2151,9,FALSE,TRUE,-12.313115,11
NZ_CP025209.1,CDS,1431201,1432190,-,ID=gene-AL06_RS07090;Dbxref=GeneID:69499694;Name=AL06_RS07090;gbkey=Gene;gene_biotype=protein_coding;locus_tag=AL06_RS07090;old_locus_tag=CXF52_RS07095,AL06_RS07090,protein_coding,1432183,1432626,1429885,1431204,TRUE,TRUE,AAAGATGACGATGCG,CTGCCGAAACAGCAA,ATG,0.9151,17,FALSE,FALSE,1.2151,9
NZ_CP025209.1,CDS,1432183,1432626,-,ID=gene-AL06_RS07095;Dbxref=GeneID:69499695;Name=rbfA;gbkey=Gene;gene=rbfA;gene_biotype=protein_coding;locus_tag=AL06_RS07095;old_locus_tag=CXF52_RS07100,rbfA,protein_coding,1432766,1435627,1431201,1432190,FALSE,TRUE,TAAATAAGGAGCACG,AAAGATGACGATGCG,ATG,-8.21615,6,TRUE,FALSE,0.9151,17
NZ_CP025209.1,CDS,1432766,1435627,-,ID=gene-AL06_RS07100;Dbxref=GeneID:69499696;Name=infB;gbkey=Gene;gene=infB;gene_biotype=protein_coding;locus_tag=AL06_RS07100;old_locus_tag=CXF52_RS07105,infB,protein_coding,1435738,1436070,1432183,1432626,FALSE,FALSE,CCGCAACTCAAGGAG,TAAATAAGGAGCACG,GTG,-7.568055,6,TRUE,TRUE,-8.21615,6
NZ_CP025209.1,CDS,1435738,1436070,-,ID=gene-AL06_RS07105;Dbxref=GeneID:69499697;Name=AL06_RS07105;gbkey=Gene;gene_biotype=protein_coding;locus_tag=AL06_RS07105;old_locus_tag=CXF52_RS07110,AL06_RS07105,protein_coding,1436330,1437328,1432766,1435627,FALSE,FALSE,TAGATCGATAAGGAG,CCGCAACTCAAGGAG,ATG,-7.568055,6,TRUE,TRUE,-7.568055,6
NZ_CP025209.1,CDS,1436330,1437328,-,ID=gene-AL06_RS07110;Dbxref=GeneID:69499698;Name=nusA;gbkey=Gene;gene=nusA;gene_biotype=protein_coding;locus_tag=AL06_RS07110;old_locus_tag=CXF52_RS07115,nusA,protein_coding,1437325,1437879,1435738,1436070,TRUE,FALSE,ATAGGGGAGAGGAAA,TAGATCGATAAGGAG,GTG,-5.79388,14,TRUE,TRUE,-7.568055,6
NZ_CP025209.1,CDS,1437325,1437879,-,ID=gene-AL06_RS07115;Dbxref=GeneID:69499699;Name=rimP;gbkey=Gene;gene=rimP;gene_biotype=protein_coding;locus_tag=AL06_RS07115;old_locus_tag=CXF52_RS07120,rimP,protein_coding,1438918,1440675,1436330,1437328,FALSE,TRUE,AACAGCTACCATAAC,ATAGGGGAGAGGAAA,ATG,1.2151,16,FALSE,TRUE,-5.79388,14
NZ_CP025209.1,CDS,1437931,1438839,+,ID=gene-AL06_RS07120;Dbxref=GeneID:69499700;Name=AL06_RS07120;gbkey=Gene;gene_biotype=protein_coding;locus_tag=AL06_RS07120;old_locus_tag=CXF52_RS07125,AL06_RS07120,protein_coding,1427444,1428346,1440707,1441453,FALSE,FALSE,TCCACTGAAGACCGG,TACCCGTTAGGATGT,ATG,-0.872870000000002,5,FALSE,TRUE,-4.20793,9
NZ_CP025209.1,CDS,1438918,1440675,-,ID=gene-AL06_RS07125;Dbxref=GeneID:69499701;Name=AL06_RS07125;gbkey=Gene;gene_biotype=protein_coding;locus_tag=AL06_RS07125;old_locus_tag=CXF52_RS07130,AL06_RS07125,protein_coding,1441473,1442297,1437325,1437879,FALSE,FALSE,ACGGGTATATTAAGC,AACAGCTACCATAAC,ATG,-3.10755,14,FALSE,FALSE,1.2151,16
NZ_CP025209.1,CDS,1440707,1441453,+,ID=gene-AL06_RS07130;Dbxref=GeneID:69499702;Name=yaaA;gbkey=Gene;gene=yaaA;gene_biotype=protein_coding;locus_tag=AL06_RS07130;old_locus_tag=CXF52_RS07135,yaaA,protein_coding,1437931,1438839,1442296,1443642,FALSE,FALSE,TACCCGTTAGGATGT,TTTCATTATCCTGTA,ATG,-4.20793,9,TRUE,FALSE,1.67826,6
NZ_CP025209.1,CDS,1441473,1442297,-,ID=gene-AL06_RS07135;Dbxref=GeneID:69499703;Name=cobA;gbkey=Gene;gene=cobA;gene_biotype=protein_coding;locus_tag=AL06_RS07135;old_locus_tag=CXF52_RS07140,cobA,protein_coding,1443646,1444770,1438918,1440675,FALSE,FALSE,GTGAGCAAAGGTAAG,ACGGGTATATTAAGC,ATG,-4.468055,6,TRUE,FALSE,-3.10755,14
NZ_CP025209.1,CDS,1442296,1443642,+,ID=gene-AL06_RS07140;Dbxref=GeneID:69499704;Name=AL06_RS07140;gbkey=Gene;gene_biotype=protein_coding;locus_tag=AL06_RS07140;old_locus_tag=CXF52_RS07145,AL06_RS07140,protein_coding,1440707,1441453,1451331,1452344,FALSE,FALSE,TTTCATTATCCTGTA,CAGACTAAATTTATT,ATG,1.67826,6,FALSE,FALSE,1.2151,18
NZ_CP025209.1,CDS,1443646,1444770,-,ID=gene-AL06_RS07145;Dbxref=GeneID:69499705;Name=AL06_RS07145;gbkey=Gene;gene_biotype=protein_coding;locus_tag=AL06_RS07145;old_locus_tag=CXF52_RS07150,AL06_RS07145,protein_coding,1444790,1445035,1441473,1442297,FALSE,FALSE,AAACGGTATCCATTA,GTGAGCAAAGGTAAG,ATG,-1.569835,13,FALSE,TRUE,-4.468055,6
NZ_CP025209.1,CDS,1444790,1445035,-,ID=gene-AL06_RS12220;Dbxref=GeneID:69500626;Name=AL06_RS12220;gbkey=Gene;gene_biotype=protein_coding;locus_tag=AL06_RS12220,AL06_RS12220,protein_coding,1445289,1446668,1443646,1444770,FALSE,FALSE,ACAGGCTACCGATTT,AAACGGTATCCATTA,ATG,-2.032995,16,FALSE,FALSE,-1.569835,13
NZ_CP025209.1,CDS,1445289,1446668,-,ID=gene-AL06_RS07155;Dbxref=GeneID:69499706;Name=AL06_RS07155;gbkey=Gene;gene_biotype=protein_coding;locus_tag=AL06_RS07155;old_locus_tag=CXF52_RS07160,AL06_RS07155,protein_coding,1446662,1447282,1444790,1445035,TRUE,FALSE,AGGGGCAAAAGGGAA,ACAGGCTACCGATTT,ATG,-5.19388,15,TRUE,FALSE,-2.032995,16
NZ_CP025209.1,CDS,1446662,1447282,-,ID=gene-AL06_RS07160;Dbxref=GeneID:69499707;Name=cobO;gbkey=Gene;gene=cobO;gene_biotype=protein_coding;locus_tag=AL06_RS07160;old_locus_tag=CXF52_RS07165,cobO,protein_coding,1447406,1448218,1445289,1446668,FALSE,TRUE,GGATGCAAGGGAGAC,AGGGGCAAAAGGGAA,ATG,-5.145645,7,TRUE,TRUE,-5.19388,15
NZ_CP025209.1,CDS,1447406,1448218,-,ID=gene-AL06_RS07165;Dbxref=GeneID:69499708;Name=AL06_RS07165;gbkey=Gene;gene_biotype=protein_coding;locus_tag=AL06_RS07165;old_locus_tag=CXF52_RS07170,AL06_RS07165,protein_coding,1448172,1449257,1446662,1447282,TRUE,FALSE,ACTCAGACTCCTGAT,GGATGCAAGGGAGAC,GTG,1.2151,15,FALSE,TRUE,-5.145645,7
NZ_CP025209.1,CDS,1448172,1449257,-,ID=gene-AL06_RS07170;Dbxref=GeneID:69499709;Name=AL06_RS07170;gbkey=Gene;gene_biotype=protein_coding;locus_tag=AL06_RS07170;old_locus_tag=CXF52_RS07175,AL06_RS07170,protein_coding,1449455,1450954,1447406,1448218,FALSE,TRUE,CTCCTCAAAGGATTA,ACTCAGACTCCTGAT,ATG,-4.40793,9,TRUE,FALSE,1.2151,15
NZ_CP025209.1,CDS,1449455,1450954,-,ID=gene-AL06_RS07175;Dbxref=GeneID:69499710;Name=mqo;gbkey=Gene;gene=mqo;gene_biotype=protein_coding;locus_tag=AL06_RS07175;old_locus_tag=CXF52_RS07180,mqo,protein_coding,1453891,1455330,1448172,1449257,FALSE,FALSE,ATACTCAAGGAAGTT,CTCCTCAAAGGATTA,ATG,-4.40793,10,TRUE,TRUE,-4.40793,9
NZ_CP025209.1,CDS,1451331,1452344,+,ID=gene-AL06_RS07180;Dbxref=GeneID:69499711;Name=AL06_RS07180;gbkey=Gene;gene_biotype=protein_coding;locus_tag=AL06_RS07180;old_locus_tag=CXF52_RS07185,AL06_RS07180,protein_coding,1442296,1443642,1452442,1453833,FALSE,FALSE,CAGACTAAATTTATT,AAAGGACTCCTCTTT,ATG,1.2151,18,FALSE,TRUE,-4.40793,15
NZ_CP025209.1,CDS,1452442,1453833,+,ID=gene-AL06_RS07185;Dbxref=GeneID:69499712;Name=mtr;gbkey=Gene;gene=mtr;gene_biotype=protein_coding;locus_tag=AL06_RS07185;old_locus_tag=CXF52_RS07190,mtr,protein_coding,1451331,1452344,1462331,1462756,FALSE,FALSE,AAAGGACTCCTCTTT,TATAGATAAGGAGAA,ATG,-4.40793,15,TRUE,TRUE,-6.768055,8
NZ_CP025209.1,CDS,1453891,1455330,-,ID=gene-AL06_RS07190;Dbxref=GeneID:69499713;Name=AL06_RS07190;gbkey=Gene;gene_biotype=protein_coding;locus_tag=AL06_RS07190;old_locus_tag=CXF52_RS07195,AL06_RS07190,protein_coding,1455393,1456277,1449455,1450954,FALSE,FALSE,AAGGGGGAGTAGCTA,ATACTCAAGGAAGTT,ATG,-9.241975,14,TRUE,TRUE,-4.40793,10
NZ_CP025209.1,CDS,1455393,1456277,-,ID=gene-AL06_RS07195;Dbxref=GeneID:69499714;Name=map;gbkey=Gene;gene=map;gene_biotype=protein_coding;locus_tag=AL06_RS07195;old_locus_tag=CXF52_RS07200,map,protein_coding,1456324,1458180,1453891,1455330,FALSE,FALSE,TTAGGGTTAGCATAG,AAGGGGGAGTAGCTA,ATG,-4.578055,12,TRUE,TRUE,-9.241975,14
NZ_CP025209.1,CDS,1456324,1458180,-,ID=gene-AL06_RS07200;Dbxref=GeneID:69499715;Name=AL06_RS07200;gbkey=Gene;gene_biotype=protein_coding;locus_tag=AL06_RS07200;old_locus_tag=CXF52_RS07205,AL06_RS07200,protein_coding,1458297,1459472,1455393,1456277,FALSE,FALSE,CAGTGTTAGCCTTGT,TTAGGGTTAGCATAG,ATG,1.1151,12,FALSE,TRUE,-4.578055,12
NZ_CP025209.1,protein_coding;gene_synonym=gcpE,1458297,1459472,-,ID=gene-AL06_RS07205;Dbxref=GeneID:69499716;Name=ispG;gbkey=Gene;gene=ispG;gene_biotype=protein_coding;gene_synonym=gcpE;locus_tag=AL06_RS07205;old_locus_tag=CXF52_RS07210,ispG,protein_coding;gene_synonym=gcpE,1459578,1460750,1456324,1458180,FALSE,FALSE,GTATCAAGGAGCATG,CAGTGTTAGCCTTGT,GTG,-8.21615,6,TRUE,FALSE,1.1151,12
NZ_CP025209.1,CDS,1459578,1460750,-,ID=gene-AL06_RS07210;Dbxref=GeneID:69499717;Name=AL06_RS07210;gbkey=Gene;gene_biotype=protein_coding;locus_tag=AL06_RS07210;old_locus_tag=CXF52_RS07215,AL06_RS07210,protein_coding,1460837,1462000,1458297,1459472,FALSE,FALSE,TGTTTGATTTGCGAC,GTATCAAGGAGCATG,ATT,1.77826,17,FALSE,TRUE,-8.21615,6
NZ_CP025209.1,CDS,1460837,1462000,-,ID=gene-AL06_RS07215;Dbxref=GeneID:69499718;Name=dxr;gbkey=Gene;gene=dxr;gene_biotype=protein_coding;locus_tag=AL06_RS07215;old_locus_tag=CXF52_RS07220,dxr,protein_coding,1462831,1463937,1459578,1460750,FALSE,FALSE,ATGGGACATAATGGA,TGTTTGATTTGCGAC,GTG,-3.39374,6,FALSE,FALSE,1.77826,17
NZ_CP025209.1,CDS,1462331,1462756,+,ID=gene-AL06_RS07220;Dbxref=GeneID:69499719;Name=AL06_RS07220;gbkey=Gene;gene_biotype=protein_coding;locus_tag=AL06_RS07220;old_locus_tag=CXF52_RS07225,AL06_RS07220,protein_coding,1452442,1453833,1464098,1464490,FALSE,FALSE,TATAGATAAGGAGAA,AGCTCCATCTTCGCG,GTG,-6.768055,8,TRUE,FALSE,1.5151,18
NZ_CP025209.1,CDS,1462831,1463937,-,ID=gene-AL06_RS07225;Dbxref=GeneID:69499720;Name=rlmN;gbkey=Gene;gene=rlmN;gene_biotype=protein_coding;locus_tag=AL06_RS07225;old_locus_tag=CXF52_RS07230,rlmN,protein_coding,1464553,1465431,1460837,1462000,FALSE,FALSE,GTGTCATGATGGTAG,ATGGGACATAATGGA,ATG,-1.569835,7,FALSE,FALSE,-3.39374,6
NZ_CP025209.1,CDS,1464098,1464490,+,ID=gene-AL06_RS07230;Dbxref=GeneID:69499721;Name=AL06_RS07230;gbkey=Gene;gene_biotype=protein_coding;locus_tag=AL06_RS07230;old_locus_tag=CXF52_RS07235,AL06_RS07230,protein_coding,1462331,1462756,1469424,1469945,FALSE,FALSE,AGCTCCATCTTCGCG,ATCAGGTATGACCAC,ATG,1.5151,18,FALSE,TRUE,-3.92996,13
NZ_CP025209.1,CDS,1464553,1465431,-,ID=gene-AL06_RS07235;Dbxref=GeneID:69499722;Name=AL06_RS07235;gbkey=Gene;gene_biotype=protein_coding;locus_tag=AL06_RS07235;old_locus_tag=CXF52_RS07240,AL06_RS07235,protein_coding,1465555,1466112,1462831,1463937,FALSE,FALSE,CCAAGGAGAGCGCCG,GTGTCATGATGGTAG,ATG,-6.768055,13,TRUE,FALSE,-1.569835,7
NZ_CP025209.1,CDS,1465555,1466112,-,ID=gene-AL06_RS07240;Dbxref=GeneID:69499723;Name=frr;gbkey=Gene;gene=frr;gene_biotype=protein_coding;locus_tag=AL06_RS07240;old_locus_tag=CXF52_RS07245,frr,protein_coding,1466184,1466915,1464553,1465431,FALSE,FALSE,AACTGCAAAGGACAA,CCAAGGAGAGCGCCG,ATG,-4.40793,9,TRUE,TRUE,-6.768055,13
NZ_CP025209.1,CDS,1466184,1466915,-,ID=gene-AL06_RS07245;Dbxref=GeneID:69499724;Name=pyrH;gbkey=Gene;gene=pyrH;gene_biotype=protein_coding;locus_tag=AL06_RS07245;old_locus_tag=CXF52_RS07250,pyrH,protein_coding,1467137,1467964,1465555,1466112,FALSE,FALSE,GTCGGAGAGGCGACA,AACTGCAAAGGACAA,ATG,-3.756025,10,TRUE,TRUE,-4.40793,9
NZ_CP025209.1,CDS,1467137,1467964,-,ID=gene-AL06_RS07250;Dbxref=GeneID:69499725;Name=tsf;gbkey=Gene;gene=tsf;gene_biotype=protein_coding;locus_tag=AL06_RS07250;old_locus_tag=CXF52_RS07255,tsf,protein_coding,1468245,1469045,1466184,1466915,FALSE,FALSE,AAGGAGGGTCGCCCA,GTCGGAGAGGCGACA,ATG,-10.01615,14,TRUE,TRUE,-3.756025,10
NZ_CP025209.1,CDS,1468245,1469045,-,ID=gene-AL06_RS07255;Dbxref=GeneID:69499726;Name=rpsB;gbkey=Gene;gene=rpsB;gene_biotype=protein_coding;locus_tag=AL06_RS07255;old_locus_tag=CXF52_RS07260,rpsB,protein_coding,1469960,1470868,1467137,1467964,FALSE,FALSE,TTGAGAAAGAGGGCA,AAGGAGGGTCGCCCA,ATG,-4.456165,8,TRUE,TRUE,-10.01615,14
NZ_CP025209.1,CDS,1469424,1469945,+,ID=gene-AL06_RS07260;Dbxref=GeneID:69499727;Name=AL06_RS07260;gbkey=Gene;gene_biotype=protein_coding;locus_tag=AL06_RS07260;old_locus_tag=CXF52_RS07265,AL06_RS07260,protein_coding,1464098,1464490,1501647,1502630,FALSE,FALSE,ATCAGGTATGACCAC,CGCAAAGGAGCGTTT,ATG,-3.92996,13,TRUE,TRUE,-8.413115,8
NZ_CP025209.1,CDS,1469960,1470868,-,ID=gene-AL06_RS07265;Dbxref=GeneID:69499728;Name=AL06_RS07265;gbkey=Gene;gene_biotype=protein_coding;locus_tag=AL06_RS07265;old_locus_tag=CXF52_RS07270,AL06_RS07265,protein_coding,1471135,1472286,1468245,1469045,FALSE,FALSE,ATTTAGCTGAGAGGG,TTGAGAAAGAGGGCA,GTG,-4.456165,6,TRUE,TRUE,-4.456165,8
NZ_CP025209.1,CDS,1471135,1472286,-,ID=gene-AL06_RS07270;Dbxref=GeneID:69499729;Name=dprA;gbkey=Gene;gene=dprA;gene_biotype=protein_coding;locus_tag=AL06_RS07270;old_locus_tag=CXF52_RS07275,dprA,protein_coding,1472283,1473833,1469960,1470868,TRUE,FALSE,GTATTAGGGAGAATG,ATTTAGCTGAGAGGG,ATG,-6.59374,5,TRUE,TRUE,-4.456165,6
NZ_CP025209.1,CDS,1472283,1473833,-,ID=gene-AL06_RS07275;Dbxref=GeneID:69499730;Name=AL06_RS07275;gbkey=Gene;gene_biotype=protein_coding;locus_tag=AL06_RS07275;old_locus_tag=CXF52_RS07280,AL06_RS07275,protein_coding,1473820,1474188,1471135,1472286,TRUE,TRUE,CGTTACCAAGGGGTG,GTATTAGGGAGAATG,ATG,-7.22615,6,TRUE,TRUE,-6.59374,5
NZ_CP025209.1,CDS,1473820,1474188,-,ID=gene-AL06_RS07280;Dbxref=GeneID:69499731;Name=AL06_RS07280;gbkey=Gene;gene_biotype=protein_coding;locus_tag=AL06_RS07280;old_locus_tag=CXF52_RS07285,AL06_RS07280,protein_coding,1474419,1474724,1472283,1473833,FALSE,TRUE,CTACACAAAGGGGGC,CGTTACCAAGGGGTG,ATG,-9.241975,7,TRUE,TRUE,-7.22615,6
NZ_CP025209.1,CDS,1474419,1474724,-,ID=gene-AL06_RS07285;Dbxref=GeneID:69499732;Name=AL06_RS07285;gbkey=Gene;gene_biotype=protein_coding;locus_tag=AL06_RS07285;old_locus_tag=CXF52_RS07290,AL06_RS07285,protein_coding,1474737,1475426,1473820,1474188,FALSE,FALSE,ACAATAAGGGAGGTA,CTACACAAAGGGGGC,ATG,-10.790705,6,TRUE,TRUE,-9.241975,7
NZ_CP025209.1,CDS,1474737,1475426,-,ID=gene-AL06_RS07290;Dbxref=GeneID:69499733;Name=AL06_RS07290;gbkey=Gene;gene_biotype=protein_coding;locus_tag=AL06_RS07290;old_locus_tag=CXF52_RS07295,AL06_RS07290,protein_coding,1475423,1476217,1474419,1474724,TRUE,FALSE,AGGATTACGATATCC,ACAATAAGGGAGGTA,GTG,-3.60793,16,TRUE,TRUE,-10.790705,6
NZ_CP025209.1,CDS,1475423,1476217,-,ID=gene-AL06_RS07295;Dbxref=GeneID:69499734;Name=lepB;gbkey=Gene;gene=lepB;gene_biotype=protein_coding;locus_tag=AL06_RS07295;old_locus_tag=CXF52_RS07300,lepB,protein_coding,1476307,1476648,1474737,1475426,FALSE,TRUE,CTGGGCGTTTTTTCA,AGGATTACGATATCC,ATG,-1.29604,15,FALSE,TRUE,-3.60793,16
NZ_CP025209.1,CDS,1476307,1476648,-,ID=gene-AL06_RS07300;Dbxref=GeneID:69499735;Name=rplS;gbkey=Gene;gene=rplS;gene_biotype=protein_coding;locus_tag=AL06_RS07300;old_locus_tag=CXF52_RS07305,rplS,protein_coding,1476822,1479098,1475423,1476217,FALSE,FALSE,AAAGTAAGGAATTGG,CTGGGCGTTTTTTCA,ATG,-8.21615,6,TRUE,FALSE,-1.29604,15
NZ_CP025209.1,CDS,1476822,1479098,-,ID=gene-AL06_RS07305;Dbxref=GeneID:69499736;Name=AL06_RS07305;gbkey=Gene;gene_biotype=protein_coding;locus_tag=AL06_RS07305;old_locus_tag=CXF52_RS07310,AL06_RS07305,protein_coding,1479124,1479492,1476307,1476648,FALSE,FALSE,GGCTGCTAGGATTGT,AAAGTAAGGAATTGG,ATG,-4.20793,10,TRUE,TRUE,-8.21615,6
NZ_CP025209.1,CDS,1479124,1479492,-,ID=gene-AL06_RS07310;Dbxref=GeneID:69499737;Name=AL06_RS07310;gbkey=Gene;gene_biotype=protein_coding;locus_tag=AL06_RS07310;old_locus_tag=CXF52_RS07315,AL06_RS07310,protein_coding,1479476,1480354,1476822,1479098,TRUE,FALSE,CTGTGGCGAGGAAAC,GGCTGCTAGGATTGT,GTG,-4.40793,9,TRUE,TRUE,-4.20793,10
NZ_CP025209.1,CDS,1479476,1480354,-,ID=gene-AL06_RS07315;Dbxref=GeneID:69499738;Name=trmD;gbkey=Gene;gene=trmD;gene_biotype=protein_coding;locus_tag=AL06_RS07315;old_locus_tag=CXF52_RS07320,trmD,protein_coding,1480354,1480854,1479124,1479492,TRUE,TRUE,AAGGGCTGCTGGAAC,CTGTGGCGAGGAAAC,ATG,-4.456165,16,TRUE,TRUE,-4.40793,9
NZ_CP025209.1,CDS,1480354,1480854,-,ID=gene-AL06_RS07320;Dbxref=GeneID:69499739;Name=rimM;gbkey=Gene;gene=rimM;gene_biotype=protein_coding;locus_tag=AL06_RS07320;old_locus_tag=CXF52_RS07325,rimM,protein_coding,1480983,1481456,1479476,1480354,FALSE,TRUE,TGCGGTAGCCTTAGA,AAGGGCTGCTGGAAC,ATG,-1.569835,14,FALSE,TRUE,-4.456165,16
NZ_CP025209.1,CDS,1480983,1481456,-,ID=gene-AL06_RS07325;Dbxref=GeneID:69499740;Name=rpsP;gbkey=Gene;gene=rpsP;gene_biotype=protein_coding;locus_tag=AL06_RS07325;old_locus_tag=CXF52_RS07330,rpsP,protein_coding,1481689,1483305,1480354,1480854,FALSE,FALSE,CCCACATAAAGGAGC,TGCGGTAGCCTTAGA,ATG,-6.768055,7,TRUE,FALSE,-1.569835,14
NZ_CP025209.1,CDS,1481689,1483305,-,ID=gene-AL06_RS07330;Dbxref=GeneID:69499741;Name=ffh;gbkey=Gene;gene=ffh;gene_biotype=protein_coding;locus_tag=AL06_RS07330;old_locus_tag=CXF52_RS07335,ffh,protein_coding,1483414,1485567,1480983,1481456,FALSE,FALSE,TTAGAGGAGAGTACG,CCCACATAAAGGAGC,GTG,-8.513115,9,TRUE,TRUE,-6.768055,7
NZ_CP025209.1,CDS,1483414,1485567,-,ID=gene-AL06_RS07335;Dbxref=GeneID:69499742;Name=AL06_RS07335;gbkey=Gene;gene_biotype=protein_coding;locus_tag=AL06_RS07335;old_locus_tag=CXF52_RS07340,AL06_RS07335,protein_coding,1485579,1485917,1481689,1483305,FALSE,FALSE,CGGTCTAGATTCATT,TTAGAGGAGAGTACG,ATG,-1.469835,16,FALSE,TRUE,-8.513115,9
NZ_CP025209.1,CDS,1485579,1485917,-,ID=gene-AL06_RS07340;Dbxref=GeneID:69499743;Name=AL06_RS07340;gbkey=Gene;gene_biotype=protein_coding;locus_tag=AL06_RS07340;old_locus_tag=CXF52_RS07345,AL06_RS07340,protein_coding,1486074,1486859,1483414,1485567,FALSE,FALSE,CATCGTGAGGAGATC,CGGTCTAGATTCATT,ATG,-6.768055,9,TRUE,FALSE,-1.469835,16
NZ_CP025209.1,CDS,1486074,1486859,-,ID=gene-AL06_RS07345;Dbxref=GeneID:69499744;Name=AL06_RS07345;gbkey=Gene;gene_biotype=protein_coding;locus_tag=AL06_RS07345;old_locus_tag=CXF52_RS07350,AL06_RS07345,protein_coding,1486893,1488443,1485579,1485917,FALSE,FALSE,TAATGCACCTTAAGC,CATCGTGAGGAGATC,ATG,0.9151,7,FALSE,TRUE,-6.768055,9
NZ_CP025209.1,CDS,1486893,1488443,-,ID=gene-AL06_RS07350;Dbxref=GeneID:69499745;Name=ftsY;gbkey=Gene;gene=ftsY;gene_biotype=protein_coding;locus_tag=AL06_RS07350;old_locus_tag=CXF52_RS07355,ftsY,protein_coding,1488519,1492079,1486074,1486859,FALSE,FALSE,ATTTGCCACTATTAG,TAATGCACCTTAAGC,ATG,0.315099999999999,6,FALSE,FALSE,0.9151,7
NZ_CP025209.1,CDS,1488519,1492079,-,ID=gene-AL06_RS07355;Dbxref=GeneID:69499746;Name=AL06_RS07355;gbkey=Gene;gene_biotype=protein_coding;locus_tag=AL06_RS07355;old_locus_tag=CXF52_RS07360,AL06_RS07355,protein_coding,1492184,1495669,1486893,1488443,FALSE,FALSE,ACCGAAAGAAAGAGG,ATTTGCCACTATTAG,ATG,-5.30793,5,TRUE,FALSE,0.315099999999999,6
NZ_CP025209.1,CDS,1492184,1495669,-,ID=gene-AL06_RS07360;Dbxref=GeneID:69499747;Name=smc;gbkey=Gene;gene=smc;gene_biotype=protein_coding;locus_tag=AL06_RS07360;old_locus_tag=CXF52_RS07365,smc,protein_coding,1495694,1495981,1488519,1492079,FALSE,FALSE,GTTTGCTAGAATCCC,ACCGAAAGAAAGAGG,GTG,1.1151,12,FALSE,TRUE,-5.30793,5
NZ_CP025209.1,CDS,1495694,1495981,-,ID=gene-AL06_RS07365;Dbxref=GeneID:69499748;Name=AL06_RS07365;gbkey=Gene;gene_biotype=protein_coding;locus_tag=AL06_RS07365;old_locus_tag=CXF52_RS07370,AL06_RS07365,protein_coding,1495981,1497447,1492184,1495669,TRUE,FALSE,AGATTGTGCGCGAAG,GTTTGCTAGAATCCC,ATG,0.1151,6,FALSE,FALSE,1.1151,12
NZ_CP025209.1,CDS,1495981,1497447,-,ID=gene-AL06_RS07370;Dbxref=GeneID:69499749;Name=AL06_RS07370;gbkey=Gene;gene_biotype=protein_coding;locus_tag=AL06_RS07370;old_locus_tag=CXF52_RS07375,AL06_RS07370,protein_coding,1497547,1498437,1495694,1495981,FALSE,TRUE,GCCAGTACTATTTCA,AGATTGTGCGCGAAG,ATG,1.2151,16,FALSE,FALSE,0.1151,6
NZ_CP025209.1,CDS,1497547,1498437,-,ID=gene-AL06_RS07375;Dbxref=GeneID:69499750;Name=mutM;gbkey=Gene;gene=mutM;gene_biotype=protein_coding;locus_tag=AL06_RS07375;old_locus_tag=CXF52_RS07380,mutM,protein_coding,1498455,1499204,1495981,1497447,FALSE,FALSE,AACAACTCGGAGGAT,GCCAGTACTATTTCA,ATG,-6.856025,7,TRUE,FALSE,1.2151,16
NZ_CP025209.1,CDS,1498455,1499204,-,ID=gene-AL06_RS07380;Dbxref=GeneID:69499751;Name=rnc;gbkey=Gene;gene=rnc;gene_biotype=protein_coding;locus_tag=AL06_RS07380;old_locus_tag=CXF52_RS07385,rnc,protein_coding,1499201,1499731,1497547,1498437,TRUE,FALSE,CTGGATTGGAGAAGT,AACAACTCGGAGGAT,GTG,-5.389565,5,TRUE,TRUE,-6.856025,7
NZ_CP025209.1,CDS,1499201,1499731,-,ID=gene-AL06_RS07385;Dbxref=GeneID:69499752;Name=AL06_RS07385;gbkey=Gene;gene_biotype=protein_coding;locus_tag=AL06_RS07385;old_locus_tag=CXF52_RS07390,AL06_RS07385,protein_coding,1499772,1500494,1498455,1499204,FALSE,TRUE,CGAGTACACTAGTGC,CTGGATTGGAGAAGT,ATG,-0.359835,16,FALSE,TRUE,-5.389565,5
NZ_CP025209.1,CDS,1499772,1500494,-,ID=gene-AL06_RS07390;Dbxref=GeneID:69499753;Name=AL06_RS07390;gbkey=Gene;gene_biotype=protein_coding;locus_tag=AL06_RS07390;old_locus_tag=CXF52_RS07395,AL06_RS07390,protein_coding,1505962,1507407,1499201,1499731,FALSE,FALSE,CAACAGTTACTTGGT,CGAGTACACTAGTGC,ATG,-0.806410000000001,5,FALSE,FALSE,-0.359835,16
NZ_CP025209.1,CDS,1501647,1502630,+,ID=gene-AL06_RS07400;Dbxref=GeneID:69499754;Name=AL06_RS07400;gbkey=Gene;gene_biotype=protein_coding;locus_tag=AL06_RS07400;old_locus_tag=CXF52_RS07405,AL06_RS07400,protein_coding,1469424,1469945,1504911,1505729,FALSE,FALSE,CGCAAAGGAGCGTTT,CCCTCAGAAGGAGAA,ATG,-8.413115,8,TRUE,TRUE,-6.768055,8
NZ_CP025209.1,CDS,1504911,1505729,+,ID=gene-AL06_RS07420;Dbxref=GeneID:69499757;Name=AL06_RS07420;gbkey=Gene;gene_biotype=protein_coding;locus_tag=AL06_RS07420;old_locus_tag=CXF52_RS07425,AL06_RS07420,protein_coding,1501647,1502630,1509486,1510652,FALSE,FALSE,CCCTCAGAAGGAGAA,AAAATGCACAAGGAT,ATG,-6.768055,8,TRUE,TRUE,-4.40793,7
NZ_CP025209.1,CDS,1505962,1507407,-,ID=gene-AL06_RS07425;Dbxref=GeneID:69499758;Name=AL06_RS07425;gbkey=Gene;gene_biotype=protein_coding;locus_tag=AL06_RS07425;old_locus_tag=CXF52_RS07430,AL06_RS07425,protein_coding,1507724,1509070,1499772,1500494,FALSE,FALSE,ACGCGGGCGGGCTGG,CAACAGTTACTTGGT,GTG,-4.68185,5,TRUE,FALSE,-0.806410000000001,5
NZ_CP025209.1,CDS,1507724,1509070,-,ID=gene-AL06_RS07430;Dbxref=GeneID:69499759;Name=gdhA;gbkey=Gene;gene=gdhA;gene_biotype=protein_coding;locus_tag=AL06_RS07430;old_locus_tag=CXF52_RS07435,gdhA,protein_coding,1510622,1511050,1505962,1507407,FALSE,FALSE,TTCCTGAGGAGGTAC,ACGCGGGCGGGCTGG,ATG,-12.413115,8,TRUE,TRUE,-4.68185,5
NZ_CP025209.1,CDS,1509486,1510652,+,ID=gene-AL06_RS07435;Dbxref=GeneID:69499760;Name=AL06_RS07435;gbkey=Gene;gene_biotype=protein_coding;locus_tag=AL06_RS07435;old_locus_tag=CXF52_RS07440,AL06_RS07435,protein_coding,1504911,1505729,1511082,1512410,FALSE,FALSE,AAAATGCACAAGGAT,GCGAATATCCTTGAA,ATG,-4.40793,7,TRUE,FALSE,2.00029,16
NZ_CP025209.1,CDS,1510622,1511050,-,ID=gene-AL06_RS07440;Dbxref=GeneID:69499761;Name=AL06_RS07440;gbkey=Gene;gene_biotype=protein_coding;locus_tag=AL06_RS07440;old_locus_tag=CXF52_RS07445,AL06_RS07440,protein_coding,1516376,1517797,1507724,1509070,FALSE,FALSE,TATTCGCTAGGCTAA,TTCCTGAGGAGGTAC,ATG,-2.132995,10,FALSE,TRUE,-12.413115,8
NZ_CP025209.1,CDS,1511082,1512410,+,ID=gene-AL06_RS07445;Dbxref=GeneID:69499762;Name=AL06_RS07445;gbkey=Gene;gene_biotype=protein_coding;locus_tag=AL06_RS07445;old_locus_tag=CXF52_RS07450,AL06_RS07445,protein_coding,1509486,1510652,1512454,1513758,FALSE,FALSE,GCGAATATCCTTGAA,TTCCCCTATGGTGGA,ATG,2.00029,16,FALSE,FALSE,-1.469835,8
NZ_CP025209.1,CDS,1512454,1513758,+,ID=gene-AL06_RS07450;Dbxref=GeneID:69499763;Name=AL06_RS07450;gbkey=Gene;gene_biotype=protein_coding;locus_tag=AL06_RS07450;old_locus_tag=CXF52_RS07455,AL06_RS07450,protein_coding,1511082,1512410,1513881,1516310,FALSE,FALSE,TTCCCCTATGGTGGA,AATACTTTTAGGAGT,ATG,-1.469835,8,FALSE,TRUE,-6.568055,7
NZ_CP025209.1,CDS,1513881,1516310,+,ID=gene-AL06_RS07455;Dbxref=GeneID:69499764;Name=AL06_RS07455;gbkey=Gene;gene_biotype=protein_coding;locus_tag=AL06_RS07455;old_locus_tag=CXF52_RS07460,AL06_RS07455,protein_coding,1512454,1513758,1529387,1530433,FALSE,FALSE,AATACTTTTAGGAGT,AGGAAAGAAGGTGCA,ATG,-6.568055,7,TRUE,TRUE,-6.713115,8
NZ_CP025209.1,CDS,1516376,1517797,-,ID=gene-AL06_RS07460;Dbxref=GeneID:69499765;Name=pyk;gbkey=Gene;gene=pyk;gene_biotype=protein_coding;locus_tag=AL06_RS07460;old_locus_tag=CXF52_RS07465,pyk,protein_coding,1518007,1518858,1510622,1511050,FALSE,FALSE,CAGGGTTAGTGTTTA,TATTCGCTAGGCTAA,ATG,-4.613115,9,TRUE,FALSE,-2.132995,10
NZ_CP025209.1,CDS,1518007,1518858,-,ID=gene-AL06_RS07465;Dbxref=GeneID:69499766;Name=lgt;gbkey=Gene;gene=lgt;gene_biotype=protein_coding;locus_tag=AL06_RS07465;old_locus_tag=CXF52_RS07470,lgt,protein_coding,1518929,1519735,1516376,1517797,FALSE,FALSE,ATACTGTGGAGAAAA,CAGGGTTAGTGTTTA,GTG,-3.60793,9,TRUE,TRUE,-4.613115,9
NZ_CP025209.1,CDS,1518929,1519735,-,ID=gene-AL06_RS07470;Dbxref=GeneID:69499767;Name=trpC;gbkey=Gene;gene=trpC;gene_biotype=protein_coding;locus_tag=AL06_RS07470;old_locus_tag=CXF52_RS07475,trpC,protein_coding,1519854,1520483,1518007,1518858,FALSE,FALSE,GAGACCCTGTGGGAT,ATACTGTGGAGAAAA,ATG,-2.78552,6,FALSE,TRUE,-3.60793,9
NZ_CP025209.1,CDS,1519854,1520483,-,ID=gene-AL06_RS07475;Dbxref=GeneID:69499768;Name=AL06_RS07475;gbkey=Gene;gene_biotype=protein_coding;locus_tag=AL06_RS07475;old_locus_tag=CXF52_RS07480,AL06_RS07475,protein_coding,1520530,1520880,1518929,1519735,FALSE,FALSE,TGGAAGGGCGGCAAC,GAGACCCTGTGGGAT,ATG,-5.341975,10,TRUE,FALSE,-2.78552,6
NZ_CP025209.1,CDS,1520530,1520880,-,ID=gene-AL06_RS07480;Dbxref=GeneID:69499769;Name=hisI;gbkey=Gene;gene=hisI;gene_biotype=protein_coding;locus_tag=AL06_RS07480;old_locus_tag=CXF52_RS07485,hisI,protein_coding,1520902,1521678,1519854,1520483,FALSE,FALSE,CATAAGGAAGGAATA,TGGAAGGGCGGCAAC,ATG,-6.11615,10,TRUE,TRUE,-5.341975,10
NZ_CP025209.1,CDS,1520902,1521678,-,ID=gene-AL06_RS07485;Dbxref=GeneID:69499770;Name=hisF;gbkey=Gene;gene=hisF;gene_biotype=protein_coding;locus_tag=AL06_RS07485;old_locus_tag=CXF52_RS07490,hisF,protein_coding,1521769,1522554,1520530,1520880,FALSE,FALSE,CACACAAGGAGCTAA,CATAAGGAAGGAATA,ATG,-6.768055,10,TRUE,TRUE,-6.11615,10
NZ_CP025209.1,CDS,1521769,1522554,-,ID=gene-AL06_RS07490;Dbxref=GeneID:69499771;Name=AL06_RS07490;gbkey=Gene;gene_biotype=protein_coding;locus_tag=AL06_RS07490;old_locus_tag=CXF52_RS07495,AL06_RS07490,protein_coding,1522551,1523279,1520902,1521678,TRUE,FALSE,AGGAGGCGCTCGCCG,CACACAAGGAGCTAA,ATG,-9.21615,14,TRUE,TRUE,-6.768055,10
NZ_CP025209.1,CDS,1522551,1523279,-,ID=gene-AL06_RS07495;Dbxref=GeneID:69499772;Name=priA;gbkey=Gene;gene=priA;gene_biotype=protein_coding;locus_tag=AL06_RS07495;old_locus_tag=CXF52_RS07500,priA,protein_coding,1523377,1524009,1521769,1522554,FALSE,TRUE,GCGTCTACACTATTG,AGGAGGCGCTCGCCG,ATG,1.77826,16,FALSE,TRUE,-9.21615,14
NZ_CP025209.1,CDS,1523377,1524009,-,ID=gene-AL06_RS07500;Dbxref=GeneID:69499773;Name=hisH;gbkey=Gene;gene=hisH;gene_biotype=protein_coding;locus_tag=AL06_RS07500;old_locus_tag=CXF52_RS07505,hisH,protein_coding,1524076,1525488,1522551,1523279,FALSE,FALSE,CCAGTTAGGATGAGA,GCGTCTACACTATTG,ATG,-4.20793,11,TRUE,FALSE,1.77826,16
NZ_CP025209.1,CDS,1524076,1525488,-,ID=gene-AL06_RS07505;Dbxref=GeneID:69499774;Name=AL06_RS07505;gbkey=Gene;gene_biotype=protein_coding;locus_tag=AL06_RS07505;old_locus_tag=CXF52_RS07510,AL06_RS07505,protein_coding,1525657,1525872,1523377,1524009,FALSE,FALSE,ACCTCTAAGGAAGGA,CCAGTTAGGATGAGA,GTG,-6.11615,7,TRUE,TRUE,-4.20793,11
NZ_CP025209.1,CDS,1525657,1525872,-,ID=gene-AL06_RS07510;Dbxref=GeneID:69499775;Name=AL06_RS07510;gbkey=Gene;gene_biotype=protein_coding;locus_tag=AL06_RS07510;old_locus_tag=CXF52_RS07515,AL06_RS07510,protein_coding,1525875,1526483,1524076,1525488,FALSE,FALSE,CTAAAGGAGCGCTAT,ACCTCTAAGGAAGGA,GTG,-6.768055,12,TRUE,TRUE,-6.11615,7
NZ_CP025209.1,CDS,1525875,1526483,-,ID=gene-AL06_RS07515;Dbxref=GeneID:69499776;Name=hisB;gbkey=Gene;gene=hisB;gene_biotype=protein_coding;locus_tag=AL06_RS07515;old_locus_tag=CXF52_RS07520,hisB,protein_coding,1526565,1527665,1525657,1525872,FALSE,FALSE,AGCATGGTGACCTTT,CTAAAGGAGCGCTAT,ATG,-1.469835,12,FALSE,TRUE,-6.768055,12
NZ_CP025209.1,CDS,1526565,1527665,-,ID=gene-AL06_RS07520;Dbxref=GeneID:69499777;Name=AL06_RS07520;gbkey=Gene;gene_biotype=protein_coding;locus_tag=AL06_RS07520;old_locus_tag=CXF52_RS07525,AL06_RS07520,protein_coding,1527704,1529035,1525875,1526483,FALSE,FALSE,GAAAGAATGCAGTAA,AGCATGGTGACCTTT,ATG,0.9151,16,FALSE,FALSE,-1.469835,12
NZ_CP025209.1,CDS,1527704,1529035,-,ID=gene-AL06_RS07525;Dbxref=GeneID:69499778;Name=hisD;gbkey=Gene;gene=hisD;gene_biotype=protein_coding;locus_tag=AL06_RS07525;old_locus_tag=CXF52_RS07530,hisD,protein_coding,1530437,1531078,1526565,1527665,FALSE,FALSE,ATTGAGGAAACGTAA,GAAAGAATGCAGTAA,ATG,-4.40793,13,TRUE,FALSE,0.9151,16
NZ_CP025209.1,CDS,1529387,1530433,+,ID=gene-AL06_RS07530;Dbxref=GeneID:69499779;Name=AL06_RS07530;gbkey=Gene;gene_biotype=protein_coding;locus_tag=AL06_RS07530;old_locus_tag=CXF52_RS07535,AL06_RS07530,protein_coding,1513881,1516310,1532059,1532604,FALSE,FALSE,AGGAAAGAAGGTGCA,TCAGGATAGGCTGAC,GTG,-6.713115,8,TRUE,TRUE,-6.61615,11
NZ_CP025209.1,CDS,1530437,1531078,-,ID=gene-AL06_RS07535;Dbxref=GeneID:69499780;Name=AL06_RS07535;gbkey=Gene;gene_biotype=protein_coding;locus_tag=AL06_RS07535;old_locus_tag=CXF52_RS07540,AL06_RS07535,protein_coding,1531172,1531834,1527704,1529035,FALSE,FALSE,GCACGGTACCCTGTG,ATTGAGGAAACGTAA,ATG,-1.569835,13,FALSE,TRUE,-4.40793,13
NZ_CP025209.1,CDS,1531172,1531834,-,ID=gene-AL06_RS07540;Dbxref=GeneID:69499781;Name=AL06_RS07540;gbkey=Gene;gene_biotype=protein_coding;locus_tag=AL06_RS07540;old_locus_tag=CXF52_RS07545,AL06_RS07540,protein_coding,1538432,1538809,1530437,1531078,FALSE,FALSE,ATCACAGAGGAGATA,GCACGGTACCCTGTG,GTG,-6.768055,9,TRUE,FALSE,-1.569835,13
NZ_CP025209.1,CDS,1532059,1532604,+,ID=gene-AL06_RS07545;Dbxref=GeneID:69499782;Name=AL06_RS07545;gbkey=Gene;gene_biotype=protein_coding;locus_tag=AL06_RS07545;old_locus_tag=CXF52_RS07550,AL06_RS07545,protein_coding,1529387,1530433,1532626,1534833,FALSE,FALSE,TCAGGATAGGCTGAC,AGCAGTAGAGTGAGT,GTG,-6.61615,11,TRUE,FALSE,-1.74147,5
NZ_CP025209.1,CDS,1532626,1534833,+,ID=gene-AL06_RS07550;Dbxref=GeneID:69499783;Name=glgX;gbkey=Gene;gene=glgX;gene_biotype=protein_coding;locus_tag=AL06_RS07550;old_locus_tag=CXF52_RS07555,glgX,protein_coding,1532059,1532604,1534969,1536315,FALSE,FALSE,AGCAGTAGAGTGAGT,ATTCAAGGAGCACAG,ATG,-1.74147,5,FALSE,TRUE,-7.51615,6
NZ_CP025209.1,CDS,1534969,1536315,+,ID=gene-AL06_RS07555;Dbxref=GeneID:69499784;Name=AL06_RS07555;gbkey=Gene;gene_biotype=protein_coding;locus_tag=AL06_RS07555;old_locus_tag=CXF52_RS07560,AL06_RS07555,protein_coding,1532626,1534833,1536450,1537067,FALSE,FALSE,ATTCAAGGAGCACAG,AGGAGCACTGGGGAT,ATG,-7.51615,6,TRUE,TRUE,-5.968055,15
NZ_CP025209.1,CDS,1536450,1537067,+,ID=gene-AL06_RS07560;Dbxref=GeneID:69499785;Name=AL06_RS07560;gbkey=Gene;gene_biotype=protein_coding;locus_tag=AL06_RS07560;old_locus_tag=CXF52_RS07565,AL06_RS07560,protein_coding,1534969,1536315,1537150,1538169,FALSE,FALSE,AGGAGCACTGGGGAT,GTAGCACCAAGGAGC,ATG,-5.968055,15,TRUE,TRUE,-6.768055,7
NZ_CP025209.1,CDS,1537150,1538169,+,ID=gene-AL06_RS07565;Dbxref=GeneID:69499786;Name=AL06_RS07565;gbkey=Gene;gene_biotype=protein_coding;locus_tag=AL06_RS07565;old_locus_tag=CXF52_RS07570,AL06_RS07565,protein_coding,1536450,1537067,1538222,1538347,FALSE,FALSE,GTAGCACCAAGGAGC,TTGAGGAGAATACGG,ATG,-6.768055,7,TRUE,TRUE,-6.768055,13
NZ_CP025209.1,CDS,1538222,1538347,+,ID=gene-AL06_RS12420;Dbxref=GeneID:77100356;Name=AL06_RS12420;gbkey=Gene;gene_biotype=protein_coding;locus_tag=AL06_RS12420,AL06_RS12420,protein_coding,1537150,1538169,1544760,1545659,FALSE,FALSE,TTGAGGAGAATACGG,AACTTGCCCCTAACG,ATG,-6.768055,13,TRUE,FALSE,2.375225,5
NZ_CP025209.1,CDS,1538432,1538809,-,ID=gene-AL06_RS07570;Dbxref=GeneID:69499787;Name=AL06_RS07570;gbkey=Gene;gene_biotype=protein_coding;locus_tag=AL06_RS07570;old_locus_tag=CXF52_RS07575,AL06_RS07570,protein_coding,1538815,1539045,1531172,1531834,FALSE,FALSE,ATAAGGACGTATAGC,ATCACAGAGGAGATA,ATG,-4.40793,14,TRUE,TRUE,-6.768055,9
NZ_CP025209.1,CDS,1538815,1539045,-,ID=gene-AL06_RS07575;Dbxref=GeneID:69499788;Name=AL06_RS07575;gbkey=Gene;gene_biotype=protein_coding;locus_tag=AL06_RS07575;old_locus_tag=CXF52_RS07580,AL06_RS07575,protein_coding,1539071,1539712,1538432,1538809,FALSE,FALSE,CTGCATTAGTATCTA,ATAAGGACGTATAGC,ATG,1.1151,12,FALSE,TRUE,-4.40793,14
NZ_CP025209.1,CDS,1539071,1539712,-,ID=gene-AL06_RS07580;Dbxref=GeneID:69499789;Name=AL06_RS07580;gbkey=Gene;gene_biotype=protein_coding;locus_tag=AL06_RS07580;old_locus_tag=CXF52_RS07585,AL06_RS07580,protein_coding,1539736,1541034,1538815,1539045,FALSE,FALSE,TCGGACGAAAAGGAG,CTGCATTAGTATCTA,GTG,-7.568055,6,TRUE,FALSE,1.1151,12
NZ_CP025209.1,CDS,1539736,1541034,-,ID=gene-AL06_RS07585;Dbxref=GeneID:69499790;Name=ilvA;gbkey=Gene;gene=ilvA;gene_biotype=protein_coding;locus_tag=AL06_RS07585;old_locus_tag=CXF52_RS07590,ilvA,protein_coding,1541077,1544637,1539071,1539712,FALSE,FALSE,GTGGTTAAAATTGTT,TCGGACGAAAAGGAG,ATG,-1.469835,15,FALSE,TRUE,-7.568055,6
NZ_CP025209.1,CDS,1541077,1544637,-,ID=gene-AL06_RS07590;Dbxref=GeneID:69499791;Name=dnaE;gbkey=Gene;gene=dnaE;gene_biotype=protein_coding;locus_tag=AL06_RS07590;old_locus_tag=CXF52_RS07595,dnaE,protein_coding,1545633,1546178,1539736,1541034,FALSE,FALSE,ACCACTAGACTGTCT,GTGGTTAAAATTGTT,ATG,1.1151,13,FALSE,FALSE,-1.469835,15
NZ_CP025209.1,CDS,1544760,1545659,+,ID=gene-AL06_RS07595;Dbxref=GeneID:69499792;Name=rarD;gbkey=Gene;gene=rarD;gene_biotype=protein_coding;locus_tag=AL06_RS07595;old_locus_tag=CXF52_RS07600,rarD,protein_coding,1538222,1538347,1547694,1548659,FALSE,FALSE,AACTTGCCCCTAACG,ACAGGCTAACCCCGC,ATG,2.375225,5,FALSE,FALSE,-2.032995,16
NZ_CP025209.1,CDS,1545633,1546178,-,ID=gene-AL06_RS07600;Dbxref=GeneID:69499793;Name=AL06_RS07600;gbkey=Gene;gene_biotype=protein_coding;locus_tag=AL06_RS07600;old_locus_tag=CXF52_RS07605,AL06_RS07600,protein_coding,1546186,1547112,1541077,1544637,FALSE,FALSE,AGAAGCGAGTAATAC,ACCACTAGACTGTCT,GTG,-0.359835,11,FALSE,FALSE,1.1151,13
NZ_CP025209.1,CDS,1546186,1547112,-,ID=gene-AL06_RS07605;Dbxref=GeneID:69499794;Name=AL06_RS07605;gbkey=Gene;gene_biotype=protein_coding;locus_tag=AL06_RS07605;old_locus_tag=CXF52_RS07610,AL06_RS07605,protein_coding,1547109,1547633,1545633,1546178,TRUE,FALSE,GCCGTAAGGAGGGGA,AGAAGCGAGTAATAC,ATG,-10.01615,9,TRUE,FALSE,-0.359835,11
NZ_CP025209.1,CDS,1547109,1547633,-,ID=gene-AL06_RS07610;Dbxref=GeneID:69499795;Name=lspA;gbkey=Gene;gene=lspA;gene_biotype=protein_coding;locus_tag=AL06_RS07610;old_locus_tag=CXF52_RS07615,lspA,protein_coding,1548748,1549368,1546186,1547112,FALSE,TRUE,TTTTGCCAAGATATA,GCCGTAAGGAGGGGA,GTG,0.9151,11,FALSE,TRUE,-10.01615,9
NZ_CP025209.1,CDS,1547694,1548659,+,ID=gene-AL06_RS07615;Dbxref=GeneID:69499796;Name=AL06_RS07615;gbkey=Gene;gene_biotype=protein_coding;locus_tag=AL06_RS07615;old_locus_tag=CXF52_RS07620,AL06_RS07615,protein_coding,1544760,1545659,1549545,1550486,FALSE,FALSE,ACAGGCTAACCCCGC,TATGGCAGTGTTGTA,ATG,-2.032995,16,FALSE,FALSE,0.827129999999999,15
NZ_CP025209.1,CDS,1548748,1549368,-,ID=gene-AL06_RS07620;Dbxref=GeneID:69499797;Name=AL06_RS07620;gbkey=Gene;gene_biotype=protein_coding;locus_tag=AL06_RS07620;old_locus_tag=CXF52_RS07625,AL06_RS07620,protein_coding,1550487,1551842,1547109,1547633,FALSE,FALSE,GCCGACTAGAGGAGT,TTTTGCCAAGATATA,GTG,-6.768055,7,TRUE,FALSE,0.9151,11
NZ_CP025209.1,CDS,1549545,1550486,+,ID=gene-AL06_RS07625;Dbxref=GeneID:69499798;Name=AL06_RS07625;gbkey=Gene;gene_biotype=protein_coding;locus_tag=AL06_RS07625;old_locus_tag=CXF52_RS07630,AL06_RS07625,protein_coding,1547694,1548659,1576090,1577298,FALSE,FALSE,TATGGCAGTGTTGTA,ATTCGCTAGGAGGTC,ATG,0.827129999999999,15,FALSE,TRUE,-12.113115,7
NZ_CP025209.1,CDS,1550487,1551842,-,ID=gene-AL06_RS07630;Dbxref=GeneID:69499799;Name=AL06_RS07630;gbkey=Gene;gene_biotype=protein_coding;locus_tag=AL06_RS07630;old_locus_tag=CXF52_RS07635,AL06_RS07630,protein_coding,1551968,1555126,1548748,1549368,FALSE,FALSE,TCGAACTAATGTTTG,GCCGACTAGAGGAGT,ATG,1.77826,8,FALSE,TRUE,-6.768055,7
NZ_CP025209.1,CDS,1551968,1555126,-,ID=gene-AL06_RS07635;Dbxref=GeneID:69499800;Name=ileS;gbkey=Gene;gene=ileS;gene_biotype=protein_coding;locus_tag=AL06_RS07635;old_locus_tag=CXF52_RS07640,ileS,protein_coding,1555524,1556525,1550487,1551842,FALSE,FALSE,GCGAAAGTGAAGGAG,TCGAACTAATGTTTG,ATG,-7.568055,6,TRUE,FALSE,1.77826,8
NZ_CP025209.1,CDS,1555524,1556525,-,ID=gene-AL06_RS07640;Dbxref=GeneID:69499801;Name=AL06_RS07640;gbkey=Gene;gene_biotype=protein_coding;locus_tag=AL06_RS07640;old_locus_tag=CXF52_RS07645,AL06_RS07640,protein_coding,1556866,1557153,1551968,1555126,FALSE,FALSE,TCTCGAAGGGAAGAG,GCGAAAGTGAAGGAG,ATG,-4.71615,6,TRUE,TRUE,-7.568055,6
NZ_CP025209.1,CDS,1556866,1557153,-,ID=gene-AL06_RS07645;Dbxref=GeneID:69499802;Name=AL06_RS07645;gbkey=Gene;gene_biotype=protein_coding;locus_tag=AL06_RS07645;old_locus_tag=CXF52_RS07650,AL06_RS07645,protein_coding,1557350,1557799,1555524,1556525,FALSE,FALSE,CTGATGTGAAAGGTG,TCTCGAAGGGAAGAG,GTG,-3.82996,6,TRUE,TRUE,-4.71615,6
NZ_CP025209.1,CDS,1557350,1557799,-,ID=gene-AL06_RS07650;Dbxref=GeneID:69499803;Name=sepF;gbkey=Gene;gene=sepF;gene_biotype=protein_coding;locus_tag=AL06_RS07650;old_locus_tag=CXF52_RS07655,sepF,protein_coding,1557909,1558649,1556866,1557153,FALSE,FALSE,TTTAAGAGGGGACAC,CTGATGTGAAAGGTG,ATG,-5.99388,10,TRUE,TRUE,-3.82996,6
NZ_CP025209.1,CDS,1557909,1558649,-,ID=gene-AL06_RS07655;Dbxref=GeneID:69499804;Name=pgeF;gbkey=Gene;gene=pgeF;gene_biotype=protein_coding;locus_tag=AL06_RS07655;old_locus_tag=CXF52_RS07660,pgeF,protein_coding,1558649,1559884,1557350,1557799,TRUE,FALSE,TTCCAGACTTCCTAC,TTTAAGAGGGGACAC,ATG,1.2151,15,FALSE,TRUE,-5.99388,10
NZ_CP025209.1,CDS,1558649,1559884,-,ID=gene-AL06_RS07660;Dbxref=GeneID:69499805;Name=ftsZ;gbkey=Gene;gene=ftsZ;gene_biotype=protein_coding;locus_tag=AL06_RS07660;old_locus_tag=CXF52_RS07665,ftsZ,protein_coding,1560276,1560932,1557909,1558649,FALSE,TRUE,GTGAAAGGCGAGTCT,TTCCAGACTTCCTAC,ATG,-3.668055,9,TRUE,FALSE,1.2151,15
NZ_CP025209.1,CDS,1560276,1560932,-,ID=gene-AL06_RS07665;Dbxref=GeneID:69499806;Name=AL06_RS07665;gbkey=Gene;gene_biotype=protein_coding;locus_tag=AL06_RS07665;old_locus_tag=CXF52_RS07670,AL06_RS07665,protein_coding,1560929,1562362,1558649,1559884,TRUE,FALSE,CTGCGTTACGGGAGA,GTGAAAGGCGAGTCT,ATG,-5.145645,6,TRUE,TRUE,-3.668055,9
NZ_CP025209.1,CDS,1560929,1562362,-,ID=gene-AL06_RS07670;Dbxref=GeneID:69499807;Name=murC;gbkey=Gene;gene=murC;gene_biotype=protein_coding;locus_tag=AL06_RS07670;old_locus_tag=CXF52_RS07675,murC,protein_coding,1562380,1563459,1560276,1560932,FALSE,TRUE,AAAACAGAAGAGATA,CTGCGTTACGGGAGA,ATG,-0.359835,8,FALSE,TRUE,-5.145645,6
NZ_CP025209.1,CDS,1562380,1563459,-,ID=gene-AL06_RS07675;Dbxref=GeneID:69499808;Name=murG;gbkey=Gene;gene=murG;gene_biotype=protein_coding;locus_tag=AL06_RS07675;old_locus_tag=CXF52_RS07680,murG,protein_coding,1563461,1564969,1560929,1562362,FALSE,FALSE,AAACGCAGGAGAAGA,AAAACAGAAGAGATA,GTG,-6.61615,7,TRUE,FALSE,-0.359835,8
NZ_CP025209.1,CDS,1563461,1564969,-,ID=gene-AL06_RS07680;Dbxref=GeneID:69499809;Name=ftsW;gbkey=Gene;gene=ftsW;gene_biotype=protein_coding;locus_tag=AL06_RS07680;old_locus_tag=CXF52_RS07685,ftsW,protein_coding,1564996,1566438,1562380,1563459,FALSE,FALSE,GTCGGTGAGGAGCAC,AAACGCAGGAGAAGA,ATG,-6.768055,9,TRUE,TRUE,-6.61615,7
NZ_CP025209.1,CDS,1564996,1566438,-,ID=gene-AL06_RS07685;Dbxref=GeneID:69499810;Name=murD;gbkey=Gene;gene=murD;gene_biotype=protein_coding;locus_tag=AL06_RS07685;old_locus_tag=CXF52_RS07690,murD,protein_coding,1566443,1567543,1563461,1564969,FALSE,FALSE,CTTACAGGAGTATAA,GTCGGTGAGGAGCAC,ATG,-6.468055,11,TRUE,TRUE,-6.768055,9
NZ_CP025209.1,CDS,1566443,1567543,-,ID=gene-AL06_RS07690;Dbxref=GeneID:69499811;Name=mraY;gbkey=Gene;gene=mraY;gene_biotype=protein_coding;locus_tag=AL06_RS07690;old_locus_tag=CXF52_RS07695,mraY,protein_coding,1567569,1569059,1564996,1566438,FALSE,FALSE,AATGACAGGTGAATC,CTTACAGGAGTATAA,ATG,-3.82996,10,TRUE,TRUE,-6.468055,11
NZ_CP025209.1,CDS,1567569,1569059,-,ID=gene-AL06_RS07695;Dbxref=GeneID:69499812;Name=AL06_RS07695;gbkey=Gene;gene_biotype=protein_coding;locus_tag=AL06_RS07695;old_locus_tag=CXF52_RS07700,AL06_RS07695,protein_coding,1569113,1570654,1566443,1567543,FALSE,FALSE,TTTTTAAGGACTTGA,AATGACAGGTGAATC,ATG,-4.40793,11,TRUE,TRUE,-3.82996,10
NZ_CP025209.1,CDS,1569113,1570654,-,ID=gene-AL06_RS07700;Dbxref=GeneID:69499813;Name=AL06_RS07700;gbkey=Gene;gene_biotype=protein_coding;locus_tag=AL06_RS07700;old_locus_tag=CXF52_RS07705,AL06_RS07700,protein_coding,1570762,1572786,1567569,1569059,FALSE,FALSE,CGTGTAGAAAGGGGC,TTTTTAAGGACTTGA,TTG,-5.99388,7,TRUE,TRUE,-4.40793,11
NZ_CP025209.1,CDS,1570762,1572786,-,ID=gene-AL06_RS07705;Dbxref=GeneID:69499814;Name=AL06_RS07705;gbkey=Gene;gene_biotype=protein_coding;locus_tag=AL06_RS07705;old_locus_tag=CXF52_RS07710,AL06_RS07705,protein_coding,1572817,1573590,1569113,1570654,FALSE,FALSE,TAGTGAGGCGGATCT,CGTGTAGAAAGGGGC,GTG,-3.60793,12,TRUE,TRUE,-5.99388,7
NZ_CP025209.1,CDS,1572817,1573590,-,ID=gene-AL06_RS07710;Dbxref=GeneID:69499815;Name=AL06_RS07710;gbkey=Gene;gene_biotype=protein_coding;locus_tag=AL06_RS07710;old_locus_tag=CXF52_RS07715,AL06_RS07710,protein_coding,1573647,1574666,1570762,1572786,FALSE,FALSE,GTTTTGGGGTGACCT,TAGTGAGGCGGATCT,ATG,-5.13072,10,TRUE,TRUE,-3.60793,12
NZ_CP025209.1,CDS,1573647,1574666,-,ID=gene-AL06_RS07715;Dbxref=GeneID:69499816;Name=rsmH;gbkey=Gene;gene=rsmH;gene_biotype=protein_coding;locus_tag=AL06_RS07715;old_locus_tag=CXF52_RS07720,rsmH,protein_coding,1574849,1575280,1572817,1573590,FALSE,FALSE,AGCTCGAGAAAGGGG,GTTTTGGGGTGACCT,ATG,-6.79388,6,TRUE,TRUE,-5.13072,10
NZ_CP025209.1,CDS,1574849,1575280,-,ID=gene-AL06_RS07720;Dbxref=GeneID:69499817;Name=mraZ;gbkey=Gene;gene=mraZ;gene_biotype=protein_coding;locus_tag=AL06_RS07720;old_locus_tag=CXF52_RS07725,mraZ,protein_coding,1577516,1577908,1573647,1574666,FALSE,FALSE,AGGGAGGTGGCCGTA,AGCTCGAGAAAGGGG,ATG,-10.690705,12,TRUE,TRUE,-6.79388,6
NZ_CP025209.1,CDS,1576090,1577298,+,ID=gene-AL06_RS07730;Dbxref=GeneID:69499818;Name=AL06_RS07730;gbkey=Gene;gene_biotype=protein_coding;locus_tag=AL06_RS07730;old_locus_tag=CXF52_RS07735,AL06_RS07730,protein_coding,1549545,1550486,1578647,1579225,FALSE,FALSE,ATTCGCTAGGAGGTC,CCCTAAATGGTGTGG,ATG,-12.113115,7,TRUE,FALSE,-1.469835,9
NZ_CP025209.1,CDS,1577516,1577908,-,ID=gene-AL06_RS07735;Dbxref=GeneID:69499819;Name=AL06_RS07735;gbkey=Gene;gene_biotype=protein_coding;locus_tag=AL06_RS07735;old_locus_tag=CXF52_RS07740,AL06_RS07735,protein_coding,1578029,1578454,1574849,1575280,FALSE,FALSE,CCAAGACTTGGAGGT,AGGGAGGTGGCCGTA,GTG,-8.489565,5,TRUE,TRUE,-10.690705,12
NZ_CP025209.1,CDS,1578029,1578454,-,ID=gene-AL06_RS07740;Dbxref=GeneID:69499820;Name=AL06_RS07740;gbkey=Gene;gene_biotype=protein_coding;locus_tag=AL06_RS07740;old_locus_tag=CXF52_RS07745,AL06_RS07740,protein_coding,1579222,1580205,1577516,1577908,FALSE,FALSE,GATGGAAGGGGATAT,CCAAGACTTGGAGGT,ATG,-5.99388,10,TRUE,TRUE,-8.489565,5
NZ_CP025209.1,CDS,1578647,1579225,+,ID=gene-AL06_RS07745;Dbxref=GeneID:69499821;Name=AL06_RS07745;gbkey=Gene;gene_biotype=protein_coding;locus_tag=AL06_RS07745;old_locus_tag=CXF52_RS07750,AL06_RS07745,protein_coding,1576090,1577298,1580360,1581535,FALSE,FALSE,CCCTAAATGGTGTGG,TGCGCCCCCACCCTC,ATG,-1.469835,9,FALSE,FALSE,3.875225,19
NZ_CP025209.1,CDS,1579222,1580205,-,ID=gene-AL06_RS07750;Dbxref=GeneID:69499822;Name=metF;gbkey=Gene;gene=metF;gene_biotype=protein_coding;locus_tag=AL06_RS07750;old_locus_tag=CXF52_RS07755,metF,protein_coding,1583045,1583413,1578029,1578454,FALSE,FALSE,TCCCATAAAATACGC,GATGGAAGGGGATAT,ATG,3.775225,14,FALSE,TRUE,-5.99388,10
NZ_CP025209.1,CDS,1580360,1581535,+,ID=gene-AL06_RS07755;Dbxref=GeneID:69499823;Name=AL06_RS07755;gbkey=Gene;gene_biotype=protein_coding;locus_tag=AL06_RS07755;old_locus_tag=CXF52_RS07760,AL06_RS07755,protein_coding,1578647,1579225,1581557,1583044,FALSE,FALSE,TGCGCCCCCACCCTC,CCCCGGAGATCACAC,ATG,3.875225,19,FALSE,TRUE,-3.60793,12
NZ_CP025209.1,CDS,1581557,1583044,+,ID=gene-AL06_RS07760;Dbxref=GeneID:69499824;Name=AL06_RS07760;gbkey=Gene;gene_biotype=protein_coding;locus_tag=AL06_RS07760;old_locus_tag=CXF52_RS07765,AL06_RS07760,protein_coding,1580360,1581535,1583516,1585708,FALSE,FALSE,CCCCGGAGATCACAC,GTCAGCCATACTATG,ATG,-3.60793,12,TRUE,FALSE,1.2151,16
NZ_CP025209.1,CDS,1583045,1583413,-,ID=gene-AL06_RS07765;Dbxref=GeneID:69499825;Name=AL06_RS07765;gbkey=Gene;gene_biotype=protein_coding;locus_tag=AL06_RS07765;old_locus_tag=CXF52_RS07770,AL06_RS07765,protein_coding,1585776,1587164,1579222,1580205,FALSE,FALSE,TCACGATAGATTAGG,TCCCATAAAATACGC,GTG,-3.332995,6,FALSE,FALSE,3.775225,14
NZ_CP025209.1,CDS,1583516,1585708,+,ID=gene-AL06_RS07770;Dbxref=GeneID:69499826;Name=pknB;gbkey=Gene;gene=pknB;gene_biotype=protein_coding;locus_tag=AL06_RS07770;old_locus_tag=CXF52_RS07775,pknB,protein_coding,1581557,1583044,1600384,1602306,FALSE,FALSE,GTCAGCCATACTATG,ACGAGGAGGATCTGC,ATG,1.2151,16,FALSE,TRUE,-10.01615,12
NZ_CP025209.1,CDS,1585776,1587164,-,ID=gene-AL06_RS07775;Dbxref=GeneID:69499827;Name=AL06_RS07775;gbkey=Gene;gene_biotype=protein_coding;locus_tag=AL06_RS07775;old_locus_tag=CXF52_RS07780,AL06_RS07775,protein_coding,1587277,1587786,1583045,1583413,FALSE,FALSE,CCGTGCTAAACATAA,TCACGATAGATTAGG,GTG,1.77826,16,FALSE,FALSE,-3.332995,6
NZ_CP025209.1,CDS,1587277,1587786,-,ID=gene-AL06_RS07780;Dbxref=GeneID:69499828;Name=AL06_RS07780;gbkey=Gene;gene_biotype=protein_coding;locus_tag=AL06_RS07780;old_locus_tag=CXF52_RS07785,AL06_RS07780,protein_coding,1587853,1588578,1585776,1587164,FALSE,FALSE,TTTGTGAATGTGAGC,CCGTGCTAAACATAA,GTG,-0.359835,6,FALSE,FALSE,1.77826,16
NZ_CP025209.1,CDS,1587853,1588578,-,ID=gene-AL06_RS07785;Dbxref=GeneID:69499829;Name=AL06_RS07785;gbkey=Gene;gene_biotype=protein_coding;locus_tag=AL06_RS07785;old_locus_tag=CXF52_RS07790,AL06_RS07785,protein_coding,1588630,1589583,1587277,1587786,FALSE,FALSE,GAAAAATAAGGATGA,TTTGTGAATGTGAGC,ATG,-4.40793,9,TRUE,FALSE,-0.359835,6
NZ_CP025209.1,CDS,1588630,1589583,-,ID=gene-AL06_RS07790;Dbxref=GeneID:69499830;Name=AL06_RS07790;gbkey=Gene;gene_biotype=protein_coding;locus_tag=AL06_RS07790;old_locus_tag=CXF52_RS07795,AL06_RS07790,protein_coding,1589714,1590847,1587853,1588578,FALSE,FALSE,CCATTAACGAGGCGA,GAAAAATAAGGATGA,ATG,-3.60793,8,TRUE,TRUE,-4.40793,9
NZ_CP025209.1,CDS,1589714,1590847,-,ID=gene-AL06_RS07795;Dbxref=GeneID:69499831;Name=AL06_RS07795;gbkey=Gene;gene_biotype=protein_coding;locus_tag=AL06_RS07795;old_locus_tag=CXF52_RS07800,AL06_RS07795,protein_coding,1590868,1591911,1588630,1589583,FALSE,FALSE,TGTTTGCTACAGTGT,CCATTAACGAGGCGA,GTG,1.2151,9,FALSE,TRUE,-3.60793,8
NZ_CP025209.1,CDS,1590868,1591911,-,ID=gene-AL06_RS07800;Dbxref=GeneID:69499832;Name=AL06_RS07800;gbkey=Gene;gene_biotype=protein_coding;locus_tag=AL06_RS07800;old_locus_tag=CXF52_RS07805,AL06_RS07800,protein_coding,1592051,1592662,1589714,1590847,FALSE,FALSE,TAGATATCGGGGACC,TGTTTGCTACAGTGT,GTG,-2.833755,8,FALSE,FALSE,1.2151,9
NZ_CP025209.1,CDS,1592051,1592662,-,ID=gene-AL06_RS07805;Dbxref=GeneID:69499833;Name=AL06_RS07805;gbkey=Gene;gene_biotype=protein_coding;locus_tag=AL06_RS07805;old_locus_tag=CXF52_RS07810,AL06_RS07805,protein_coding,1593444,1595066,1590868,1591911,FALSE,FALSE,GAAGATTGGGAGAAT,TAGATATCGGGGACC,GTG,-5.145645,8,TRUE,FALSE,-2.833755,8
NZ_CP025209.1,CDS,1593444,1595066,-,ID=gene-AL06_RS07810;Dbxref=GeneID:69499834;Name=AL06_RS07810;gbkey=Gene;gene_biotype=protein_coding;locus_tag=AL06_RS07810;old_locus_tag=CXF52_RS07815,AL06_RS07810,protein_coding,1595063,1596283,1592051,1592662,TRUE,FALSE,CATTCTGGGAGCGTC,GAAGATTGGGAGAAT,ATG,-6.790705,6,TRUE,TRUE,-5.145645,8
NZ_CP025209.1,CDS,1595063,1596283,-,ID=gene-AL06_RS07815;Dbxref=GeneID:69499835;Name=AL06_RS07815;gbkey=Gene;gene_biotype=protein_coding;locus_tag=AL06_RS07815;old_locus_tag=CXF52_RS07820,AL06_RS07815,protein_coding,1596280,1597176,1593444,1595066,TRUE,TRUE,TGTGGATTGGATCGC,CATTCTGGGAGCGTC,ATG,-3.756025,10,TRUE,TRUE,-6.790705,6
NZ_CP025209.1,CDS,1596280,1597176,-,ID=gene-AL06_RS07820;Dbxref=GeneID:69499836;Name=AL06_RS07820;gbkey=Gene;gene_biotype=protein_coding;locus_tag=AL06_RS07820;old_locus_tag=CXF52_RS07825,AL06_RS07820,protein_coding,1597259,1597876,1595063,1596283,FALSE,TRUE,ATTCGAGACTCTAAG,TGTGGATTGGATCGC,ATG,-0.359835,13,FALSE,TRUE,-3.756025,10
NZ_CP025209.1,CDS,1597259,1597876,-,ID=gene-AL06_RS07825;Dbxref=GeneID:69499837;Name=AL06_RS07825;gbkey=Gene;gene_biotype=protein_coding;locus_tag=AL06_RS07825;old_locus_tag=CXF52_RS07830,AL06_RS07825,protein_coding,1598414,1598845,1596280,1597176,FALSE,FALSE,AAAGACCATACTTAT,ATTCGAGACTCTAAG,GTG,0.9151,17,FALSE,FALSE,-0.359835,13
NZ_CP025209.1,CDS,1598414,1598845,-,ID=gene-AL06_RS07830;Dbxref=GeneID:69499838;Name=AL06_RS07830;gbkey=Gene;gene_biotype=protein_coding;locus_tag=AL06_RS07830;old_locus_tag=CXF52_RS07835,AL06_RS07830,protein_coding,1598869,1599957,1597259,1597876,FALSE,FALSE,TAAGGAGAAGTAAGA,AAAGACCATACTTAT,ATG,-9.313115,10,TRUE,FALSE,0.9151,17
NZ_CP025209.1,CDS,1598869,1599957,-,ID=gene-AL06_RS07835;Dbxref=GeneID:69499839;Name=AL06_RS07835;gbkey=Gene;gene_biotype=protein_coding;locus_tag=AL06_RS07835;old_locus_tag=CXF52_RS07840,AL06_RS07835,protein_coding,1602397,1602741,1598414,1598845,FALSE,FALSE,GACAGGAAGGCAAAC,TAAGGAGAAGTAAGA,GTG,-5.81615,11,TRUE,TRUE,-9.313115,10
NZ_CP025209.1,CDS,1600384,1602306,+,ID=gene-AL06_RS07840;Dbxref=GeneID:69499840;Name=asnB;gbkey=Gene;gene=asnB;gene_biotype=protein_coding;locus_tag=AL06_RS07840;old_locus_tag=CXF52_RS07845,asnB,protein_coding,1583516,1585708,1602960,1603634,FALSE,FALSE,ACGAGGAGGATCTGC,TCCTTGTAGCCTAGA,ATG,-10.01615,12,TRUE,FALSE,1.1151,12
NZ_CP025209.1,CDS,1602397,1602741,-,ID=gene-AL06_RS07845;Dbxref=GeneID:69499841;Name=AL06_RS07845;gbkey=Gene;gene_biotype=protein_coding;locus_tag=AL06_RS07845;old_locus_tag=CXF52_RS07850,AL06_RS07845,protein_coding,1606212,1607318,1598869,1599957,FALSE,FALSE,AAAAATTTGAAGGAG,GACAGGAAGGCAAAC,ATG,-7.568055,6,TRUE,TRUE,-5.81615,11
NZ_CP025209.1,CDS,1602960,1603634,+,ID=gene-AL06_RS07850;Dbxref=GeneID:69499842;Name=AL06_RS07850;gbkey=Gene;gene_biotype=protein_coding;locus_tag=AL06_RS07850;old_locus_tag=CXF52_RS07855,AL06_RS07850,protein_coding,1600384,1602306,1603635,1604183,FALSE,FALSE,TCCTTGTAGCCTAGA,CGGAGATAAGGTTTC,GTG,1.1151,12,FALSE,TRUE,-4.35299,8
NZ_CP025209.1,CDS,1603635,1604183,+,ID=gene-AL06_RS07855;Dbxref=GeneID:69499843;Name=cobU;gbkey=Gene;gene=cobU;gene_biotype=protein_coding;locus_tag=AL06_RS07855;old_locus_tag=CXF52_RS07860,cobU,protein_coding,1602960,1603634,1604233,1605303,FALSE,FALSE,CGGAGATAAGGTTTC,TGCTTCAAGGAGATA,ATG,-4.35299,8,TRUE,TRUE,-6.768055,9
NZ_CP025209.1,CDS,1604233,1605303,+,ID=gene-AL06_RS07860;Dbxref=GeneID:69499844;Name=cobT;gbkey=Gene;gene=cobT;gene_biotype=protein_coding;locus_tag=AL06_RS07860;old_locus_tag=CXF52_RS07865,cobT,protein_coding,1603635,1604183,1605311,1606135,FALSE,FALSE,TGCTTCAAGGAGATA,ATGAAACAGTAGTTT,ATG,-6.768055,9,TRUE,FALSE,1.1151,9
NZ_CP025209.1,CDS,1605311,1606135,+,ID=gene-AL06_RS07865;Dbxref=GeneID:69499845;Name=AL06_RS07865;gbkey=Gene;gene_biotype=protein_coding;locus_tag=AL06_RS07865;old_locus_tag=CXF52_RS07870,AL06_RS07865,protein_coding,1604233,1605303,1607428,1608930,FALSE,FALSE,ATGAAACAGTAGTTT,CTTTTGGAGGTATAT,ATG,1.1151,9,FALSE,TRUE,-9.25299,9
NZ_CP025209.1,CDS,1606212,1607318,-,ID=gene-AL06_RS07870;Dbxref=GeneID:69499846;Name=AL06_RS07870;gbkey=Gene;gene_biotype=protein_coding;locus_tag=AL06_RS07870;old_locus_tag=CXF52_RS07875,AL06_RS07870,protein_coding,1608994,1609389,1602397,1602741,FALSE,FALSE,CTGGTGTACGTTGAA,AAAAATTTGAAGGAG,ATG,-1.469835,15,FALSE,TRUE,-7.568055,6
NZ_CP025209.1,CDS,1607428,1608930,+,ID=gene-AL06_RS07875;Dbxref=GeneID:69499847;Name=AL06_RS07875;gbkey=Gene;gene_biotype=protein_coding;locus_tag=AL06_RS07875;old_locus_tag=CXF52_RS07880,AL06_RS07875,protein_coding,1605311,1606135,1609515,1611467,FALSE,FALSE,CTTTTGGAGGTATAT,TGCGAGGAGTCTTTA,GTG,-9.25299,9,TRUE,TRUE,-6.768055,12
NZ_CP025209.1,CDS,1608994,1609389,-,ID=gene-AL06_RS07880;Dbxref=GeneID:69499848;Name=AL06_RS07880;gbkey=Gene;gene_biotype=protein_coding;locus_tag=AL06_RS07880;old_locus_tag=CXF52_RS07885,AL06_RS07880,protein_coding,1614359,1614832,1606212,1607318,FALSE,FALSE,GCCCCTAGAATTGTG,CTGGTGTACGTTGAA,GTG,1.1151,13,FALSE,FALSE,-1.469835,15
NZ_CP025209.1,CDS,1609515,1611467,+,ID=gene-AL06_RS07885;Dbxref=GeneID:69499849;Name=sucB;gbkey=Gene;gene=sucB;gene_biotype=protein_coding;locus_tag=AL06_RS07885;old_locus_tag=CXF52_RS07890,sucB,protein_coding,1607428,1608930,1611584,1612336,FALSE,FALSE,TGCGAGGAGTCTTTA,GCGGACTATAGTGTG,ATG,-6.768055,12,TRUE,FALSE,-1.247805,15
NZ_CP025209.1,CDS,1611584,1612336,+,ID=gene-AL06_RS07890;Dbxref=GeneID:69499850;Name=lipB;gbkey=Gene;gene=lipB;gene_biotype=protein_coding;locus_tag=AL06_RS07890;old_locus_tag=CXF52_RS07895,lipB,protein_coding,1609515,1611467,1612428,1613477,FALSE,FALSE,GCGGACTATAGTGTG,CACGAGTACTCTGCA,ATG,-1.247805,15,FALSE,FALSE,-0.359835,14
NZ_CP025209.1,CDS,1612428,1613477,+,ID=gene-AL06_RS07895;Dbxref=GeneID:69499851;Name=AL06_RS07895;gbkey=Gene;gene_biotype=protein_coding;locus_tag=AL06_RS07895;old_locus_tag=CXF52_RS07900,AL06_RS07895,protein_coding,1611584,1612336,1613540,1614313,FALSE,FALSE,CACGAGTACTCTGCA,CCCCGCTAAGGTGGT,GTG,-0.359835,14,FALSE,TRUE,-3.82996,8
NZ_CP025209.1,CDS,1613540,1614313,+,ID=gene-AL06_RS07900;Dbxref=GeneID:69499852;Name=AL06_RS07900;gbkey=Gene;gene_biotype=protein_coding;locus_tag=AL06_RS07900;old_locus_tag=CXF52_RS07905,AL06_RS07900,protein_coding,1612428,1613477,1615029,1616465,FALSE,FALSE,CCCCGCTAAGGTGGT,CTTATAACGAGGAGT,ATG,-3.82996,8,TRUE,TRUE,-6.768055,7
NZ_CP025209.1,CDS,1614359,1614832,-,ID=gene-AL06_RS07905;Dbxref=GeneID:69499853;Name=AL06_RS07905;gbkey=Gene;gene_biotype=protein_coding;locus_tag=AL06_RS07905;old_locus_tag=CXF52_RS07910,AL06_RS07905,protein_coding,1616520,1617392,1608994,1609389,FALSE,FALSE,CCATATTAAGGTAGG,GCCCCTAGAATTGTG,ATG,-7.81615,6,TRUE,FALSE,1.1151,13
NZ_CP025209.1,CDS,1615029,1616465,+,ID=gene-AL06_RS07910;Dbxref=GeneID:69499854;Name=glnA;gbkey=Gene;gene=glnA;gene_biotype=protein_coding;locus_tag=AL06_RS07910;old_locus_tag=CXF52_RS07915,glnA,protein_coding,1613540,1614313,1619642,1620325,FALSE,FALSE,CTTATAACGAGGAGT,TTAGATCTAACTTGT,GTG,-6.768055,7,TRUE,FALSE,1.1151,17
NZ_CP025209.1,CDS,1616520,1617392,-,ID=gene-AL06_RS07915;Dbxref=GeneID:69499855;Name=AL06_RS07915;gbkey=Gene;gene_biotype=protein_coding;locus_tag=AL06_RS07915;old_locus_tag=CXF52_RS07920,AL06_RS07915,protein_coding,1617836,1618045,1614359,1614832,FALSE,FALSE,GAAGCGTACTATAAA,CCATATTAAGGTAGG,ATG,0.9151,17,FALSE,TRUE,-7.81615,6
NZ_CP025209.1,CDS,1617836,1618045,-,ID=gene-AL06_RS07925;Dbxref=GeneID:69499856;Name=AL06_RS07925;gbkey=Gene;gene_biotype=protein_coding;locus_tag=AL06_RS07925;old_locus_tag=CXF52_RS07930,AL06_RS07925,protein_coding,1618158,1619510,1616520,1617392,FALSE,FALSE,CTTAAGGAGGCACGT,GAAGCGTACTATAAA,ATG,-10.01615,11,TRUE,FALSE,0.9151,17
NZ_CP025209.1,CDS,1618158,1619510,-,ID=gene-AL06_RS07930;Dbxref=GeneID:69499857;Name=AL06_RS07930;gbkey=Gene;gene_biotype=protein_coding;locus_tag=AL06_RS07930;old_locus_tag=CXF52_RS07935,AL06_RS07930,protein_coding,1621603,1622139,1617836,1618045,FALSE,FALSE,ATAGCGTAATTTATT,CTTAAGGAGGCACGT,ATG,1.1151,17,FALSE,TRUE,-10.01615,11
NZ_CP025209.1,CDS,1619642,1620325,+,ID=gene-AL06_RS07935;Dbxref=GeneID:69499858;Name=AL06_RS07935;gbkey=Gene;gene_biotype=protein_coding;locus_tag=AL06_RS07935;old_locus_tag=CXF52_RS07940,AL06_RS07935,protein_coding,1615029,1616465,1620347,1621606,FALSE,FALSE,TTAGATCTAACTTGT,ACACACAGTAAGAAG,ATG,1.1151,17,FALSE,FALSE,0.1151,6
NZ_CP025209.1,CDS,1620347,1621606,+,ID=gene-AL06_RS07940;Dbxref=GeneID:69499859;Name=AL06_RS07940;gbkey=Gene;gene_biotype=protein_coding;locus_tag=AL06_RS07940;old_locus_tag=CXF52_RS07945,AL06_RS07940,protein_coding,1619642,1620325,1624037,1624831,FALSE,FALSE,ACACACAGTAAGAAG,TCGGACAGTAGGAAG,ATG,0.1151,6,FALSE,TRUE,-4.20793,8
NZ_CP025209.1,CDS,1621603,1622139,-,ID=gene-AL06_RS07945;Dbxref=GeneID:69499860;Name=AL06_RS07945;gbkey=Gene;gene_biotype=protein_coding;locus_tag=AL06_RS07945;old_locus_tag=CXF52_RS07950,AL06_RS07945,protein_coding,1622170,1622316,1618158,1619510,FALSE,FALSE,TTGAAGGAATATTTC,ATAGCGTAATTTATT,ATG,-4.40793,13,TRUE,FALSE,1.1151,17
NZ_CP025209.1,CDS,1622170,1622316,-,ID=gene-AL06_RS11885;Dbxref=GeneID:69500560;Name=AL06_RS11885;gbkey=Gene;gene_biotype=protein_coding;locus_tag=AL06_RS11885,AL06_RS11885,protein_coding,1622419,1623867,1621603,1622139,FALSE,FALSE,CATAGCTAGACTGAC,TTGAAGGAATATTTC,ATG,1.1151,16,FALSE,TRUE,-4.40793,13
NZ_CP025209.1,CDS,1622419,1623867,-,ID=gene-AL06_RS07950;Dbxref=GeneID:69499861;Name=thrC;gbkey=Gene;gene=thrC;gene_biotype=protein_coding;locus_tag=AL06_RS07950;old_locus_tag=CXF52_RS07955,thrC,protein_coding,1624828,1625079,1622170,1622316,FALSE,FALSE,CACCGCTAGGGTAGG,CATAGCTAGACTGAC,ATG,-8.41615,6,TRUE,FALSE,1.1151,16
NZ_CP025209.1,CDS,1624037,1624831,+,ID=gene-AL06_RS07955;Dbxref=GeneID:69499862;Name=AL06_RS07955;gbkey=Gene;gene_biotype=protein_coding;locus_tag=AL06_RS07955;old_locus_tag=CXF52_RS07960,AL06_RS07955,protein_coding,1620347,1621606,1630651,1632225,FALSE,FALSE,TCGGACAGTAGGAAG,AACTGGTAGAACTCA,ATG,-4.20793,8,TRUE,FALSE,-1.569835,13
NZ_CP025209.1,CDS,1624828,1625079,-,ID=gene-AL06_RS07960;Dbxref=GeneID:69499863;Name=AL06_RS07960;gbkey=Gene;gene_biotype=protein_coding;locus_tag=AL06_RS07960;old_locus_tag=CXF52_RS07965,AL06_RS07960,protein_coding,1625166,1625813,1622419,1623867,FALSE,FALSE,ATTGAGAGGAGCTTT,CACCGCTAGGGTAGG,ATG,-6.768055,10,TRUE,TRUE,-8.41615,6
NZ_CP025209.1,CDS,1625166,1625813,-,ID=gene-AL06_RS07965;Dbxref=GeneID:69499864;Name=AL06_RS07965;gbkey=Gene;gene_biotype=protein_coding;locus_tag=AL06_RS07965;old_locus_tag=CXF52_RS07970,AL06_RS07965,protein_coding,1625953,1629117,1624828,1625079,FALSE,FALSE,CGAAAGTTTTTCTTC,ATTGAGAGGAGCTTT,ATG,0.9151,15,FALSE,TRUE,-6.768055,10
NZ_CP025209.1,CDS,1625953,1629117,-,ID=gene-AL06_RS07970;Dbxref=GeneID:69499865;Name=AL06_RS07970;gbkey=Gene;gene_biotype=protein_coding;locus_tag=AL06_RS07970;old_locus_tag=CXF52_RS07975,AL06_RS07970,protein_coding,1629168,1630508,1625166,1625813,FALSE,FALSE,AAACTCGGAGTACCA,CGAAAGTTTTTCTTC,ATG,-3.60793,10,TRUE,FALSE,0.9151,15
NZ_CP025209.1,CDS,1629168,1630508,-,ID=gene-AL06_RS07975;Dbxref=GeneID:69499866;Name=AL06_RS07975;gbkey=Gene;gene_biotype=protein_coding;locus_tag=AL06_RS07975;old_locus_tag=CXF52_RS07980,AL06_RS07975,protein_coding,1632235,1632426,1625953,1629117,FALSE,FALSE,AGAAAGTATCGTAAG,AAACTCGGAGTACCA,ATG,0.1151,6,FALSE,TRUE,-3.60793,10
NZ_CP025209.1,CDS,1630651,1632225,+,ID=gene-AL06_RS07980;Dbxref=GeneID:69499867;Name=AL06_RS07980;gbkey=Gene;gene_biotype=protein_coding;locus_tag=AL06_RS07980;old_locus_tag=CXF52_RS07985,AL06_RS07980,protein_coding,1624037,1624831,1632594,1633826,FALSE,FALSE,AACTGGTAGAACTCA,TATAAGGAGCCCCCG,ATG,-1.569835,13,FALSE,TRUE,-6.91615,6
NZ_CP025209.1,CDS,1632235,1632426,-,ID=gene-AL06_RS07985;Dbxref=GeneID:69499868;Name=AL06_RS07985;gbkey=Gene;gene_biotype=protein_coding;locus_tag=AL06_RS07985;old_locus_tag=CXF52_RS07990,AL06_RS07985,protein_coding,1633831,1634022,1629168,1630508,FALSE,FALSE,ACATAGGAGAATATG,AGAAAGTATCGTAAG,ATG,-6.71615,6,TRUE,FALSE,0.1151,6
NZ_CP025209.1,CDS,1632594,1633826,+,ID=gene-AL06_RS07990;Dbxref=GeneID:69499869;Name=AL06_RS07990;gbkey=Gene;gene_biotype=protein_coding;locus_tag=AL06_RS07990;old_locus_tag=CXF52_RS07995,AL06_RS07990,protein_coding,1630651,1632225,1641074,1641718,FALSE,FALSE,TATAAGGAGCCCCCG,TAGTGGGAGACTACT,ATG,-6.91615,6,TRUE,TRUE,-5.145645,11
NZ_CP025209.1,CDS,1633831,1634022,-,ID=gene-AL06_RS07995;Dbxref=GeneID:69499870;Name=AL06_RS07995;gbkey=Gene;gene_biotype=protein_coding;locus_tag=AL06_RS07995;old_locus_tag=CXF52_RS08000,AL06_RS07995,protein_coding,1635057,1635581,1632235,1632426,FALSE,FALSE,TCTGTTGTGGCAGCC,ACATAGGAGAATATG,GTG,0.827129999999999,10,FALSE,TRUE,-6.71615,6
NZ_CP025209.1,CDS,1635057,1635581,-,ID=gene-AL06_RS08005;Dbxref=GeneID:69499871;Name=AL06_RS08005;gbkey=Gene;gene_biotype=protein_coding;locus_tag=AL06_RS08005;old_locus_tag=CXF52_RS08010,AL06_RS08005,protein_coding,1635618,1636292,1633831,1634022,FALSE,FALSE,CCGTGGCAAAAATGG,TCTGTTGTGGCAGCC,ATG,-0.872870000000002,5,FALSE,FALSE,0.827129999999999,10
NZ_CP025209.1,CDS,1635618,1636292,-,ID=gene-AL06_RS08010;Dbxref=GeneID:69499872;Name=AL06_RS08010;gbkey=Gene;gene_biotype=protein_coding;locus_tag=AL06_RS08010;old_locus_tag=CXF52_RS08015,AL06_RS08010,protein_coding,1636311,1636735,1635057,1635581,FALSE,FALSE,GTTTTATACTCTGGG,CCGTGGCAAAAATGG,ATG,-2.410585,5,FALSE,FALSE,-0.872870000000002,5
NZ_CP025209.1,RNase_P_RNA,1636311,1636735,-,ID=gene-AL06_RS08015;Dbxref=GeneID:69499873;Name=rnpB;gbkey=Gene;gene=rnpB;gene_biotype=RNase_P_RNA;locus_tag=AL06_RS08015;old_locus_tag=CXF52_RS08020,rnpB,RNase_P_RNA,1636941,1638074,1635618,1636292,FALSE,FALSE,GTAGAGTAAACCGCG,GTTTTATACTCTGGG,TGA,-0.359835,14,FALSE,FALSE,-2.410585,5
NZ_CP025209.1,CDS,1636941,1638074,-,ID=gene-AL06_RS08020;Dbxref=GeneID:69499874;Name=AL06_RS08020;gbkey=Gene;gene_biotype=protein_coding;locus_tag=AL06_RS08020;old_locus_tag=CXF52_RS08025,AL06_RS08020,protein_coding,1638074,1638790,1636311,1636735,TRUE,FALSE,TGGTACGTCAAGGAG,GTAGAGTAAACCGCG,ATG,-7.568055,6,TRUE,FALSE,-0.359835,14
NZ_CP025209.1,CDS,1638074,1638790,-,ID=gene-AL06_RS08025;Dbxref=GeneID:69499875;Name=AL06_RS08025;gbkey=Gene;gene_biotype=protein_coding;locus_tag=AL06_RS08025;old_locus_tag=CXF52_RS08030,AL06_RS08025,protein_coding,1638870,1640006,1636941,1638074,FALSE,TRUE,GTGAAAATGAGGAAT,TGGTACGTCAAGGAG,ATG,-4.40793,8,TRUE,TRUE,-7.568055,6
NZ_CP025209.1,CDS,1638870,1640006,-,ID=gene-AL06_RS08030;Dbxref=GeneID:69499876;Name=AL06_RS08030;gbkey=Gene;gene_biotype=protein_coding;locus_tag=AL06_RS08030;old_locus_tag=CXF52_RS08035,AL06_RS08030,protein_coding,1640009,1641043,1638074,1638790,FALSE,FALSE,TTGGAGCAAAGAAGT,GTGAAAATGAGGAAT,ATG,-3.60793,14,TRUE,TRUE,-4.40793,8
NZ_CP025209.1,CDS,1640009,1641043,-,ID=gene-AL06_RS08035;Dbxref=GeneID:69499877;Name=cobC;gbkey=Gene;gene=cobC;gene_biotype=protein_coding;locus_tag=AL06_RS08035;old_locus_tag=CXF52_RS08040,cobC,protein_coding,1643058,1643960,1638870,1640006,FALSE,FALSE,TCCCACTAAAATCAA,TTGGAGCAAAGAAGT,GTG,3.775225,13,FALSE,TRUE,-3.60793,14
NZ_CP025209.1,CDS,1641074,1641718,+,ID=gene-AL06_RS08040;Dbxref=GeneID:69499878;Name=AL06_RS08040;gbkey=Gene;gene_biotype=protein_coding;locus_tag=AL06_RS08040;old_locus_tag=CXF52_RS08045,AL06_RS08040,protein_coding,1632594,1633826,1641702,1642202,FALSE,TRUE,TAGTGGGAGACTACT,GAGGCGAAAGGAATC,GTG,-5.145645,11,TRUE,TRUE,-5.81615,10
NZ_CP025209.1,CDS,1641702,1642202,+,ID=gene-AL06_RS08045;Dbxref=GeneID:69499879;Name=AL06_RS08045;gbkey=Gene;gene_biotype=protein_coding;locus_tag=AL06_RS08045;old_locus_tag=CXF52_RS08050,AL06_RS08045,protein_coding,1641074,1641718,1642195,1643064,TRUE,TRUE,GAGGCGAAAGGAATC,TGGCTTCGGGAGGCC,GTG,-5.81615,10,TRUE,TRUE,-8.39374,7
NZ_CP025209.1,CDS,1642195,1643064,+,ID=gene-AL06_RS08050;Dbxref=GeneID:69499880;Name=AL06_RS08050;gbkey=Gene;gene_biotype=protein_coding;locus_tag=AL06_RS08050;old_locus_tag=CXF52_RS08055,AL06_RS08050,protein_coding,1641702,1642202,1644848,1647583,TRUE,FALSE,TGGCTTCGGGAGGCC,ACAACTATGGAGGTG,ATG,-8.39374,7,TRUE,TRUE,-9.15299,6
NZ_CP025209.1,CDS,1643058,1643960,-,ID=gene-AL06_RS08055;Dbxref=GeneID:69499881;Name=cbiB;gbkey=Gene;gene=cbiB;gene_biotype=protein_coding;locus_tag=AL06_RS08055;old_locus_tag=CXF52_RS08060,cbiB,protein_coding,1644027,1644099,1640009,1641043,FALSE,FALSE,CGTATTTGGGAGAGT,TCCCACTAAAATCAA,ATG,-6.12728,5,TRUE,FALSE,3.775225,13
NZ_CP025209.1,tRNA,1644027,1644099,-,ID=gene-AL06_RS08060;Dbxref=GeneID:69499882;Name=AL06_RS08060;gbkey=Gene;gene_biotype=tRNA;locus_tag=AL06_RS08060;old_locus_tag=CXF52_RS08065,AL06_RS08060,tRNA,1644190,1644627,1643058,1643960,FALSE,FALSE,ATAGTTTTGATAACG,CGTATTTGGGAGAGT,GCG,1.1151,17,FALSE,TRUE,-6.12728,5
NZ_CP025209.1,CDS,1644190,1644627,-,ID=gene-AL06_RS08065;Dbxref=GeneID:69499883;Name=AL06_RS08065;gbkey=Gene;gene_biotype=protein_coding;locus_tag=AL06_RS08065;old_locus_tag=CXF52_RS08070,AL06_RS08065,protein_coding,1648370,1650616,1644027,1644099,FALSE,FALSE,GCTGTAAAGTCCTTA,ATAGTTTTGATAACG,ATG,0.9151,12,FALSE,FALSE,1.1151,17
NZ_CP025209.1,CDS,1644848,1647583,+,ID=gene-AL06_RS08070;Dbxref=GeneID:69499884;Name=aceE;gbkey=Gene;gene=aceE;gene_biotype=protein_coding;locus_tag=AL06_RS08070;old_locus_tag=CXF52_RS08075,aceE,protein_coding,1642195,1643064,1647700,1648341,FALSE,FALSE,ACAACTATGGAGGTG,GGCAATCCAAGATTG,ATG,-9.15299,6,TRUE,FALSE,0.727129999999998,18
NZ_CP025209.1,CDS,1647700,1648341,+,ID=gene-AL06_RS08075;Dbxref=GeneID:69499885;Name=AL06_RS08075;gbkey=Gene;gene_biotype=protein_coding;locus_tag=AL06_RS08075;old_locus_tag=CXF52_RS08080,AL06_RS08075,protein_coding,1644848,1647583,1650799,1652028,FALSE,FALSE,GGCAATCCAAGATTG,CACGAGGAGCTATAT,GTG,0.727129999999998,18,FALSE,TRUE,-6.768055,12
NZ_CP025209.1,CDS,1648370,1650616,-,ID=gene-AL06_RS08080;Dbxref=GeneID:69499886;Name=AL06_RS08080;gbkey=Gene;gene_biotype=protein_coding;locus_tag=AL06_RS08080;old_locus_tag=CXF52_RS08085,AL06_RS08080,protein_coding,1651973,1652938,1644190,1644627,FALSE,FALSE,CAAAGTTGAAAACGA,GCTGTAAAGTCCTTA,GTG,0.9151,16,FALSE,FALSE,0.9151,12
NZ_CP025209.1,CDS,1650799,1652028,+,ID=gene-AL06_RS08085;Dbxref=GeneID:69499887;Name=AL06_RS08085;gbkey=Gene;gene_biotype=protein_coding;locus_tag=AL06_RS08085;old_locus_tag=CXF52_RS08090,AL06_RS08085,protein_coding,1647700,1648341,1653005,1653292,FALSE,FALSE,CACGAGGAGCTATAT,GTGCAGGAGACGTAT,ATG,-6.768055,12,TRUE,TRUE,-9.013115,8
NZ_CP025209.1,CDS,1651973,1652938,-,ID=gene-AL06_RS08090;Dbxref=GeneID:69499888;Name=AL06_RS08090;gbkey=Gene;gene_biotype=protein_coding;locus_tag=AL06_RS08090;old_locus_tag=CXF52_RS08095,AL06_RS08090,protein_coding,1654135,1654431,1648370,1650616,FALSE,FALSE,CAGGCGTAGCATTTA,CAAAGTTGAAAACGA,ATG,-2.968055,12,FALSE,FALSE,0.9151,16
NZ_CP025209.1,CDS,1653005,1653292,+,ID=gene-AL06_RS08095;Dbxref=GeneID:69499889;Name=AL06_RS08095;gbkey=Gene;gene_biotype=protein_coding;locus_tag=AL06_RS08095;old_locus_tag=CXF52_RS08100,AL06_RS08095,protein_coding,1650799,1652028,1653329,1654138,FALSE,FALSE,GTGCAGGAGACGTAT,GAAAGGAAGCGAACT,TTG,-9.013115,8,TRUE,TRUE,-4.40793,14
NZ_CP025209.1,CDS,1653329,1654138,+,ID=gene-AL06_RS08100;Dbxref=GeneID:69499890;Name=AL06_RS08100;gbkey=Gene;gene_biotype=protein_coding;locus_tag=AL06_RS08100;old_locus_tag=CXF52_RS08105,AL06_RS08100,protein_coding,1653005,1653292,1656510,1656583,FALSE,FALSE,GAAAGGAAGCGAACT,GGTCTTCACATGAAG,ATG,-4.40793,14,TRUE,FALSE,-1.569835,17
NZ_CP025209.1,CDS,1654135,1654431,-,ID=gene-AL06_RS08105;Dbxref=GeneID:69499891;Name=AL06_RS08105;gbkey=Gene;gene_biotype=protein_coding;locus_tag=AL06_RS08105;old_locus_tag=CXF52_RS08110,AL06_RS08105,protein_coding,1654601,1655422,1651973,1652938,FALSE,FALSE,CAGTGGAAACGGTTT,CAGGCGTAGCATTTA,ATG,-5.65299,7,TRUE,FALSE,-2.968055,12
NZ_CP025209.1,CDS,1654601,1655422,-,ID=gene-AL06_RS08110;Dbxref=GeneID:69499892;Name=AL06_RS08110;gbkey=Gene;gene_biotype=protein_coding;locus_tag=AL06_RS08110;old_locus_tag=CXF52_RS08115,AL06_RS08110,protein_coding,1655419,1656189,1654135,1654431,TRUE,FALSE,TCCCCGTACAATCGG,CAGTGGAAACGGTTT,ATG,-0.872870000000002,5,FALSE,TRUE,-5.65299,7
NZ_CP025209.1,CDS,1655419,1656189,-,ID=gene-AL06_RS08115;Dbxref=GeneID:69499893;Name=AL06_RS08115;gbkey=Gene;gene_biotype=protein_coding;locus_tag=AL06_RS08115;old_locus_tag=CXF52_RS08120,AL06_RS08115,protein_coding,1656259,1656331,1654601,1655422,FALSE,TRUE,TATCGCAGTGGGCTC,TCCCCGTACAATCGG,ATG,-1.29604,8,FALSE,FALSE,-0.872870000000002,5
NZ_CP025209.1,tRNA,1656259,1656331,-,ID=gene-AL06_RS08120;Dbxref=GeneID:69499894;Name=AL06_RS08120;gbkey=Gene;gene_biotype=tRNA;locus_tag=AL06_RS08120;old_locus_tag=CXF52_RS08125,AL06_RS08120,tRNA,1657655,1659553,1655419,1656189,FALSE,FALSE,GAGTTTCAAAAGCAA,TATCGCAGTGGGCTC,TCC,-0.559835000000001,17,FALSE,FALSE,-1.29604,8
NZ_CP025209.1,tRNA,1656510,1656583,+,ID=gene-AL06_RS08125;Dbxref=GeneID:69499895;Name=AL06_RS08125;gbkey=Gene;gene_biotype=tRNA;locus_tag=AL06_RS08125;old_locus_tag=CXF52_RS08130,AL06_RS08125,tRNA,1653329,1654138,1656715,1656957,FALSE,FALSE,GGTCTTCACATGAAG,CAACATGTGAGGGAT,GGG,-1.569835,17,FALSE,TRUE,-4.456165,8
NZ_CP025209.1,CDS,1656715,1656957,+,ID=gene-AL06_RS08130;Dbxref=GeneID:69499896;Name=AL06_RS08130;gbkey=Gene;gene_biotype=protein_coding;locus_tag=AL06_RS08130;old_locus_tag=CXF52_RS08135,AL06_RS08130,protein_coding,1656510,1656583,1657049,1657606,FALSE,FALSE,CAACATGTGAGGGAT,TGAAAGGTTGGAAGT,ATG,-4.456165,8,TRUE,TRUE,-4.675515,6
NZ_CP025209.1,CDS,1657049,1657606,+,ID=gene-AL06_RS08135;Dbxref=GeneID:69499897;Name=AL06_RS08135;gbkey=Gene;gene_biotype=protein_coding;locus_tag=AL06_RS08135;old_locus_tag=CXF52_RS08140,AL06_RS08135,protein_coding,1656715,1656957,1661523,1661954,FALSE,FALSE,TGAAAGGTTGGAAGT,CATTCTTTGATGTGC,ATG,-4.675515,6,TRUE,FALSE,1.77826,7
NZ_CP025209.1,CDS,1657655,1659553,-,ID=gene-AL06_RS08140;Dbxref=GeneID:69499898;Name=dnaG;gbkey=Gene;gene=dnaG;gene_biotype=protein_coding;locus_tag=AL06_RS08140;old_locus_tag=CXF52_RS08145,dnaG,protein_coding,1659564,1661441,1656259,1656331,FALSE,FALSE,GTGGAGTAGAACACT,GAGTTTCAAAAGCAA,ATG,-3.756025,11,TRUE,FALSE,-0.559835000000001,17
NZ_CP025209.1,CDS,1659564,1661441,-,ID=gene-AL06_RS08145;Dbxref=GeneID:69499899;Name=glmS;gbkey=Gene;gene=glmS;gene_biotype=protein_coding;locus_tag=AL06_RS08145;old_locus_tag=CXF52_RS08150,glmS,protein_coding,1662173,1663444,1657655,1659553,FALSE,FALSE,ATGCAATATAGTGCG,GTGGAGTAGAACACT,ATG,1.1151,10,FALSE,TRUE,-3.756025,11
NZ_CP025209.1,CDS,1661523,1661954,+,ID=gene-AL06_RS08150;Dbxref=GeneID:69499900;Name=AL06_RS08150;gbkey=Gene;gene_biotype=protein_coding;locus_tag=AL06_RS08150;old_locus_tag=CXF52_RS08155,AL06_RS08150,protein_coding,1657049,1657606,1661944,1662183,FALSE,TRUE,CATTCTTTGATGTGC,AGTTTCTGTGAGATC,ATG,1.77826,7,FALSE,FALSE,-0.359835,8
NZ_CP025209.1,CDS,1661944,1662183,+,ID=gene-AL06_RS08155;Dbxref=GeneID:69499901;Name=AL06_RS08155;gbkey=Gene;gene_biotype=protein_coding;locus_tag=AL06_RS08155;old_locus_tag=CXF52_RS08160,AL06_RS08155,protein_coding,1661523,1661954,1664182,1666215,TRUE,FALSE,AGTTTCTGTGAGATC,TTTGACTAAGCTGGT,ATG,-0.359835,8,FALSE,FALSE,-0.806410000000001,5
NZ_CP025209.1,CDS,1662173,1663444,-,ID=gene-AL06_RS08160;Dbxref=GeneID:69499902;Name=AL06_RS08160;gbkey=Gene;gene_biotype=protein_coding;locus_tag=AL06_RS08160;old_locus_tag=CXF52_RS08165,AL06_RS08160,protein_coding,1663451,1664128,1659564,1661441,FALSE,FALSE,CGAGGAGCGGTGATC,ATGCAATATAGTGCG,ATG,-9.213115,10,TRUE,FALSE,1.1151,10
NZ_CP025209.1,CDS,1663451,1664128,-,ID=gene-AL06_RS08165;Dbxref=GeneID:69499903;Name=AL06_RS08165;gbkey=Gene;gene_biotype=protein_coding;locus_tag=AL06_RS08165;old_locus_tag=CXF52_RS08170,AL06_RS08165,protein_coding,1666212,1666610,1662173,1663444,FALSE,FALSE,GCGGGGGAGAAAATC,CGAGGAGCGGTGATC,ATG,-6.08185,13,TRUE,TRUE,-9.213115,10
NZ_CP025209.1,CDS,1664182,1666215,+,ID=gene-AL06_RS08170;Dbxref=GeneID:69499904;Name=AL06_RS08170;gbkey=Gene;gene_biotype=protein_coding;locus_tag=AL06_RS08170;old_locus_tag=CXF52_RS08175,AL06_RS08170,protein_coding,1661944,1662183,1668851,1670200,FALSE,FALSE,TTTGACTAAGCTGGT,AGAAGGAGTTTCACT,ATG,-0.806410000000001,5,FALSE,TRUE,-6.768055,13
NZ_CP025209.1,CDS,1666212,1666610,-,ID=gene-AL06_RS08175;Dbxref=GeneID:69499905;Name=AL06_RS08175;gbkey=Gene;gene_biotype=protein_coding;locus_tag=AL06_RS08175;old_locus_tag=CXF52_RS08180,AL06_RS08175,protein_coding,1666616,1667143,1663451,1664128,FALSE,FALSE,GGGCACTGCTCTAAC,GCGGGGGAGAAAATC,ATG,-1.39604,17,FALSE,TRUE,-6.08185,13
NZ_CP025209.1,CDS,1666616,1667143,-,ID=gene-AL06_RS08180;Dbxref=GeneID:69499906;Name=AL06_RS08180;gbkey=Gene;gene_biotype=protein_coding;locus_tag=AL06_RS08180;old_locus_tag=CXF52_RS08185,AL06_RS08180,protein_coding,1667169,1668554,1666212,1666610,FALSE,FALSE,CTATCTCTGGAAGGA,GGGCACTGCTCTAAC,ATG,-4.50793,6,TRUE,FALSE,-1.39604,17
NZ_CP025209.1,CDS,1667169,1668554,-,ID=gene-AL06_RS08185;Dbxref=GeneID:69499907;Name=AL06_RS08185;gbkey=Gene;gene_biotype=protein_coding;locus_tag=AL06_RS08185;old_locus_tag=CXF52_RS08190,AL06_RS08185,protein_coding,1671307,1672380,1666616,1667143,FALSE,FALSE,AAAGGAGCTGTTCAA,CTATCTCTGGAAGGA,GTG,-9.213115,10,TRUE,TRUE,-4.50793,6
NZ_CP025209.1,CDS,1668851,1670200,+,ID=gene-AL06_RS08190;Dbxref=GeneID:69499908;Name=AL06_RS08190;gbkey=Gene;gene_biotype=protein_coding;locus_tag=AL06_RS08190;old_locus_tag=CXF52_RS08195,AL06_RS08190,protein_coding,1664182,1666215,1670318,1670695,FALSE,FALSE,AGAAGGAGTTTCACT,AAGAAAGTAGTAGTC,ATG,-6.768055,13,TRUE,FALSE,0.9151,18
NZ_CP025209.1,CDS,1670318,1670695,+,ID=gene-AL06_RS08195;Dbxref=GeneID:69499909;Name=AL06_RS08195;gbkey=Gene;gene_biotype=protein_coding;locus_tag=AL06_RS08195;old_locus_tag=CXF52_RS08200,AL06_RS08195,protein_coding,1668851,1670200,1670872,1671300,FALSE,FALSE,AAGAAAGTAGTAGTC,AAAACTTAAGGAATG,ATG,0.9151,18,FALSE,TRUE,-4.468055,6
NZ_CP025209.1,CDS,1670872,1671300,+,ID=gene-AL06_RS08200;Dbxref=GeneID:69499910;Name=AL06_RS08200;gbkey=Gene;gene_biotype=protein_coding;locus_tag=AL06_RS08200;old_locus_tag=CXF52_RS08205,AL06_RS08200,protein_coding,1670318,1670695,1688849,1691017,FALSE,FALSE,AAAACTTAAGGAATG,AATGGCAGAATAGTT,ATG,-4.468055,6,TRUE,FALSE,0.827129999999999,15
NZ_CP025209.1,CDS,1671307,1672380,-,ID=gene-AL06_RS08205;Dbxref=GeneID:69499911;Name=AL06_RS08205;gbkey=Gene;gene_biotype=protein_coding;locus_tag=AL06_RS08205;old_locus_tag=CXF52_RS08210,AL06_RS08205,protein_coding,1672377,1673114,1667169,1668554,TRUE,FALSE,GCCGGTTTGGGGGTA,AAAGGAGCTGTTCAA,ATG,-8.478815,6,TRUE,TRUE,-9.213115,10
NZ_CP025209.1,CDS,1672377,1673114,-,ID=gene-AL06_RS08210;Dbxref=GeneID:69499912;Name=AL06_RS08210;gbkey=Gene;gene_biotype=protein_coding;locus_tag=AL06_RS08210;old_locus_tag=CXF52_RS08215,AL06_RS08210,protein_coding,1673134,1673862,1671307,1672380,FALSE,TRUE,TAGTGGCAGAATAGT,GCCGGTTTGGGGGTA,GTG,0.827129999999999,14,FALSE,TRUE,-8.478815,6
NZ_CP025209.1,CDS,1673134,1673862,-,ID=gene-AL06_RS08215;Dbxref=GeneID:69499913;Name=recO;gbkey=Gene;gene=recO;gene_biotype=protein_coding;locus_tag=AL06_RS08215;old_locus_tag=CXF52_RS08220,recO,protein_coding,1673862,1674779,1672377,1673114,TRUE,FALSE,TAGGCCGACTAGGGT,TAGTGGCAGAATAGT,GTG,-5.475515,6,TRUE,FALSE,0.827129999999999,14
NZ_CP025209.1,CDS,1673862,1674779,-,ID=gene-AL06_RS08220;Dbxref=GeneID:69499914;Name=era;gbkey=Gene;gene=era;gene_biotype=protein_coding;locus_tag=AL06_RS08220;old_locus_tag=CXF52_RS08225,era,protein_coding,1674831,1675682,1673134,1673862,FALSE,TRUE,ACACAACATAAGGAG,TAGGCCGACTAGGGT,GTG,-7.568055,6,TRUE,TRUE,-5.475515,6
NZ_CP025209.1,CDS,1674831,1675682,-,ID=gene-AL06_RS08225;Dbxref=GeneID:69499915;Name=pdxY;gbkey=Gene;gene=pdxY;gene_biotype=protein_coding;locus_tag=AL06_RS08225;old_locus_tag=CXF52_RS08230,pdxY,protein_coding,1675693,1677021,1673862,1674779,FALSE,FALSE,GAACTATAGGATGAA,ACACAACATAAGGAG,ATG,-4.20793,10,TRUE,TRUE,-7.568055,6
NZ_CP025209.1,CDS,1675693,1677021,-,ID=gene-AL06_RS08230;Dbxref=GeneID:69499916;Name=AL06_RS08230;gbkey=Gene;gene_biotype=protein_coding;locus_tag=AL06_RS08230;old_locus_tag=CXF52_RS08235,AL06_RS08230,protein_coding,1677018,1677608,1674831,1675682,TRUE,FALSE,CGGCTATTGGGGAAC,GAACTATAGGATGAA,GTG,-2.833755,8,FALSE,TRUE,-4.20793,10
NZ_CP025209.1,CDS,1677018,1677608,-,ID=gene-AL06_RS08235;Dbxref=GeneID:69499917;Name=ybeY;gbkey=Gene;gene=ybeY;gene_biotype=protein_coding;locus_tag=AL06_RS08235;old_locus_tag=CXF52_RS08240,ybeY,protein_coding,1677609,1678577,1675693,1677021,FALSE,TRUE,ACAACTAAAGGACAA,CGGCTATTGGGGAAC,ATG,-4.40793,9,TRUE,FALSE,-2.833755,8
NZ_CP025209.1,CDS,1677609,1678577,-,ID=gene-AL06_RS08240;Dbxref=GeneID:69499918;Name=AL06_RS08240;gbkey=Gene;gene_biotype=protein_coding;locus_tag=AL06_RS08240;old_locus_tag=CXF52_RS08245,AL06_RS08240,protein_coding,1678625,1679383,1677018,1677608,FALSE,FALSE,GATAGGTTGAACCGA,ACAACTAAAGGACAA,TTG,-3.82996,13,TRUE,TRUE,-4.40793,9
NZ_CP025209.1,CDS,1678625,1679383,-,ID=gene-AL06_RS08245;Dbxref=GeneID:69499919;Name=AL06_RS08245;gbkey=Gene;gene_biotype=protein_coding;locus_tag=AL06_RS08245;old_locus_tag=CXF52_RS08250,AL06_RS08245,protein_coding,1679385,1680512,1677609,1678577,FALSE,FALSE,AATAGGTTCCGTCGC,GATAGGTTGAACCGA,ATG,-3.82996,13,TRUE,TRUE,-3.82996,13
NZ_CP025209.1,CDS,1679385,1680512,-,ID=gene-AL06_RS08250;Dbxref=GeneID:69499920;Name=dnaJ;gbkey=Gene;gene=dnaJ;gene_biotype=protein_coding;locus_tag=AL06_RS08250;old_locus_tag=CXF52_RS08255,dnaJ,protein_coding,1680586,1681623,1678625,1679383,FALSE,FALSE,GAGGGAAGTTTTTCG,AATAGGTTCCGTCGC,GTG,-4.456165,16,TRUE,TRUE,-3.82996,13
NZ_CP025209.1,CDS,1680586,1681623,-,ID=gene-AL06_RS08255;Dbxref=GeneID:69499921;Name=hrcA;gbkey=Gene;gene=hrcA;gene_biotype=protein_coding;locus_tag=AL06_RS08255;old_locus_tag=CXF52_RS08260,hrcA,protein_coding,1681663,1682796,1679385,1680512,FALSE,FALSE,AGAGACCTTAGGGGA,GAGGGAAGTTTTTCG,ATG,-5.79388,7,TRUE,TRUE,-4.456165,16
NZ_CP025209.1,CDS,1681663,1682796,-,ID=gene-AL06_RS08260;Dbxref=GeneID:69499922;Name=hemW;gbkey=Gene;gene=hemW;gene_biotype=protein_coding;locus_tag=AL06_RS08260;old_locus_tag=CXF52_RS08265,hemW,protein_coding,1682786,1683457,1680586,1681623,TRUE,FALSE,CGCCAAGATTCAGGA,AGAGACCTTAGGGGA,ATG,-4.20793,6,TRUE,TRUE,-5.79388,7
NZ_CP025209.1,CDS,1682786,1683457,-,ID=gene-AL06_RS08265;Dbxref=GeneID:69499923;Name=AL06_RS08265;gbkey=Gene;gene_biotype=protein_coding;locus_tag=AL06_RS08265;old_locus_tag=CXF52_RS08270,AL06_RS08265,protein_coding,1683596,1686847,1681663,1682796,FALSE,TRUE,TGGGAAAAGGGGTCA,CGCCAAGATTCAGGA,ATG,-7.22615,7,TRUE,TRUE,-4.20793,6
NZ_CP025209.1,CDS,1683596,1686847,-,ID=gene-AL06_RS08270;Dbxref=GeneID:69499924;Name=AL06_RS08270;gbkey=Gene;gene_biotype=protein_coding;locus_tag=AL06_RS08270;old_locus_tag=CXF52_RS08275,AL06_RS08270,protein_coding,1686923,1688752,1682786,1683457,FALSE,FALSE,TAAATCAATAAGGAA,TGGGAAAAGGGGTCA,GTG,-4.40793,7,TRUE,TRUE,-7.22615,7
NZ_CP025209.1,CDS,1686923,1688752,-,ID=gene-AL06_RS08275;Dbxref=GeneID:69499925;Name=AL06_RS08275;gbkey=Gene;gene_biotype=protein_coding;locus_tag=AL06_RS08275;old_locus_tag=CXF52_RS08280,AL06_RS08275,protein_coding,1691164,1691364,1683596,1686847,FALSE,FALSE,CGTACAAGGAGAATC,TAAATCAATAAGGAA,GTG,-6.768055,10,TRUE,TRUE,-4.40793,7
NZ_CP025209.1,CDS,1688849,1691017,+,ID=gene-AL06_RS08280;Dbxref=GeneID:69499926;Name=malQ;gbkey=Gene;gene=malQ;gene_biotype=protein_coding;locus_tag=AL06_RS08280;old_locus_tag=CXF52_RS08285,malQ,protein_coding,1670872,1671300,1693372,1694571,FALSE,FALSE,AATGGCAGAATAGTT,TCGTACTAAAGTTAA,GTG,0.827129999999999,15,FALSE,FALSE,0.9151,10
NZ_CP025209.1,CDS,1691164,1691364,-,ID=gene-AL06_RS08290;Dbxref=GeneID:69499927;Name=AL06_RS08290;gbkey=Gene;gene_biotype=protein_coding;locus_tag=AL06_RS08290;old_locus_tag=CXF52_RS08295,AL06_RS08290,protein_coding,1691364,1693373,1686923,1688752,TRUE,FALSE,GCCTATCGGGAGCCA,CGTACAAGGAGAATC,ATG,-5.145645,8,TRUE,TRUE,-6.768055,10
NZ_CP025209.1,CDS,1691364,1693373,-,ID=gene-AL06_RS08295;Dbxref=GeneID:69499928;Name=AL06_RS08295;gbkey=Gene;gene_biotype=protein_coding;locus_tag=AL06_RS08295;old_locus_tag=CXF52_RS08300,AL06_RS08295,protein_coding,1694558,1695109,1691164,1691364,FALSE,TRUE,CATGGTGATCTGCTC,GCCTATCGGGAGCCA,ATG,-1.469835,14,FALSE,TRUE,-5.145645,8
NZ_CP025209.1,CDS,1693372,1694571,+,ID=gene-AL06_RS08300;Dbxref=GeneID:69499929;Name=AL06_RS08300;gbkey=Gene;gene_biotype=protein_coding;locus_tag=AL06_RS08300;old_locus_tag=CXF52_RS08305,AL06_RS08300,protein_coding,1688849,1691017,1699523,1701382,FALSE,FALSE,TCGTACTAAAGTTAA,TTCTCAACTATCGAA,ATG,0.9151,10,FALSE,FALSE,2.00029,6
NZ_CP025209.1,CDS,1694558,1695109,-,ID=gene-AL06_RS08305;Dbxref=GeneID:69499930;Name=idi;gbkey=Gene;gene=idi;gene_biotype=protein_coding;locus_tag=AL06_RS08305;old_locus_tag=CXF52_RS08310,idi,protein_coding,1695242,1696729,1691364,1693373,FALSE,FALSE,ACCGTTAAGGTTATC,CATGGTGATCTGCTC,ATG,-3.82996,9,TRUE,FALSE,-1.469835,14
NZ_CP025209.1,CDS,1695242,1696729,-,ID=gene-AL06_RS08310;Dbxref=GeneID:69499931;Name=AL06_RS08310;gbkey=Gene;gene_biotype=protein_coding;locus_tag=AL06_RS08310;old_locus_tag=CXF52_RS08315,AL06_RS08310,protein_coding,1696730,1697347,1694558,1695109,FALSE,FALSE,TAATAAAAAGGGGGA,ACCGTTAAGGTTATC,ATG,-9.241975,7,TRUE,TRUE,-3.82996,9
NZ_CP025209.1,CDS,1696730,1697347,-,ID=gene-AL06_RS08315;Dbxref=GeneID:69499932;Name=AL06_RS08315;gbkey=Gene;gene_biotype=protein_coding;locus_tag=AL06_RS08315;old_locus_tag=CXF52_RS08320,AL06_RS08315,protein_coding,1697570,1698727,1695242,1696729,FALSE,FALSE,GACAGGGACGGAGCC,TAATAAAAAGGGGGA,ATG,-5.841975,10,TRUE,TRUE,-9.241975,7
NZ_CP025209.1,CDS,1697570,1698727,-,ID=gene-AL06_RS08320;Dbxref=GeneID:69499933;Name=AL06_RS08320;gbkey=Gene;gene_biotype=protein_coding;locus_tag=AL06_RS08320;old_locus_tag=CXF52_RS08325,AL06_RS08320,protein_coding,1698907,1699422,1696730,1697347,FALSE,FALSE,AGGCCATTGAGGAGA,GACAGGGACGGAGCC,ATG,-6.768055,7,TRUE,TRUE,-5.841975,10
NZ_CP025209.1,CDS,1698907,1699422,-,ID=gene-AL06_RS08325;Dbxref=GeneID:69499934;Name=AL06_RS08325;gbkey=Gene;gene_biotype=protein_coding;locus_tag=AL06_RS08325;old_locus_tag=CXF52_RS08330,AL06_RS08325,protein_coding,1711579,1711707,1697570,1698727,FALSE,FALSE,ATTACCGATGAGGAA,AGGCCATTGAGGAGA,ATG,-4.40793,7,TRUE,TRUE,-6.768055,7
NZ_CP025209.1,CDS,1699523,1701382,+,ID=gene-AL06_RS08330;Dbxref=GeneID:69499935;Name=AL06_RS08330;gbkey=Gene;gene_biotype=protein_coding;locus_tag=AL06_RS08330;old_locus_tag=CXF52_RS08335,AL06_RS08330,protein_coding,1693372,1694571,1701401,1702531,FALSE,FALSE,TTCTCAACTATCGAA,AGCGAAGAAAGGCTA,ATG,2.00029,6,FALSE,FALSE,-2.332995,9
NZ_CP025209.1,CDS,1701401,1702531,+,ID=gene-AL06_RS08335;Dbxref=GeneID:69499936;Name=AL06_RS08335;gbkey=Gene;gene_biotype=protein_coding;locus_tag=AL06_RS08335;old_locus_tag=CXF52_RS08340,AL06_RS08335,protein_coding,1699523,1701382,1702612,1703916,FALSE,FALSE,AGCGAAGAAAGGCTA,TGAAAGTTTGTGAAT,ATG,-2.332995,9,FALSE,FALSE,0.9151,15
NZ_CP025209.1,CDS,1702612,1703916,+,ID=gene-AL06_RS08340;Dbxref=GeneID:69499937;Name=brnQ;gbkey=Gene;gene=brnQ;gene_biotype=protein_coding;locus_tag=AL06_RS08340;old_locus_tag=CXF52_RS08345,brnQ,protein_coding,1701401,1702531,1703926,1704879,FALSE,FALSE,TGAAAGTTTGTGAAT,CAAGAGTTAGGATCC,ATG,0.9151,15,FALSE,TRUE,-4.20793,9
NZ_CP025209.1,CDS,1703926,1704879,+,ID=gene-AL06_RS08345;Dbxref=GeneID:69499938;Name=AL06_RS08345;gbkey=Gene;gene_biotype=protein_coding;locus_tag=AL06_RS08345;old_locus_tag=CXF52_RS08350,AL06_RS08345,protein_coding,1702612,1703916,1706838,1708364,FALSE,FALSE,CAAGAGTTAGGATCC,CCGGCTACCCTGTGT,ATG,-4.20793,9,TRUE,FALSE,0.827129999999999,16
NZ_CP025209.1,CDS,1706838,1708364,+,ID=gene-AL06_RS08355;Dbxref=GeneID:69499940;Name=AL06_RS08355;gbkey=Gene;gene_biotype=protein_coding;locus_tag=AL06_RS08355;old_locus_tag=CXF52_RS08360,AL06_RS08355,protein_coding,1703926,1704879,1708371,1709318,FALSE,FALSE,CCGGCTACCCTGTGT,CTCGGAGGACTAGCC,ATG,0.827129999999999,16,FALSE,TRUE,-6.856025,12
NZ_CP025209.1,CDS,1708371,1709318,+,ID=gene-AL06_RS08360;Dbxref=GeneID:69499941;Name=AL06_RS08360;gbkey=Gene;gene_biotype=protein_coding;locus_tag=AL06_RS08360;old_locus_tag=CXF52_RS08365,AL06_RS08360,protein_coding,1706838,1708364,1709322,1710143,FALSE,FALSE,CTCGGAGGACTAGCC,TCGTCGGGAGGCATA,ATG,-6.856025,12,TRUE,TRUE,-8.39374,9
NZ_CP025209.1,CDS,1709322,1710143,+,ID=gene-AL06_RS08365;Dbxref=GeneID:69499942;Name=AL06_RS08365;gbkey=Gene;gene_biotype=protein_coding;locus_tag=AL06_RS08365;old_locus_tag=CXF52_RS08370,AL06_RS08365,protein_coding,1708371,1709318,1710140,1711582,FALSE,TRUE,TCGTCGGGAGGCATA,GCACAAGGAGGCGCA,ATG,-8.39374,9,TRUE,TRUE,-10.01615,10
NZ_CP025209.1,CDS,1710140,1711582,+,ID=gene-AL06_RS08370;Dbxref=GeneID:69499943;Name=AL06_RS08370;gbkey=Gene;gene_biotype=protein_coding;locus_tag=AL06_RS08370;old_locus_tag=CXF52_RS08375,AL06_RS08370,protein_coding,1709322,1710143,1712936,1713601,TRUE,FALSE,GCACAAGGAGGCGCA,GCGAAGTCCGTGTGT,ATG,-10.01615,10,TRUE,FALSE,0.9151,15
NZ_CP025209.1,CDS,1711579,1711707,-,ID=gene-AL06_RS12425;Dbxref=GeneID:77100357;Name=AL06_RS12425;gbkey=Gene;gene_biotype=protein_coding;locus_tag=AL06_RS12425,AL06_RS12425,protein_coding,1711721,1712935,1698907,1699422,FALSE,FALSE,CACTAGTAAAGTAAC,ATTACCGATGAGGAA,ATG,0.9151,10,FALSE,TRUE,-4.40793,7
NZ_CP025209.1,CDS,1711721,1712935,-,ID=gene-AL06_RS08375;Dbxref=GeneID:69499944;Name=AL06_RS08375;gbkey=Gene;gene_biotype=protein_coding;locus_tag=AL06_RS08375;old_locus_tag=CXF52_RS08380,AL06_RS08375,protein_coding,1717419,1718975,1711579,1711707,FALSE,FALSE,TGAATCCTACGATAC,CACTAGTAAAGTAAC,ATG,2.00029,17,FALSE,FALSE,0.9151,10
NZ_CP025209.1,CDS,1712936,1713601,+,ID=gene-AL06_RS08380;Dbxref=GeneID:69499945;Name=AL06_RS08380;gbkey=Gene;gene_biotype=protein_coding;locus_tag=AL06_RS08380;old_locus_tag=CXF52_RS08385,AL06_RS08380,protein_coding,1710140,1711582,1713598,1714986,FALSE,TRUE,GCGAAGTCCGTGTGT,TAGGAAGCGCATTAT,ATG,0.9151,15,FALSE,TRUE,-4.20793,16
NZ_CP025209.1,CDS,1713598,1714986,+,ID=gene-AL06_RS08385;Dbxref=GeneID:69499946;Name=AL06_RS08385;gbkey=Gene;gene_biotype=protein_coding;locus_tag=AL06_RS08385;old_locus_tag=CXF52_RS08390,AL06_RS08385,protein_coding,1712936,1713601,1715551,1717164,TRUE,FALSE,TAGGAAGCGCATTAT,CGGACGTTAAGGACC,ATG,-4.20793,16,TRUE,TRUE,-4.40793,8
NZ_CP025209.1,CDS,1715551,1717164,+,ID=gene-AL06_RS08395;Dbxref=GeneID:69499947;Name=AL06_RS08395;gbkey=Gene;gene_biotype=protein_coding;locus_tag=AL06_RS08395;old_locus_tag=CXF52_RS08400,AL06_RS08395,protein_coding,1713598,1714986,1717176,1717433,FALSE,FALSE,CGGACGTTAAGGACC,CCTCTTAAGGAGCGA,ATG,-4.40793,8,TRUE,TRUE,-6.768055,9
NZ_CP025209.1,CDS,1717176,1717433,+,ID=gene-AL06_RS08400;Dbxref=GeneID:69499948;Name=AL06_RS08400;gbkey=Gene;gene_biotype=protein_coding;locus_tag=AL06_RS08400;old_locus_tag=CXF52_RS08405,AL06_RS08400,protein_coding,1715551,1717164,1718999,1719208,FALSE,FALSE,CCTCTTAAGGAGCGA,TCACGATACTGTGAC,ATG,-6.768055,9,TRUE,FALSE,1.77826,8
NZ_CP025209.1,CDS,1717419,1718975,-,ID=gene-AL06_RS08405;Dbxref=GeneID:69499949;Name=AL06_RS08405;gbkey=Gene;gene_biotype=protein_coding;locus_tag=AL06_RS08405;old_locus_tag=CXF52_RS08410,AL06_RS08405,protein_coding,1727507,1728157,1711721,1712935,FALSE,FALSE,GTCACAGTATCGTGA,TGAATCCTACGATAC,GTG,1.2151,14,FALSE,FALSE,2.00029,17
NZ_CP025209.1,CDS,1718999,1719208,+,ID=gene-AL06_RS08410;Dbxref=GeneID:69499950;Name=AL06_RS08410;gbkey=Gene;gene_biotype=protein_coding;locus_tag=AL06_RS08410;old_locus_tag=CXF52_RS08415,AL06_RS08410,protein_coding,1717176,1717433,1719309,1720712,FALSE,FALSE,TCACGATACTGTGAC,CGAGAAGGAATCCCC,ATG,1.77826,8,FALSE,TRUE,-4.40793,12
NZ_CP025209.1,CDS,1719309,1720712,+,ID=gene-AL06_RS08415;Dbxref=GeneID:69499951;Name=AL06_RS08415;gbkey=Gene;gene_biotype=protein_coding;locus_tag=AL06_RS08415;old_locus_tag=CXF52_RS08420,AL06_RS08415,protein_coding,1718999,1719208,1720709,1721647,FALSE,TRUE,CGAGAAGGAATCCCC,CTGCACAAGGACGCT,ATG,-4.40793,12,TRUE,TRUE,-4.40793,10
NZ_CP025209.1,CDS,1720709,1721647,+,ID=gene-AL06_RS08420;Dbxref=GeneID:69499952;Name=AL06_RS08420;gbkey=Gene;gene_biotype=protein_coding;locus_tag=AL06_RS08420;old_locus_tag=CXF52_RS08425,AL06_RS08420,protein_coding,1719309,1720712,1721653,1722459,TRUE,FALSE,CTGCACAAGGACGCT,AAGAACTAAGCTAGC,ATG,-4.40793,10,TRUE,FALSE,0.9151,18
NZ_CP025209.1,CDS,1721653,1722459,+,ID=gene-AL06_RS08425;Dbxref=GeneID:69499953;Name=AL06_RS08425;gbkey=Gene;gene_biotype=protein_coding;locus_tag=AL06_RS08425;old_locus_tag=CXF52_RS08430,AL06_RS08425,protein_coding,1720709,1721647,1722496,1723155,FALSE,FALSE,AAGAACTAAGCTAGC,CATAGGTAGTGTTTT,GTG,0.9151,18,FALSE,TRUE,-4.313115,9
NZ_CP025209.1,CDS,1722496,1723155,+,ID=gene-AL06_RS08430;Dbxref=GeneID:69499954;Name=AL06_RS08430;gbkey=Gene;gene_biotype=protein_coding;locus_tag=AL06_RS08430;old_locus_tag=CXF52_RS08435,AL06_RS08430,protein_coding,1721653,1722459,1723290,1726079,FALSE,FALSE,CATAGGTAGTGTTTT,ATGTACGCATTTAGA,GTG,-4.313115,9,TRUE,FALSE,1.1151,7
NZ_CP025209.1,CDS,1723290,1726079,+,ID=gene-AL06_RS08435;Dbxref=GeneID:69499955;Name=AL06_RS08435;gbkey=Gene;gene_biotype=protein_coding;locus_tag=AL06_RS08435;old_locus_tag=CXF52_RS08440,AL06_RS08435,protein_coding,1722496,1723155,1726076,1726996,FALSE,TRUE,ATGTACGCATTTAGA,ACAACGAGAAAGTAG,ATG,1.1151,7,FALSE,FALSE,-2.504895,7
NZ_CP025209.1,CDS,1726076,1726996,+,ID=gene-AL06_RS08440;Dbxref=GeneID:69499956;Name=AL06_RS08440;gbkey=Gene;gene_biotype=protein_coding;locus_tag=AL06_RS08440;old_locus_tag=CXF52_RS08445,AL06_RS08440,protein_coding,1723290,1726079,1730599,1730748,TRUE,FALSE,ACAACGAGAAAGTAG,CATCGACCCTATCGC,ATG,-2.504895,7,FALSE,FALSE,2.00029,14
NZ_CP025209.1,CDS,1727507,1728157,-,ID=gene-AL06_RS08450;Dbxref=GeneID:69499957;Name=AL06_RS08450;gbkey=Gene;gene_biotype=protein_coding;locus_tag=AL06_RS08450;old_locus_tag=CXF52_RS08455,AL06_RS08450,protein_coding,1728117,1728446,1717419,1718975,TRUE,FALSE,TTGGTATCCGTTCCG,GTCACAGTATCGTGA,ATA,-1.569835,15,FALSE,FALSE,1.2151,14
NZ_CP025209.1,CDS,1728117,1728446,-,ID=gene-AL06_RS12240;Dbxref=GeneID:69500630;Name=AL06_RS12240;gbkey=Gene;gene_biotype=protein_coding;locus_tag=AL06_RS12240,AL06_RS12240,protein_coding,1728644,1730491,1727507,1728157,FALSE,TRUE,AATAAGGGCGGCCTT,TTGGTATCCGTTCCG,ATG,-5.341975,10,TRUE,FALSE,-1.569835,15
NZ_CP025209.1,CDS,1728644,1730491,-,ID=gene-AL06_RS08455;Dbxref=GeneID:69499958;Name=lepA;gbkey=Gene;gene=lepA;gene_biotype=protein_coding;locus_tag=AL06_RS08455;old_locus_tag=CXF52_RS08460,lepA,protein_coding,1731785,1732423,1728117,1728446,FALSE,FALSE,GGTACGAGTAAAAAC,AATAAGGGCGGCCTT,ATG,-1.669835,17,FALSE,TRUE,-5.341975,10
NZ_CP025209.1,CDS,1730599,1730748,+,ID=gene-AL06_RS11890;Dbxref=GeneID:69500561;Name=AL06_RS11890;gbkey=Gene;gene_biotype=protein_coding;locus_tag=AL06_RS11890,AL06_RS11890,protein_coding,1726076,1726996,1730755,1731312,FALSE,FALSE,CATCGACCCTATCGC,GCTGATAGGGTAAAT,GTG,2.00029,14,FALSE,TRUE,-4.678055,8
NZ_CP025209.1,CDS,1730755,1731312,+,ID=gene-AL06_RS08460;Dbxref=GeneID:69499959;Name=AL06_RS08460;gbkey=Gene;gene_biotype=protein_coding;locus_tag=AL06_RS08460;old_locus_tag=CXF52_RS08465,AL06_RS08460,protein_coding,1730599,1730748,1731473,1731736,FALSE,FALSE,GCTGATAGGGTAAAT,AAACTAAGAGGTATT,ATG,-4.678055,8,TRUE,TRUE,-6.004895,8
NZ_CP025209.1,CDS,1731473,1731736,+,ID=gene-AL06_RS08465;Dbxref=GeneID:69499960;Name=rpsT;gbkey=Gene;gene=rpsT;gene_biotype=protein_coding;locus_tag=AL06_RS08465;old_locus_tag=CXF52_RS08470,rpsT,protein_coding,1730755,1731312,1754057,1754809,FALSE,FALSE,AAACTAAGAGGTATT,GTCGCACAAGGAGCA,ATG,-6.004895,8,TRUE,TRUE,-6.768055,8
NZ_CP025209.1,CDS,1731785,1732423,-,ID=gene-AL06_RS08470;Dbxref=GeneID:69499961;Name=AL06_RS08470;gbkey=Gene;gene_biotype=protein_coding;locus_tag=AL06_RS08470;old_locus_tag=CXF52_RS08475,AL06_RS08470,protein_coding,1732413,1732814,1728644,1730491,TRUE,FALSE,GTCGAAAGGCTTCAC,GGTACGAGTAAAAAC,GTG,-2.332995,12,FALSE,FALSE,-1.669835,17
NZ_CP025209.1,CDS,1732413,1732814,-,ID=gene-AL06_RS08475;Dbxref=GeneID:69499962;Name=AL06_RS08475;gbkey=Gene;gene_biotype=protein_coding;locus_tag=AL06_RS08475;old_locus_tag=CXF52_RS08480,AL06_RS08475,protein_coding,1732825,1733799,1731785,1732423,FALSE,TRUE,GCAGGCTAATCTAGA,GTCGAAAGGCTTCAC,GTG,-2.032995,16,FALSE,FALSE,-2.332995,12
NZ_CP025209.1,CDS,1732825,1733799,-,ID=gene-AL06_RS08480;Dbxref=GeneID:69499963;Name=holA;gbkey=Gene;gene=holA;gene_biotype=protein_coding;locus_tag=AL06_RS08480;old_locus_tag=CXF52_RS08485,holA,protein_coding,1733753,1735426,1732413,1732814,TRUE,FALSE,ATATGGCACGATAGA,GCAGGCTAATCTAGA,ATG,0.827129999999999,14,FALSE,FALSE,-2.032995,16
NZ_CP025209.1,CDS,1733753,1735426,-,ID=gene-AL06_RS08485;Dbxref=GeneID:69499964;Name=AL06_RS08485;gbkey=Gene;gene_biotype=protein_coding;locus_tag=AL06_RS08485;old_locus_tag=CXF52_RS08490,AL06_RS08485,protein_coding,1735423,1736040,1732825,1733799,TRUE,TRUE,TAGCGCAGGACCTTG,ATATGGCACGATAGA,GTG,-4.10793,11,TRUE,FALSE,0.827129999999999,14
NZ_CP025209.1,CDS,1735423,1736040,-,ID=gene-AL06_RS08490;Dbxref=GeneID:69499965;Name=AL06_RS08490;gbkey=Gene;gene_biotype=protein_coding;locus_tag=AL06_RS08490;old_locus_tag=CXF52_RS08495,AL06_RS08490,protein_coding,1736159,1736980,1733753,1735426,FALSE,TRUE,GTAGTTAGTGTCGGC,TAGCGCAGGACCTTG,ATG,0.827129999999999,6,FALSE,TRUE,-4.10793,11
NZ_CP025209.1,CDS,1736159,1736980,-,ID=gene-AL06_RS08495;Dbxref=GeneID:69499966;Name=AL06_RS08495;gbkey=Gene;gene_biotype=protein_coding;locus_tag=AL06_RS08495;old_locus_tag=CXF52_RS08500,AL06_RS08495,protein_coding,1736985,1737707,1735423,1736040,FALSE,FALSE,GGAAGCAACCTTTAG,GTAGTTAGTGTCGGC,ATG,-1.347805,17,FALSE,FALSE,0.827129999999999,6
NZ_CP025209.1,CDS,1736985,1737707,-,ID=gene-AL06_RS08500;Dbxref=GeneID:69499967;Name=AL06_RS08500;gbkey=Gene;gene_biotype=protein_coding;locus_tag=AL06_RS08500;old_locus_tag=CXF52_RS08505,AL06_RS08500,protein_coding,1737714,1738181,1736159,1736980,FALSE,FALSE,CGAGGAGTTTTAATC,GGAAGCAACCTTTAG,ATG,-6.768055,14,TRUE,FALSE,-1.347805,17
NZ_CP025209.1,CDS,1737714,1738181,-,ID=gene-AL06_RS08505;Dbxref=GeneID:69499968;Name=rsfS;gbkey=Gene;gene=rsfS;gene_biotype=protein_coding;locus_tag=AL06_RS08505;old_locus_tag=CXF52_RS08510,rsfS,protein_coding,1738204,1738890,1736985,1737707,FALSE,FALSE,CGATAAGAAAGGATC,CGAGGAGTTTTAATC,GTG,-4.40793,8,TRUE,TRUE,-6.768055,14
NZ_CP025209.1,CDS,1738204,1738890,-,ID=gene-AL06_RS08510;Dbxref=GeneID:69499969;Name=nadD;gbkey=Gene;gene=nadD;gene_biotype=protein_coding;locus_tag=AL06_RS08510;old_locus_tag=CXF52_RS08515,nadD,protein_coding,1738914,1740206,1737714,1738181,FALSE,FALSE,CTGCTAGAATTTCAC,CGATAAGAAAGGATC,ATG,1.1151,14,FALSE,TRUE,-4.40793,8
NZ_CP025209.1,CDS,1738914,1740206,-,ID=gene-AL06_RS08515;Dbxref=GeneID:69499970;Name=AL06_RS08515;gbkey=Gene;gene_biotype=protein_coding;locus_tag=AL06_RS08515;old_locus_tag=CXF52_RS08520,AL06_RS08515,protein_coding,1740224,1741354,1738204,1738890,FALSE,FALSE,AAAGCTTTAGGTACG,CTGCTAGAATTTCAC,ATG,-3.92996,8,TRUE,FALSE,1.1151,14
NZ_CP025209.1,CDS,1740224,1741354,-,ID=gene-AL06_RS08520;Dbxref=GeneID:69499971;Name=proB;gbkey=Gene;gene=proB;gene_biotype=protein_coding;locus_tag=AL06_RS08520;old_locus_tag=CXF52_RS08525,proB,protein_coding,1741375,1741626,1738914,1740206,FALSE,FALSE,GCCTCTACCATGGCA,AAAGCTTTAGGTACG,ATG,0.827129999999999,7,FALSE,TRUE,-3.92996,8
NZ_CP025209.1,CDS,1741375,1741626,-,ID=gene-AL06_RS08525;Dbxref=GeneID:69499972;Name=AL06_RS08525;gbkey=Gene;gene_biotype=protein_coding;locus_tag=AL06_RS08525;old_locus_tag=CXF52_RS08530,AL06_RS08525,protein_coding,1741630,1743156,1740224,1741354,FALSE,FALSE,TCGCTGGCAAGGCTA,GCCTCTACCATGGCA,ATG,-2.332995,9,FALSE,FALSE,0.827129999999999,7
NZ_CP025209.1,CDS,1741630,1743156,-,ID=gene-AL06_RS08530;Dbxref=GeneID:69499973;Name=obgE;gbkey=Gene;gene=obgE;gene_biotype=protein_coding;locus_tag=AL06_RS08530;old_locus_tag=CXF52_RS08535,obgE,protein_coding,1743318,1743584,1741375,1741626,FALSE,FALSE,AGGAAGGCAACAAAC,TCGCTGGCAAGGCTA,ATG,-5.31615,13,TRUE,FALSE,-2.332995,9
NZ_CP025209.1,CDS,1743318,1743584,-,ID=gene-AL06_RS08535;Dbxref=GeneID:69499974;Name=rpmA;gbkey=Gene;gene=rpmA;gene_biotype=protein_coding;locus_tag=AL06_RS08535;old_locus_tag=CXF52_RS08540,rpmA,protein_coding,1743625,1743930,1741630,1743156,FALSE,FALSE,CTGAAGGAGGGAAAA,AGGAAGGCAACAAAC,ATG,-10.01615,11,TRUE,TRUE,-5.31615,13
NZ_CP025209.1,CDS,1743625,1743930,-,ID=gene-AL06_RS08540;Dbxref=GeneID:69499975;Name=rplU;gbkey=Gene;gene=rplU;gene_biotype=protein_coding;locus_tag=AL06_RS08540;old_locus_tag=CXF52_RS08545,rplU,protein_coding,1744105,1747005,1743318,1743584,FALSE,FALSE,GATAAGGGGTAGCCC,CTGAAGGAGGGAAAA,ATG,-7.32615000000001,10,TRUE,TRUE,-10.01615,11
NZ_CP025209.1,CDS,1744105,1747005,-,ID=gene-AL06_RS08545;Dbxref=GeneID:69499976;Name=AL06_RS08545;gbkey=Gene;gene_biotype=protein_coding;locus_tag=AL06_RS08545;old_locus_tag=CXF52_RS08550,AL06_RS08545,protein_coding,1747287,1747697,1743625,1743930,FALSE,FALSE,GTATCAGGAGAAAAG,GATAAGGGGTAGCCC,GTG,-7.21615,6,TRUE,TRUE,-7.32615000000001,10
NZ_CP025209.1,CDS,1747287,1747697,-,ID=gene-AL06_RS08550;Dbxref=GeneID:69499977;Name=ndk;gbkey=Gene;gene=ndk;gene_biotype=protein_coding;locus_tag=AL06_RS08550;old_locus_tag=CXF52_RS08555,ndk,protein_coding,1747888,1748301,1744105,1747005,FALSE,FALSE,TTGGCTACACTATCC,GTATCAGGAGAAAAG,ATG,0.827129999999999,16,FALSE,TRUE,-7.21615,6
NZ_CP025209.1,CDS,1747888,1748301,-,ID=gene-AL06_RS08555;Dbxref=GeneID:69499978;Name=AL06_RS08555;gbkey=Gene;gene_biotype=protein_coding;locus_tag=AL06_RS08555;old_locus_tag=CXF52_RS08560,AL06_RS08555,protein_coding,1748298,1749794,1747287,1747697,TRUE,FALSE,TGTTTGGAAAGGACC,TTGGCTACACTATCC,ATG,-4.40793,8,TRUE,FALSE,0.827129999999999,16
NZ_CP025209.1,CDS,1748298,1749794,-,ID=gene-AL06_RS08560;Dbxref=GeneID:69499979;Name=AL06_RS08560;gbkey=Gene;gene_biotype=protein_coding;locus_tag=AL06_RS08560;old_locus_tag=CXF52_RS08565,AL06_RS08560,protein_coding,1749791,1752499,1747888,1748301,TRUE,TRUE,CACGTCTTGAGGAGC,TGTTTGGAAAGGACC,GTG,-6.768055,7,TRUE,TRUE,-4.40793,8
NZ_CP025209.1,CDS,1749791,1752499,-,ID=gene-AL06_RS08565;Dbxref=GeneID:69499980;Name=AL06_RS08565;gbkey=Gene;gene_biotype=protein_coding;locus_tag=AL06_RS08565;old_locus_tag=CXF52_RS08570,AL06_RS08565,protein_coding,1752594,1753574,1748298,1749794,FALSE,TRUE,GACAGTTAAGATAGT,CACGTCTTGAGGAGC,ATG,0.9151,11,FALSE,TRUE,-6.768055,7
NZ_CP025209.1,CDS,1752594,1753574,-,ID=gene-AL06_RS08570;Dbxref=GeneID:69499981;Name=AL06_RS08570;gbkey=Gene;gene_biotype=protein_coding;locus_tag=AL06_RS08570;old_locus_tag=CXF52_RS08575,AL06_RS08570,protein_coding,1754845,1756137,1749791,1752499,FALSE,FALSE,AATAAGGAGAGGATT,GACAGTTAAGATAGT,ATG,-6.91615,9,TRUE,FALSE,0.9151,11
NZ_CP025209.1,CDS,1754057,1754809,+,ID=gene-AL06_RS08575;Dbxref=GeneID:69499982;Name=AL06_RS08575;gbkey=Gene;gene_biotype=protein_coding;locus_tag=AL06_RS08575;old_locus_tag=CXF52_RS08580,AL06_RS08575,protein_coding,1731473,1731736,1762489,1762725,FALSE,FALSE,GTCGCACAAGGAGCA,TTAGATATTATATAA,GTG,-6.768055,8,TRUE,FALSE,1.1151,17
NZ_CP025209.1,CDS,1754845,1756137,-,ID=gene-AL06_RS08580;Dbxref=GeneID:69499983;Name=clpX;gbkey=Gene;gene=clpX;gene_biotype=protein_coding;locus_tag=AL06_RS08580;old_locus_tag=CXF52_RS08585,clpX,protein_coding,1756284,1758809,1752594,1753574,FALSE,FALSE,TGAGAGACTCCTACC,AATAAGGAGAGGATT,ATG,-0.359835,16,FALSE,TRUE,-6.91615,9
NZ_CP025209.1,CDS,1756284,1758809,-,ID=gene-AL06_RS08585;Dbxref=GeneID:69499984;Name=pabB;gbkey=Gene;gene=pabB;gene_biotype=protein_coding;locus_tag=AL06_RS08585;old_locus_tag=CXF52_RS08590,pabB,protein_coding,1758904,1759533,1754845,1756137,FALSE,FALSE,CAAGGAACAATCGGG,TGAGAGACTCCTACC,ATG,-6.51615,6,TRUE,FALSE,-0.359835,16
NZ_CP025209.1,CDS,1758904,1759533,-,ID=gene-AL06_RS08590;Dbxref=GeneID:69499985;Name=AL06_RS08590;gbkey=Gene;gene_biotype=protein_coding;locus_tag=AL06_RS08590;old_locus_tag=CXF52_RS08595,AL06_RS08590,protein_coding,1759551,1760150,1756284,1758809,FALSE,FALSE,AGGCAGGAGTAACAC,CAAGGAACAATCGGG,ATG,-6.468055,12,TRUE,TRUE,-6.51615,6
NZ_CP025209.1,CDS,1759551,1760150,-,ID=gene-AL06_RS08595;Dbxref=GeneID:69499986;Name=AL06_RS08595;gbkey=Gene;gene_biotype=protein_coding;locus_tag=AL06_RS08595;old_locus_tag=CXF52_RS08600,AL06_RS08595,protein_coding,1760316,1761662,1758904,1759533,FALSE,FALSE,ATGAAAAAGGAGCAC,AGGCAGGAGTAACAC,ATG,-6.768055,9,TRUE,TRUE,-6.468055,12
NZ_CP025209.1,CDS,1760316,1761662,-,ID=gene-AL06_RS08600;Dbxref=GeneID:69499987;Name=tig;gbkey=Gene;gene=tig;gene_biotype=protein_coding;locus_tag=AL06_RS08600;old_locus_tag=CXF52_RS08605,tig,protein_coding,1761746,1761819,1759551,1760150,FALSE,FALSE,ACGACCAGGAGAGTT,ATGAAAAAGGAGCAC,GTG,-8.113115,7,TRUE,TRUE,-6.768055,9
NZ_CP025209.1,tRNA,1761746,1761819,-,ID=gene-AL06_RS08605;Dbxref=GeneID:69499988;Name=AL06_RS08605;gbkey=Gene;gene_biotype=tRNA;locus_tag=AL06_RS08605;old_locus_tag=CXF52_RS08610,AL06_RS08605,tRNA,1762160,1762234,1760316,1761662,FALSE,FALSE,GTTCAACAGGAAAGA,ACGACCAGGAGAGTT,CGG,-4.10793,10,TRUE,TRUE,-8.113115,7
NZ_CP025209.1,tRNA,1762160,1762234,-,ID=gene-AL06_RS08615;Dbxref=GeneID:69499989;Name=AL06_RS08615;gbkey=Gene;gene_biotype=tRNA;locus_tag=AL06_RS08615;old_locus_tag=CXF52_RS08620,AL06_RS08615,tRNA,1763731,1764204,1761746,1761819,FALSE,FALSE,CACAGCAGTTAATGC,GTTCAACAGGAAAGA,GGG,1.2151,16,FALSE,TRUE,-4.10793,10
NZ_CP025209.1,CDS,1762489,1762725,+,ID=gene-AL06_RS08620;Dbxref=GeneID:69499990;Name=AL06_RS08620;gbkey=Gene;gene_biotype=protein_coding;locus_tag=AL06_RS08620;old_locus_tag=CXF52_RS08625,AL06_RS08620,protein_coding,1754057,1754809,1762872,1763654,FALSE,FALSE,TTAGATATTATATAA,TGGTATAAGGAATTC,ATG,1.1151,17,FALSE,TRUE,-4.40793,10
NZ_CP025209.1,CDS,1762872,1763654,+,ID=gene-AL06_RS08625;Dbxref=GeneID:69499991;Name=AL06_RS08625;gbkey=Gene;gene_biotype=protein_coding;locus_tag=AL06_RS08625;old_locus_tag=CXF52_RS08630,AL06_RS08625,protein_coding,1762489,1762725,1764978,1767596,FALSE,FALSE,TGGTATAAGGAATTC,TTTATTTCCAAGGAG,ATG,-4.40793,10,TRUE,TRUE,-7.568055,6
NZ_CP025209.1,CDS,1763731,1764204,-,ID=gene-AL06_RS08630;Dbxref=GeneID:69499992;Name=AL06_RS08630;gbkey=Gene;gene_biotype=protein_coding;locus_tag=AL06_RS08630;old_locus_tag=CXF52_RS08635,AL06_RS08630,protein_coding,1764236,1764856,1762160,1762234,FALSE,FALSE,ATCGACTACACTTCC,CACAGCAGTTAATGC,ATG,2.00029,15,FALSE,FALSE,1.2151,16
NZ_CP025209.1,CDS,1764236,1764856,-,ID=gene-AL06_RS08635;Dbxref=GeneID:69499993;Name=AL06_RS08635;gbkey=Gene;gene_biotype=protein_coding;locus_tag=AL06_RS08635;old_locus_tag=CXF52_RS08640,AL06_RS08635,protein_coding,1769395,1770015,1763731,1764204,FALSE,FALSE,GAGCACGAAGGAGAT,ATCGACTACACTTCC,ATG,-6.768055,8,TRUE,FALSE,2.00029,15
NZ_CP025209.1,CDS,1764978,1767596,+,ID=gene-AL06_RS08640;Dbxref=GeneID:69499994;Name=pepN;gbkey=Gene;gene=pepN;gene_biotype=protein_coding;locus_tag=AL06_RS08640;old_locus_tag=CXF52_RS08645,pepN,protein_coding,1762872,1763654,1767978,1768994,FALSE,FALSE,TTTATTTCCAAGGAG,TACGATACGGTGGAA,ATG,-7.568055,6,TRUE,FALSE,-1.469835,9
NZ_CP025209.1,CDS,1767978,1768994,+,ID=gene-AL06_RS08650;Dbxref=GeneID:69499995;Name=AL06_RS08650;gbkey=Gene;gene_biotype=protein_coding;locus_tag=AL06_RS08650;old_locus_tag=CXF52_RS08655,AL06_RS08650,protein_coding,1764978,1767596,1769006,1769398,FALSE,FALSE,TACGATACGGTGGAA,AAGAATAGGATAAGC,ATG,-1.469835,9,FALSE,TRUE,-4.20793,11
NZ_CP025209.1,CDS,1769006,1769398,+,ID=gene-AL06_RS08655;Dbxref=GeneID:69499996;Name=AL06_RS08655;gbkey=Gene;gene_biotype=protein_coding;locus_tag=AL06_RS08655;old_locus_tag=CXF52_RS08660,AL06_RS08655,protein_coding,1767978,1768994,1775298,1777583,FALSE,FALSE,AAGAATAGGATAAGC,GTACACAAGGAACAC,ATG,-4.20793,11,TRUE,TRUE,-4.40793,10
NZ_CP025209.1,CDS,1769395,1770015,-,ID=gene-AL06_RS08660;Dbxref=GeneID:69499997;Name=AL06_RS08660;gbkey=Gene;gene_biotype=protein_coding;locus_tag=AL06_RS08660;old_locus_tag=CXF52_RS08665,AL06_RS08660,protein_coding,1770025,1770468,1764236,1764856,FALSE,FALSE,CGAGCAGTAGCTTTG,GAGCACGAAGGAGAT,ATG,-2.904895,12,FALSE,TRUE,-6.768055,8
NZ_CP025209.1,CDS,1770025,1770468,-,ID=gene-AL06_RS08665;Dbxref=GeneID:69499998;Name=AL06_RS08665;gbkey=Gene;gene_biotype=protein_coding;locus_tag=AL06_RS08665;old_locus_tag=CXF52_RS08670,AL06_RS08665,protein_coding,1770595,1772265,1769395,1770015,FALSE,FALSE,AAGTACACGGCAAAT,CGAGCAGTAGCTTTG,ATG,0.827129999999999,10,FALSE,FALSE,-2.904895,12
NZ_CP025209.1,CDS,1770595,1772265,-,ID=gene-AL06_RS08670;Dbxref=GeneID:69499999;Name=ettA;gbkey=Gene;gene=ettA;gene_biotype=protein_coding;locus_tag=AL06_RS08670;old_locus_tag=CXF52_RS08675,ettA,protein_coding,1772363,1772851,1770025,1770468,FALSE,FALSE,CATTAAGGGGAACAT,AAGTACACGGCAAAT,GTG,-5.99388,11,TRUE,FALSE,0.827129999999999,10
NZ_CP025209.1,CDS,1772363,1772851,-,ID=gene-AL06_RS08675;Dbxref=GeneID:69500000;Name=AL06_RS08675;gbkey=Gene;gene_biotype=protein_coding;locus_tag=AL06_RS08675;old_locus_tag=CXF52_RS08680,AL06_RS08675,protein_coding,1773035,1775071,1770595,1772265,FALSE,FALSE,AATAACAAGGGGGAA,CATTAAGGGGAACAT,ATG,-9.241975,8,TRUE,TRUE,-5.99388,11
NZ_CP025209.1,CDS,1773035,1775071,-,ID=gene-AL06_RS08680;Dbxref=GeneID:69500001;Name=AL06_RS08680;gbkey=Gene;gene_biotype=protein_coding;locus_tag=AL06_RS08680;old_locus_tag=CXF52_RS08685,AL06_RS08680,protein_coding,1777836,1779041,1772363,1772851,FALSE,FALSE,AGATATAGGCTTGGG,AATAACAAGGGGGAA,ATG,-7.241975,6,TRUE,TRUE,-9.241975,8
NZ_CP025209.1,CDS,1775298,1777583,+,ID=gene-AL06_RS08685;Dbxref=GeneID:69500002;Name=AL06_RS08685;gbkey=Gene;gene_biotype=protein_coding;locus_tag=AL06_RS08685;old_locus_tag=CXF52_RS08690,AL06_RS08685,protein_coding,1769006,1769398,1777604,1777804,FALSE,FALSE,GTACACAAGGAACAC,TAATAAAGGTTGGGC,ATG,-4.40793,10,TRUE,TRUE,-6.141975,7
NZ_CP025209.1,CDS,1777604,1777804,+,ID=gene-AL06_RS08690;Dbxref=GeneID:69500003;Name=AL06_RS08690;gbkey=Gene;gene_biotype=protein_coding;locus_tag=AL06_RS08690;old_locus_tag=CXF52_RS08695,AL06_RS08690,protein_coding,1775298,1777583,1779445,1780476,FALSE,FALSE,TAATAAAGGTTGGGC,ATTAGTGCATTGGGG,ATG,-6.141975,7,TRUE,TRUE,-4.533755,5
NZ_CP025209.1,CDS,1777836,1779041,-,ID=gene-AL06_RS08695;Dbxref=GeneID:69500004;Name=AL06_RS08695;gbkey=Gene;gene_biotype=protein_coding;locus_tag=AL06_RS08695;old_locus_tag=CXF52_RS08700,AL06_RS08695,protein_coding,1779275,1779348,1773035,1775071,FALSE,FALSE,AGTCCTAGGATAAAG,AGATATAGGCTTGGG,ATG,-4.20793,11,TRUE,TRUE,-7.241975,6
NZ_CP025209.1,tRNA,1779275,1779348,-,ID=gene-AL06_RS08700;Dbxref=GeneID:69500005;Name=AL06_RS08700;gbkey=Gene;gene_biotype=tRNA;locus_tag=AL06_RS08700;old_locus_tag=CXF52_RS08705,AL06_RS08700,tRNA,1782996,1784249,1777836,1779041,FALSE,FALSE,GTAAGATACCCACAG,AGTCCTAGGATAAAG,GCC,0.4151,6,FALSE,TRUE,-4.20793,11
NZ_CP025209.1,CDS,1779445,1780476,+,ID=gene-AL06_RS08705;Dbxref=GeneID:69500006;Name=AL06_RS08705;gbkey=Gene;gene_biotype=protein_coding;locus_tag=AL06_RS08705;old_locus_tag=CXF52_RS08710,AL06_RS08705,protein_coding,1777604,1777804,1780536,1781336,FALSE,FALSE,ATTAGTGCATTGGGG,CGACTTTTTCGGAGG,GTG,-4.533755,5,TRUE,TRUE,-8.556025,5
NZ_CP025209.1,CDS,1780536,1781336,+,ID=gene-AL06_RS08710;Dbxref=GeneID:69500007;Name=cmrA;gbkey=Gene;gene=cmrA;gene_biotype=protein_coding;locus_tag=AL06_RS08710;old_locus_tag=CXF52_RS08715,cmrA,protein_coding,1779445,1780476,1781355,1781987,FALSE,FALSE,CGACTTTTTCGGAGG,GAGGGGTAGCGTTAT,ATG,-8.556025,5,TRUE,TRUE,-7.33894,9
NZ_CP025209.1,CDS,1781355,1781987,+,ID=gene-AL06_RS08715;Dbxref=GeneID:69500008;Name=orn;gbkey=Gene;gene=orn;gene_biotype=protein_coding;locus_tag=AL06_RS08715;old_locus_tag=CXF52_RS08720,orn,protein_coding,1780536,1781336,1782037,1782109,FALSE,FALSE,GAGGGGTAGCGTTAT,CTTAAGCAAGCAGCA,ATG,-7.33894,9,TRUE,FALSE,0.9151,15
NZ_CP025209.1,tRNA,1782037,1782109,+,ID=gene-AL06_RS08720;Dbxref=GeneID:69500009;Name=AL06_RS08720;gbkey=Gene;gene_biotype=tRNA;locus_tag=AL06_RS08720;old_locus_tag=CXF52_RS08725,AL06_RS08720,tRNA,1781355,1781987,1782165,1782995,FALSE,FALSE,CTTAAGCAAGCAGCA,TTTTCGCTATACTGC,GTG,0.9151,15,FALSE,FALSE,3.775225,12
NZ_CP025209.1,CDS,1782165,1782995,+,ID=gene-AL06_RS08725;Dbxref=GeneID:69500010;Name=AL06_RS08725;gbkey=Gene;gene_biotype=protein_coding;locus_tag=AL06_RS08725;old_locus_tag=CXF52_RS08730,AL06_RS08725,protein_coding,1782037,1782109,1784454,1784526,FALSE,FALSE,TTTTCGCTATACTGC,GGGACTGCAAAGCAA,ATG,3.775225,12,FALSE,FALSE,-2.78552,16
NZ_CP025209.1,CDS,1782996,1784249,-,ID=gene-AL06_RS08730;Dbxref=GeneID:69500011;Name=AL06_RS08730;gbkey=Gene;gene_biotype=protein_coding;locus_tag=AL06_RS08730;old_locus_tag=CXF52_RS08735,AL06_RS08730,protein_coding,1784928,1785452,1779275,1779348,FALSE,FALSE,TCAGGTGACCTAGGT,GTAAGATACCCACAG,ATG,-6.34969,6,TRUE,FALSE,0.4151,6
NZ_CP025209.1,tRNA,1784454,1784526,+,ID=gene-AL06_RS08735;Dbxref=GeneID:69500012;Name=AL06_RS08735;gbkey=Gene;gene_biotype=tRNA;locus_tag=AL06_RS08735;old_locus_tag=CXF52_RS08740,AL06_RS08735,tRNA,1782165,1782995,1787249,1787698,FALSE,FALSE,GGGACTGCAAAGCAA,CGTTGCTAGAGTGGG,GCG,-2.78552,16,FALSE,FALSE,-2.410585,5
NZ_CP025209.1,CDS,1784928,1785452,-,ID=gene-AL06_RS08745;Dbxref=GeneID:69500013;Name=AL06_RS08745;gbkey=Gene;gene_biotype=protein_coding;locus_tag=AL06_RS08745;old_locus_tag=CXF52_RS08750,AL06_RS08745,protein_coding,1787702,1788007,1782996,1784249,FALSE,FALSE,ACCGATTTTAAGGGA,TCAGGTGACCTAGGT,ATG,-4.456165,7,TRUE,TRUE,-6.34969,6
NZ_CP025209.1,CDS,1787249,1787698,+,ID=gene-AL06_RS08760;Dbxref=GeneID:69500015;Name=AL06_RS08760;gbkey=Gene;gene_biotype=protein_coding;locus_tag=AL06_RS08760;old_locus_tag=CXF52_RS08765,AL06_RS08760,protein_coding,1784454,1784526,1788384,1788857,FALSE,FALSE,CGTTGCTAGAGTGGG,AGCCGGTATCCTCGA,ATG,-2.410585,5,FALSE,FALSE,-1.569835,13
NZ_CP025209.1,CDS,1787702,1788007,-,ID=gene-AL06_RS08765;Dbxref=GeneID:69500016;Name=AL06_RS08765;gbkey=Gene;gene_biotype=protein_coding;locus_tag=AL06_RS08765;old_locus_tag=CXF52_RS08770,AL06_RS08765,protein_coding,1788020,1788295,1784928,1785452,FALSE,FALSE,GCGCTAAAGGCGGCG,ACCGATTTTAAGGGA,ATG,-3.141975,6,FALSE,TRUE,-4.456165,7
NZ_CP025209.1,CDS,1788020,1788295,-,ID=gene-AL06_RS08770;Dbxref=GeneID:69500017;Name=AL06_RS08770;gbkey=Gene;gene_biotype=protein_coding;locus_tag=AL06_RS08770;old_locus_tag=CXF52_RS08775,AL06_RS08770,protein_coding,1789499,1789882,1787702,1788007,FALSE,FALSE,AACCTCAAGGAGTTT,GCGCTAAAGGCGGCG,GTG,-6.768055,9,TRUE,FALSE,-3.141975,6
NZ_CP025209.1,CDS,1788384,1788857,+,ID=gene-AL06_RS08775;Dbxref=GeneID:69500018;Name=bcp;gbkey=Gene;gene=bcp;gene_biotype=protein_coding;locus_tag=AL06_RS08775;old_locus_tag=CXF52_RS08780,bcp,protein_coding,1787249,1787698,1788858,1789502,FALSE,FALSE,AGCCGGTATCCTCGA,TAAAGAACTGACCAA,ATG,-1.569835,13,FALSE,FALSE,0.9151,16
NZ_CP025209.1,CDS,1788858,1789502,+,ID=gene-AL06_RS08780;Dbxref=GeneID:69500019;Name=AL06_RS08780;gbkey=Gene;gene_biotype=protein_coding;locus_tag=AL06_RS08780;old_locus_tag=CXF52_RS08785,AL06_RS08780,protein_coding,1788384,1788857,1799711,1800082,FALSE,FALSE,TAAAGAACTGACCAA,CGCGGTAGGGTTAGT,ATG,0.9151,16,FALSE,TRUE,-4.578055,8
NZ_CP025209.1,CDS,1789499,1789882,-,ID=gene-AL06_RS08785;Dbxref=GeneID:69500020;Name=AL06_RS08785;gbkey=Gene;gene_biotype=protein_coding;locus_tag=AL06_RS08785;old_locus_tag=CXF52_RS08790,AL06_RS08785,protein_coding,1789917,1798850,1788020,1788295,FALSE,FALSE,GCGAGAAAAGGGAAT,AACCTCAAGGAGTTT,ATG,-4.456165,9,TRUE,TRUE,-6.768055,9
NZ_CP025209.1,CDS,1789917,1798850,-,ID=gene-AL06_RS08790;Dbxref=GeneID:69500021;Name=AL06_RS08790;gbkey=Gene;gene_biotype=protein_coding;locus_tag=AL06_RS08790;old_locus_tag=CXF52_RS08795,AL06_RS08790,protein_coding,1799029,1799463,1789499,1789882,FALSE,FALSE,TTACAGGAGAGACAA,GCGAGAAAAGGGAAT,GTG,-6.468055,12,TRUE,TRUE,-4.456165,9
NZ_CP025209.1,CDS,1799029,1799463,-,ID=gene-AL06_RS12250;Dbxref=GeneID:69500632;Name=AL06_RS12250;gbkey=Gene;gene_biotype=protein_coding;locus_tag=AL06_RS12250,AL06_RS12250,protein_coding,1799537,1799618,1789917,1798850,FALSE,FALSE,GCTCCAAGACCTCGA,TTACAGGAGAGACAA,ATG,0.9151,13,FALSE,TRUE,-6.468055,12
NZ_CP025209.1,tRNA,1799537,1799618,-,ID=gene-AL06_RS08800;Dbxref=GeneID:69500022;Name=AL06_RS08800;gbkey=Gene;gene_biotype=tRNA;locus_tag=AL06_RS08800;old_locus_tag=CXF52_RS08805,AL06_RS08800,tRNA,1800504,1801121,1799029,1799463,FALSE,FALSE,TATTGTTTGTCCCAT,GCTCCAAGACCTCGA,GCG,1.77826,14,FALSE,FALSE,0.9151,13
NZ_CP025209.1,CDS,1799711,1800082,+,ID=gene-AL06_RS08805;Dbxref=GeneID:69500023;Name=AL06_RS08805;gbkey=Gene;gene_biotype=protein_coding;locus_tag=AL06_RS08805;old_locus_tag=CXF52_RS08810,AL06_RS08805,protein_coding,1788858,1789502,1800110,1800466,FALSE,FALSE,CGCGGTAGGGTTAGT,AAAGGAGTTTTCTTT,GTG,-4.578055,8,TRUE,TRUE,-6.768055,14
NZ_CP025209.1,CDS,1800110,1800466,+,ID=gene-AL06_RS08810;Dbxref=GeneID:69500024;Name=AL06_RS08810;gbkey=Gene;gene_biotype=protein_coding;locus_tag=AL06_RS08810;old_locus_tag=CXF52_RS08815,AL06_RS08810,protein_coding,1799711,1800082,1805922,1807235,FALSE,FALSE,AAAGGAGTTTTCTTT,GGGGGCTAAGCTGTG,ATG,-6.768055,14,TRUE,TRUE,-6.18185,15
NZ_CP025209.1,CDS,1800504,1801121,-,ID=gene-AL06_RS08815;Dbxref=GeneID:69500025;Name=rdgB;gbkey=Gene;gene=rdgB;gene_biotype=protein_coding;locus_tag=AL06_RS08815;old_locus_tag=CXF52_RS08820,rdgB,protein_coding,1801118,1801843,1799537,1799618,TRUE,FALSE,AGAAGGCAGCCCTAG,TATTGTTTGTCCCAT,GTG,-3.01615,6,FALSE,FALSE,1.77826,14
NZ_CP025209.1,CDS,1801118,1801843,-,ID=gene-AL06_RS08820;Dbxref=GeneID:69500026;Name=rph;gbkey=Gene;gene=rph;gene_biotype=protein_coding;locus_tag=AL06_RS08820;old_locus_tag=CXF52_RS08825,rph,protein_coding,1801854,1802621,1800504,1801121,FALSE,TRUE,ACAGTGTAGCGTAAA,AGAAGGCAGCCCTAG,ATG,1.1151,12,FALSE,FALSE,-3.01615,6
NZ_CP025209.1,CDS,1801854,1802621,-,ID=gene-AL06_RS08825;Dbxref=GeneID:69500027;Name=AL06_RS08825;gbkey=Gene;gene_biotype=protein_coding;locus_tag=AL06_RS08825;old_locus_tag=CXF52_RS08830,AL06_RS08825,protein_coding,1802674,1803471,1801118,1801843,FALSE,FALSE,ACGTGGCAATGTTAG,ACAGTGTAGCGTAAA,ATG,0.315099999999999,6,FALSE,FALSE,1.1151,12
NZ_CP025209.1,CDS,1802674,1803471,-,ID=gene-AL06_RS08830;Dbxref=GeneID:69500028;Name=murI;gbkey=Gene;gene=murI;gene_biotype=protein_coding;locus_tag=AL06_RS08830;old_locus_tag=CXF52_RS08835,murI,protein_coding,1803468,1804040,1801854,1802621,TRUE,FALSE,CGCGTAGGAAGGAAT,ACGTGGCAATGTTAG,GTG,-5.91615,9,TRUE,FALSE,0.315099999999999,6
NZ_CP025209.1,CDS,1803468,1804040,-,ID=gene-AL06_RS08835;Dbxref=GeneID:69500029;Name=AL06_RS08835;gbkey=Gene;gene_biotype=protein_coding;locus_tag=AL06_RS08835;old_locus_tag=CXF52_RS08840,AL06_RS08835,protein_coding,1804037,1804966,1802674,1803471,TRUE,TRUE,CGGAAATCGCGGTGG,CGCGTAGGAAGGAAT,ATG,-4.15299,7,TRUE,TRUE,-5.91615,9
NZ_CP025209.1,CDS,1804037,1804966,-,ID=gene-AL06_RS08840;Dbxref=GeneID:69500030;Name=AL06_RS08840;gbkey=Gene;gene_biotype=protein_coding;locus_tag=AL06_RS08840;old_locus_tag=CXF52_RS08845,AL06_RS08840,protein_coding,1804966,1805502,1803468,1804040,TRUE,TRUE,TGATGGGGTCGCTAG,CGGAAATCGCGGTGG,ATG,-5.13072,11,TRUE,TRUE,-4.15299,7
NZ_CP025209.1,CDS,1804966,1805502,-,ID=gene-AL06_RS08845;Dbxref=GeneID:69500031;Name=AL06_RS08845;gbkey=Gene;gene_biotype=protein_coding;locus_tag=AL06_RS08845;old_locus_tag=CXF52_RS08850,AL06_RS08845,protein_coding,1805519,1805860,1804037,1804966,FALSE,TRUE,TAGGAAAGGACAAAC,TGATGGGGTCGCTAG,GTG,-6.71615,12,TRUE,TRUE,-5.13072,11
NZ_CP025209.1,CDS,1805519,1805860,-,ID=gene-AL06_RS08850;Dbxref=GeneID:69500032;Name=clpS;gbkey=Gene;gene=clpS;gene_biotype=protein_coding;locus_tag=AL06_RS08850;old_locus_tag=CXF52_RS08855,clpS,protein_coding,1810937,1811644,1804966,1805502,FALSE,FALSE,CCTACTAGGCTGGTG,TAGGAAAGGACAAAC,ATG,-3.741975,6,TRUE,TRUE,-6.71615,12
NZ_CP025209.1,CDS,1805922,1807235,+,ID=gene-AL06_RS08855;Dbxref=GeneID:69500033;Name=AL06_RS08855;gbkey=Gene;gene_biotype=protein_coding;locus_tag=AL06_RS08855;old_locus_tag=CXF52_RS08860,AL06_RS08855,protein_coding,1800110,1800466,1807267,1809234,FALSE,FALSE,GGGGGCTAAGCTGTG,ACGCCGTACCATATT,GTG,-6.18185,15,TRUE,FALSE,1.67826,13
NZ_CP025209.1,CDS,1807267,1809234,+,ID=gene-AL06_RS08860;Dbxref=GeneID:69500034;Name=AL06_RS08860;gbkey=Gene;gene_biotype=protein_coding;locus_tag=AL06_RS08860;old_locus_tag=CXF52_RS08865,AL06_RS08860,protein_coding,1805922,1807235,1809236,1809763,FALSE,FALSE,ACGCCGTACCATATT,CGATTGGTGCAAAAG,ATG,1.67826,13,FALSE,FALSE,-1.469835,12
NZ_CP025209.1,CDS,1809236,1809763,+,ID=gene-AL06_RS08865;Dbxref=GeneID:69500035;Name=AL06_RS08865;gbkey=Gene;gene_biotype=protein_coding;locus_tag=AL06_RS08865;old_locus_tag=CXF52_RS08870,AL06_RS08865,protein_coding,1807267,1809234,1809853,1810953,FALSE,FALSE,CGATTGGTGCAAAAG,AACCAGGGGGCTACA,ATG,-1.469835,12,FALSE,TRUE,-8.941975,11
NZ_CP025209.1,CDS,1809853,1810953,+,ID=gene-AL06_RS08870;Dbxref=GeneID:69500036;Name=AL06_RS08870;gbkey=Gene;gene_biotype=protein_coding;locus_tag=AL06_RS08870;old_locus_tag=CXF52_RS08875,AL06_RS08870,protein_coding,1809236,1809763,1816381,1816866,FALSE,FALSE,AACCAGGGGGCTACA,GACTTTTAGCATTAG,ATG,-8.941975,11,TRUE,FALSE,0.315099999999999,6
NZ_CP025209.1,CDS,1810937,1811644,-,ID=gene-AL06_RS08875;Dbxref=GeneID:69500037;Name=AL06_RS08875;gbkey=Gene;gene_biotype=protein_coding;locus_tag=AL06_RS08875;old_locus_tag=CXF52_RS08880,AL06_RS08875,protein_coding,1811637,1812920,1805519,1805860,TRUE,FALSE,CGCGTTCCTTTGGAA,CCTACTAGGCTGGTG,ATG,-1.247805,6,FALSE,TRUE,-3.741975,6
NZ_CP025209.1,CDS,1811637,1812920,-,ID=gene-AL06_RS08880;Dbxref=GeneID:69500038;Name=serB;gbkey=Gene;gene=serB;gene_biotype=protein_coding;locus_tag=AL06_RS08880;old_locus_tag=CXF52_RS08885,serB,protein_coding,1813027,1814721,1810937,1811644,FALSE,TRUE,ACAGGGGTGTTAATG,CGCGTTCCTTTGGAA,ATG,-7.33894,11,TRUE,FALSE,-1.247805,6
NZ_CP025209.1,CDS,1813027,1814721,-,ID=gene-AL06_RS08885;Dbxref=GeneID:69500039;Name=ctaD;gbkey=Gene;gene=ctaD;gene_biotype=protein_coding;locus_tag=AL06_RS08885;old_locus_tag=CXF52_RS08890,ctaD,protein_coding,1815083,1816069,1811637,1812920,FALSE,FALSE,CACAAGTCAGGAGGA,ACAGGGGTGTTAATG,ATG,-9.71615,7,TRUE,TRUE,-7.33894,11
NZ_CP025209.1,CDS,1815083,1816069,-,ID=gene-AL06_RS08890;Dbxref=GeneID:69500040;Name=nrdF;gbkey=Gene;gene=nrdF;gene_biotype=protein_coding;locus_tag=AL06_RS08890;old_locus_tag=CXF52_RS08895,nrdF,protein_coding,1816918,1819065,1813027,1814721,FALSE,FALSE,AAGGAGTGTGTAACA,CACAAGTCAGGAGGA,GTG,-8.913115,10,TRUE,TRUE,-9.71615,7
NZ_CP025209.1,CDS,1816381,1816866,+,ID=gene-AL06_RS08895;Dbxref=GeneID:69500041;Name=AL06_RS08895;gbkey=Gene;gene_biotype=protein_coding;locus_tag=AL06_RS08895;old_locus_tag=CXF52_RS08900,AL06_RS08895,protein_coding,1809853,1810953,1820181,1821053,FALSE,FALSE,GACTTTTAGCATTAG,GCTGATAGGATCAGG,ATG,0.315099999999999,6,FALSE,TRUE,-8.01615,6
NZ_CP025209.1,CDS,1816918,1819065,-,ID=gene-AL06_RS08900;Dbxref=GeneID:69500042;Name=nrdE;gbkey=Gene;gene=nrdE;gene_biotype=protein_coding;locus_tag=AL06_RS08900;old_locus_tag=CXF52_RS08905,nrdE,protein_coding,1819127,1819552,1815083,1816069,FALSE,FALSE,TTGTCTCGTGAATCA,AAGGAGTGTGTAACA,ATG,1.77826,16,FALSE,TRUE,-8.913115,10
NZ_CP025209.1,CDS,1819127,1819552,-,ID=gene-AL06_RS08905;Dbxref=GeneID:69500043;Name=nrdI;gbkey=Gene;gene=nrdI;gene_biotype=protein_coding;locus_tag=AL06_RS08905;old_locus_tag=CXF52_RS08910,nrdI,protein_coding,1819646,1819879,1816918,1819065,FALSE,FALSE,AGGAAGGGATATCGG,TTGTCTCGTGAATCA,ATG,-6.141975,6,TRUE,FALSE,1.77826,16
NZ_CP025209.1,CDS,1819646,1819879,-,ID=gene-AL06_RS08910;Dbxref=GeneID:69500044;Name=nrdH;gbkey=Gene;gene=nrdH;gene_biotype=protein_coding;locus_tag=AL06_RS08910;old_locus_tag=CXF52_RS08915,nrdH,protein_coding,1822644,1822766,1819127,1819552,FALSE,FALSE,GAAATAGGAAGTTTG,AGGAAGGGATATCGG,ATG,-4.20793,12,TRUE,TRUE,-6.141975,6
NZ_CP025209.1,CDS,1820181,1821053,+,ID=gene-AL06_RS08915;Dbxref=GeneID:69500045;Name=AL06_RS08915;gbkey=Gene;gene_biotype=protein_coding;locus_tag=AL06_RS08915;old_locus_tag=CXF52_RS08920,AL06_RS08915,protein_coding,1816381,1816866,1822920,1823753,FALSE,FALSE,GCTGATAGGATCAGG,TGGTGCATAAGATTA,GTG,-8.01615,6,TRUE,FALSE,-1.469835,16
NZ_CP025209.1,CDS,1822644,1822766,-,ID=gene-AL06_RS08925;Dbxref=GeneID:69500047;Name=ykgO;gbkey=Gene;gene=ykgO;gene_biotype=protein_coding;locus_tag=AL06_RS08925;old_locus_tag=CXF52_RS08930,ykgO,protein_coding,1823750,1824187,1819646,1819879,FALSE,FALSE,GAGAAGAAAGGAGCG,GAAATAGGAAGTTTG,ATG,-7.81615,6,TRUE,TRUE,-4.20793,12
NZ_CP025209.1,CDS,1822920,1823753,+,ID=gene-AL06_RS08930;Dbxref=GeneID:69500048;Name=nadE;gbkey=Gene;gene=nadE;gene_biotype=protein_coding;locus_tag=AL06_RS08930;old_locus_tag=CXF52_RS08935,nadE,protein_coding,1820181,1821053,1828421,1829086,FALSE,FALSE,TGGTGCATAAGATTA,AAAGAAAAAGGAGTG,ATG,-1.469835,16,FALSE,TRUE,-7.81615,6
NZ_CP025209.1,CDS,1823750,1824187,-,ID=gene-AL06_RS08935;Dbxref=GeneID:69500049;Name=AL06_RS08935;gbkey=Gene;gene_biotype=protein_coding;locus_tag=AL06_RS08935;old_locus_tag=CXF52_RS08940,AL06_RS08935,protein_coding,1824234,1824506,1822644,1822766,FALSE,FALSE,GGTGACGTAGATCCT,GAGAAGAAAGGAGCG,ATG,-1.569835,17,FALSE,TRUE,-7.81615,6
NZ_CP025209.1,CDS,1824234,1824506,-,ID=gene-AL06_RS08940;Dbxref=GeneID:69500050;Name=AL06_RS08940;gbkey=Gene;gene_biotype=protein_coding;locus_tag=AL06_RS08940;old_locus_tag=CXF52_RS08945,AL06_RS08940,protein_coding,1824546,1825934,1823750,1824187,FALSE,FALSE,TTTGAGGAGGAATAC,GGTGACGTAGATCCT,ATG,-10.01615,11,TRUE,FALSE,-1.569835,17
NZ_CP025209.1,CDS,1824546,1825934,-,ID=gene-AL06_RS08945;Dbxref=GeneID:69500051;Name=AL06_RS08945;gbkey=Gene;gene_biotype=protein_coding;locus_tag=AL06_RS08945;old_locus_tag=CXF52_RS08950,AL06_RS08945,protein_coding,1825924,1827216,1824234,1824506,TRUE,FALSE,TTACTGAAGGGTCCT,TTTGAGGAGGAATAC,ATG,-4.778055,7,TRUE,TRUE,-10.01615,11
NZ_CP025209.1,CDS,1825924,1827216,-,ID=gene-AL06_RS08950;Dbxref=GeneID:69500052;Name=AL06_RS08950;gbkey=Gene;gene_biotype=protein_coding;locus_tag=AL06_RS08950;old_locus_tag=CXF52_RS08955,AL06_RS08950,protein_coding,1827220,1828323,1824546,1825934,FALSE,TRUE,TGCTATGAGGCGATA,TTACTGAAGGGTCCT,ATG,-3.60793,10,TRUE,TRUE,-4.778055,7
NZ_CP025209.1,CDS,1827220,1828323,-,ID=gene-AL06_RS08955;Dbxref=GeneID:69500053;Name=AL06_RS08955;gbkey=Gene;gene_biotype=protein_coding;locus_tag=AL06_RS08955;old_locus_tag=CXF52_RS08960,AL06_RS08955,protein_coding,1829127,1829199,1825924,1827216,FALSE,FALSE,TGGAAGGGGGCTTGT,TGCTATGAGGCGATA,GTG,-9.241975,11,TRUE,TRUE,-3.60793,10
NZ_CP025209.1,CDS,1828421,1829086,+,ID=gene-AL06_RS08960;Dbxref=GeneID:69500054;Name=AL06_RS08960;gbkey=Gene;gene_biotype=protein_coding;locus_tag=AL06_RS08960;old_locus_tag=CXF52_RS08965,AL06_RS08960,protein_coding,1822920,1823753,1832274,1832561,FALSE,FALSE,AAAGAAAAAGGAGTG,CGTAGTAAAATCGCA,ATG,-7.81615,6,TRUE,FALSE,1.1151,16
NZ_CP025209.1,tRNA,1829127,1829199,-,ID=gene-AL06_RS08965;Dbxref=GeneID:69500055;Name=AL06_RS08965;gbkey=Gene;gene_biotype=tRNA;locus_tag=AL06_RS08965;old_locus_tag=CXF52_RS08970,AL06_RS08965,tRNA,1829287,1830021,1827220,1828323,FALSE,FALSE,TCTTTGATCTTAGTT,TGGAAGGGGGCTTGT,GGG,1.1151,8,FALSE,TRUE,-9.241975,11
NZ_CP025209.1,CDS,1829287,1830021,-,ID=gene-AL06_RS08970;Dbxref=GeneID:69500056;Name=AL06_RS08970;gbkey=Gene;gene_biotype=protein_coding;locus_tag=AL06_RS08970;old_locus_tag=CXF52_RS08975,AL06_RS08970,protein_coding,1830071,1830523,1829127,1829199,FALSE,FALSE,ACCAACCCAAGGTGA,TCTTTGATCTTAGTT,GTG,-3.82996,7,TRUE,FALSE,1.1151,8
NZ_CP025209.1,CDS,1830071,1830523,-,ID=gene-AL06_RS08975;Dbxref=GeneID:69500057;Name=AL06_RS08975;gbkey=Gene;gene_biotype=protein_coding;locus_tag=AL06_RS08975;old_locus_tag=CXF52_RS08980,AL06_RS08975,protein_coding,1830571,1832208,1829287,1830021,FALSE,FALSE,TAAAACTTCAAAGAA,ACCAACCCAAGGTGA,GTG,0.9151,8,FALSE,TRUE,-3.82996,7
NZ_CP025209.1,CDS,1830571,1832208,-,ID=gene-AL06_RS08980;Dbxref=GeneID:69500058;Name=pgm;gbkey=Gene;gene=pgm;gene_biotype=protein_coding;locus_tag=AL06_RS08980;old_locus_tag=CXF52_RS08985,pgm,protein_coding,1832869,1835433,1830071,1830523,FALSE,FALSE,GCGTTGCAGGAGCAG,TAAAACTTCAAAGAA,ATG,-8.31615,6,TRUE,FALSE,0.9151,8
NZ_CP025209.1,CDS,1832274,1832561,+,ID=gene-AL06_RS08985;Dbxref=GeneID:69500059;Name=AL06_RS08985;gbkey=Gene;gene_biotype=protein_coding;locus_tag=AL06_RS08985;old_locus_tag=CXF52_RS08990,AL06_RS08985,protein_coding,1828421,1829086,1832558,1832872,FALSE,TRUE,CGTAGTAAAATCGCA,TCGGCGATCGGTTCG,ATG,1.1151,16,FALSE,FALSE,-1.469835,8
NZ_CP025209.1,CDS,1832558,1832872,+,ID=gene-AL06_RS08990;Dbxref=GeneID:69500060;Name=AL06_RS08990;gbkey=Gene;gene_biotype=protein_coding;locus_tag=AL06_RS08990;old_locus_tag=CXF52_RS08995,AL06_RS08990,protein_coding,1832274,1832561,1843799,1844374,TRUE,FALSE,TCGGCGATCGGTTCG,TATCGCGTAGGTTTG,ATG,-1.469835,8,FALSE,TRUE,-3.82996,8
NZ_CP025209.1,CDS,1832869,1835433,-,ID=gene-AL06_RS08995;Dbxref=GeneID:69500061;Name=AL06_RS08995;gbkey=Gene;gene_biotype=protein_coding;locus_tag=AL06_RS08995;old_locus_tag=CXF52_RS09000,AL06_RS08995,protein_coding,1835434,1836183,1830571,1832208,FALSE,FALSE,CATTGAGGAGCTTGC,GCGTTGCAGGAGCAG,ATG,-6.768055,11,TRUE,TRUE,-8.31615,6
NZ_CP025209.1,CDS,1835434,1836183,-,ID=gene-AL06_RS09000;Dbxref=GeneID:69500062;Name=AL06_RS09000;gbkey=Gene;gene_biotype=protein_coding;locus_tag=AL06_RS09000;old_locus_tag=CXF52_RS09005,AL06_RS09000,protein_coding,1836739,1836855,1832869,1835433,FALSE,FALSE,GTTTTCTGATTGGAA,CATTGAGGAGCTTGC,ATG,-1.247805,6,FALSE,TRUE,-6.768055,11
NZ_CP025209.1,rRNA,1836739,1836855,-,ID=gene-AL06_RS09005;Dbxref=GeneID:69500063;Name=rrf;gbkey=Gene;gene=rrf;gene_biotype=rRNA;locus_tag=AL06_RS09005;old_locus_tag=CXF52_RS09010,rrf,rRNA,1837001,1840086,1835434,1836183,FALSE,FALSE,TGGGTGGTTGGTTGT,GTTTTCTGATTGGAA,GTT,-4.478815,12,TRUE,FALSE,-1.247805,6
NZ_CP025209.1,rRNA,1837001,1840086,-,ID=gene-AL06_RS09010;Dbxref=GeneID:69500064;Name=AL06_RS09010;gbkey=Gene;gene_biotype=rRNA;locus_tag=AL06_RS09010;old_locus_tag=CXF52_RS09015,AL06_RS09010,rRNA,1840451,1841969,1836739,1836855,FALSE,FALSE,TGTTTTGTTTGTTAC,TGGGTGGTTGGTTGT,GTG,1.77826,17,FALSE,TRUE,-4.478815,12
NZ_CP025209.1,rRNA,1840451,1841969,-,ID=gene-AL06_RS09015;Dbxref=GeneID:69500065;Name=AL06_RS09015;gbkey=Gene;gene_biotype=rRNA;locus_tag=AL06_RS09015;old_locus_tag=CXF52_RS09020,AL06_RS09015,rRNA,1842504,1843760,1837001,1840086,FALSE,FALSE,TTGGTCTTTTGACTG,TGTTTTGTTTGTTAC,TTT,-1.469835,15,FALSE,FALSE,1.77826,17
NZ_CP025209.1,CDS,1842504,1843760,-,ID=gene-AL06_RS09025;Dbxref=GeneID:69500066;Name=murA;gbkey=Gene;gene=murA;gene_biotype=protein_coding;locus_tag=AL06_RS09025;old_locus_tag=CXF52_RS09030,murA,protein_coding,1844427,1845272,1840451,1841969,FALSE,FALSE,ACTCAGTAGGGTTGG,TTGGTCTTTTGACTG,GTG,-7.641975,6,TRUE,FALSE,-1.469835,15
NZ_CP025209.1,CDS,1843799,1844374,+,ID=gene-AL06_RS09030;Dbxref=GeneID:69500067;Name=AL06_RS09030;gbkey=Gene;gene_biotype=protein_coding;locus_tag=AL06_RS09030;old_locus_tag=CXF52_RS09035,AL06_RS09030,protein_coding,1832558,1832872,1845955,1846890,FALSE,FALSE,TATCGCGTAGGTTTG,AAATAAAGGACGTCA,ATG,-3.82996,8,TRUE,TRUE,-4.40793,11
NZ_CP025209.1,CDS,1844427,1845272,-,ID=gene-AL06_RS09035;Dbxref=GeneID:69500068;Name=AL06_RS09035;gbkey=Gene;gene_biotype=protein_coding;locus_tag=AL06_RS09035;old_locus_tag=CXF52_RS09040,AL06_RS09035,protein_coding,1847615,1847896,1842504,1843760,FALSE,FALSE,CTGATCAGACAGGAG,ACTCAGTAGGGTTGG,ATG,-7.268055,6,TRUE,TRUE,-7.641975,6
NZ_CP025209.1,CDS,1845955,1846890,+,ID=gene-AL06_RS09040;Dbxref=GeneID:69500069;Name=cysK;gbkey=Gene;gene=cysK;gene_biotype=protein_coding;locus_tag=AL06_RS09040;old_locus_tag=CXF52_RS09045,cysK,protein_coding,1843799,1844374,1846995,1847561,FALSE,FALSE,AAATAAAGGACGTCA,ACTGATAGAGTCGAT,ATG,-4.40793,11,TRUE,FALSE,-0.507930000000002,7
NZ_CP025209.1,CDS,1846995,1847561,+,ID=gene-AL06_RS09045;Dbxref=GeneID:69500070;Name=cysE;gbkey=Gene;gene=cysE;gene_biotype=protein_coding;locus_tag=AL06_RS09045;old_locus_tag=CXF52_RS09050,cysE,protein_coding,1845955,1846890,1855442,1856671,FALSE,FALSE,ACTGATAGAGTCGAT,AATCTTGGAGGATTC,ATG,-0.507930000000002,7,FALSE,TRUE,-6.856025,9
NZ_CP025209.1,CDS,1847615,1847896,-,ID=gene-AL06_RS09050;Dbxref=GeneID:69500071;Name=AL06_RS09050;gbkey=Gene;gene_biotype=protein_coding;locus_tag=AL06_RS09050;old_locus_tag=CXF52_RS09055,AL06_RS09050,protein_coding,1847990,1848062,1844427,1845272,FALSE,FALSE,GGAACTAGAGGAGGC,CTGATCAGACAGGAG,ATG,-10.01615,7,TRUE,TRUE,-7.268055,6
NZ_CP025209.1,tRNA,1847990,1848062,-,ID=gene-AL06_RS09055;Dbxref=GeneID:69500072;Name=AL06_RS09055;gbkey=Gene;gene_biotype=tRNA;locus_tag=AL06_RS09055;old_locus_tag=CXF52_RS09060,AL06_RS09055,tRNA,1848085,1848158,1847615,1847896,FALSE,FALSE,GACTGTTCTTGCAGT,GGAACTAGAGGAGGC,GGC,1.2151,7,FALSE,TRUE,-10.01615,7
NZ_CP025209.1,tRNA,1848085,1848158,-,ID=gene-AL06_RS09060;Dbxref=GeneID:69500073;Name=AL06_RS09060;gbkey=Gene;gene_biotype=tRNA;locus_tag=AL06_RS09060;old_locus_tag=CXF52_RS09065,AL06_RS09060,tRNA,1848278,1849354,1847990,1848062,FALSE,FALSE,TCCCAAGTACAGCCT,GACTGTTCTTGCAGT,GGC,0.9151,14,FALSE,FALSE,1.2151,7
NZ_CP025209.1,CDS,1848278,1849354,-,ID=gene-AL06_RS09065;Dbxref=GeneID:69500074;Name=AL06_RS09065;gbkey=Gene;gene_biotype=protein_coding;locus_tag=AL06_RS09065;old_locus_tag=CXF52_RS09070,AL06_RS09065,protein_coding,1849528,1849601,1848085,1848158,FALSE,FALSE,GCTTACTTGAGGTGG,TCCCAAGTACAGCCT,ATG,-5.904895,7,TRUE,FALSE,0.9151,14
NZ_CP025209.1,tRNA,1849528,1849601,-,ID=gene-AL06_RS09070;Dbxref=GeneID:69500075;Name=AL06_RS09070;gbkey=Gene;gene_biotype=tRNA;locus_tag=AL06_RS09070;old_locus_tag=CXF52_RS09075,AL06_RS09070,tRNA,1849628,1849703,1848278,1849354,FALSE,FALSE,TTCGTGGGCATATAA,GCTTACTTGAGGTGG,GGC,-1.29604,12,FALSE,TRUE,-5.904895,7
NZ_CP025209.1,tRNA,1849628,1849703,-,ID=gene-AL06_RS09075;Dbxref=GeneID:69500076;Name=AL06_RS09075;gbkey=Gene;gene_biotype=tRNA;locus_tag=AL06_RS09075;old_locus_tag=CXF52_RS09080,AL06_RS09075,tRNA,1849797,1850564,1849528,1849601,FALSE,FALSE,GCTGTCTTGTAACAG,TTCGTGGGCATATAA,GCT,0.4151,6,FALSE,FALSE,-1.29604,12
NZ_CP025209.1,CDS,1849797,1850564,-,ID=gene-AL06_RS09080;Dbxref=GeneID:69500077;Name=AL06_RS09080;gbkey=Gene;gene_biotype=protein_coding;locus_tag=AL06_RS09080;old_locus_tag=CXF52_RS09085,AL06_RS09080,protein_coding,1850571,1851578,1849628,1849703,FALSE,FALSE,CGCGGGAATGTAACG,GCTGTCTTGTAACAG,GTG,-2.79374,5,FALSE,FALSE,0.4151,6
NZ_CP025209.1,CDS,1850571,1851578,-,ID=gene-AL06_RS09085;Dbxref=GeneID:69500078;Name=AL06_RS09085;gbkey=Gene;gene_biotype=protein_coding;locus_tag=AL06_RS09085;old_locus_tag=CXF52_RS09090,AL06_RS09085,protein_coding,1851599,1852612,1849797,1850564,FALSE,FALSE,AATAAAAAGGAGTAA,CGCGGGAATGTAACG,ATG,-6.768055,9,TRUE,FALSE,-2.79374,5
NZ_CP025209.1,CDS,1851599,1852612,-,ID=gene-AL06_RS09090;Dbxref=GeneID:69500079;Name=AL06_RS09090;gbkey=Gene;gene_biotype=protein_coding;locus_tag=AL06_RS09090;old_locus_tag=CXF52_RS09095,AL06_RS09090,protein_coding,1852899,1853762,1850571,1851578,FALSE,FALSE,CTGTGCTACCGTGAA,AATAAAAAGGAGTAA,GTG,1.77826,16,FALSE,TRUE,-6.768055,9
NZ_CP025209.1,CDS,1852899,1853762,-,ID=gene-AL06_RS09095;Dbxref=GeneID:69500080;Name=AL06_RS09095;gbkey=Gene;gene_biotype=protein_coding;locus_tag=AL06_RS09095;old_locus_tag=CXF52_RS09100,AL06_RS09095,protein_coding,1854008,1854652,1851599,1852612,FALSE,FALSE,TAAGCAGGCTGCCCG,CTGTGCTACCGTGAA,GTG,-2.032995,13,FALSE,FALSE,1.77826,16
NZ_CP025209.1,CDS,1854008,1854652,-,ID=gene-AL06_RS09100;Dbxref=GeneID:69500081;Name=AL06_RS09100;gbkey=Gene;gene_biotype=protein_coding;locus_tag=AL06_RS09100;old_locus_tag=CXF52_RS09105,AL06_RS09100,protein_coding,1854746,1855081,1852899,1853762,FALSE,FALSE,GGTGGTTTCCTTACC,TAAGCAGGCTGCCCG,GTG,-1.569835,17,FALSE,FALSE,-2.032995,13
NZ_CP025209.1,CDS,1854746,1855081,-,ID=gene-AL06_RS09105;Dbxref=GeneID:69500082;Name=AL06_RS09105;gbkey=Gene;gene_biotype=protein_coding;locus_tag=AL06_RS09105;old_locus_tag=CXF52_RS09110,AL06_RS09105,protein_coding,1856858,1857154,1854008,1854652,FALSE,FALSE,TTTTGTTCCGTTTGA,GGTGGTTTCCTTACC,ATG,1.77826,14,FALSE,FALSE,-1.569835,17
NZ_CP025209.1,CDS,1855442,1856671,+,ID=gene-AL06_RS09115;Dbxref=GeneID:69500084;Name=AL06_RS09115;gbkey=Gene;gene_biotype=protein_coding;locus_tag=AL06_RS09115;old_locus_tag=CXF52_RS09120,AL06_RS09115,protein_coding,1846995,1847561,1856668,1856823,FALSE,TRUE,AATCTTGGAGGATTC,CGAGGGGTTTTTCGG,ATG,-6.856025,9,TRUE,TRUE,-7.22615,12
NZ_CP025209.1,CDS,1856668,1856823,+,ID=gene-AL06_RS12255;Dbxref=GeneID:69500633;Name=AL06_RS12255;gbkey=Gene;gene_biotype=protein_coding;locus_tag=AL06_RS12255,AL06_RS12255,protein_coding,1855442,1856671,1860460,1860807,TRUE,FALSE,CGAGGGGTTTTTCGG,GATTAGGGAAAAGGC,ATG,-7.22615,12,TRUE,TRUE,-5.61615,7
NZ_CP025209.1,CDS,1856858,1857154,-,ID=gene-AL06_RS09120;Dbxref=GeneID:69500085;Name=AL06_RS09120;gbkey=Gene;gene_biotype=protein_coding;locus_tag=AL06_RS09120;old_locus_tag=CXF52_RS09125,AL06_RS09120,protein_coding,1857266,1857469,1854746,1855081,FALSE,FALSE,GAGACGTCTCTTTTA,TTTTGTTCCGTTTGA,ATG,-3.004895,13,FALSE,FALSE,1.77826,14
NZ_CP025209.1,CDS,1857266,1857469,-,ID=gene-AL06_RS09125;Dbxref=GeneID:69500086;Name=AL06_RS09125;gbkey=Gene;gene_biotype=protein_coding;locus_tag=AL06_RS09125;old_locus_tag=CXF52_RS09130,AL06_RS09125,protein_coding,1857686,1858282,1856858,1857154,FALSE,FALSE,TCAAGATGTTAGGAG,GAGACGTCTCTTTTA,GTG,-7.368055,6,TRUE,FALSE,-3.004895,13
NZ_CP025209.1,CDS,1857686,1858282,-,ID=gene-AL06_RS09130;Dbxref=GeneID:69500087;Name=AL06_RS09130;gbkey=Gene;gene_biotype=protein_coding;locus_tag=AL06_RS09130;old_locus_tag=CXF52_RS09135,AL06_RS09130,protein_coding,1858283,1858642,1857266,1857469,FALSE,FALSE,CGGAGAGGGGAACAG,TCAAGATGTTAGGAG,GTG,-6.741975,6,TRUE,TRUE,-7.368055,6
NZ_CP025209.1,CDS,1858283,1858642,-,ID=gene-AL06_RS09135;Dbxref=GeneID:69500088;Name=AL06_RS09135;gbkey=Gene;gene_biotype=protein_coding;locus_tag=AL06_RS09135;old_locus_tag=CXF52_RS09140,AL06_RS09135,protein_coding,1859295,1859423,1857686,1858282,FALSE,FALSE,CAGCTGTATAGTTCA,CGGAGAGGGGAACAG,ATG,1.1151,10,FALSE,TRUE,-6.741975,6
NZ_CP025209.1,CDS,1859295,1859423,-,ID=gene-AL06_RS12430;Dbxref=GeneID:77100358;Name=AL06_RS12430;gbkey=Gene;gene_biotype=protein_coding;locus_tag=AL06_RS12430,AL06_RS12430,protein_coding,1859966,1860124,1858283,1858642,FALSE,FALSE,GCAATGCTCCCACAA,CAGCTGTATAGTTCA,ATG,3.875225,15,FALSE,FALSE,1.1151,10
NZ_CP025209.1,CDS,1859966,1860124,-,ID=gene-AL06_RS11735;Dbxref=GeneID:69500536;Name=AL06_RS11735;gbkey=Gene;gene_biotype=protein_coding;locus_tag=AL06_RS11735,AL06_RS11735,protein_coding,1863337,1863540,1859295,1859423,FALSE,FALSE,GAGCCAGGGGCAAAT,GCAATGCTCCCACAA,ATG,-5.69388,11,TRUE,FALSE,3.875225,15
NZ_CP025209.1,CDS,1860460,1860807,+,ID=gene-AL06_RS09150;Dbxref=GeneID:69500089;Name=AL06_RS09150;gbkey=Gene;gene_biotype=protein_coding;locus_tag=AL06_RS09150;old_locus_tag=CXF52_RS09155,AL06_RS09150,protein_coding,1856668,1856823,1860840,1861535,FALSE,FALSE,GATTAGGGAAAAGGC,GACATAGAAAGTTTG,ATG,-5.61615,7,TRUE,FALSE,0.9151,10
NZ_CP025209.1,CDS,1860840,1861535,+,ID=gene-AL06_RS09155;Dbxref=GeneID:69500090;Name=AL06_RS09155;gbkey=Gene;gene_biotype=protein_coding;locus_tag=AL06_RS09155;old_locus_tag=CXF52_RS09160,AL06_RS09155,protein_coding,1860460,1860807,1862104,1863075,FALSE,FALSE,GACATAGAAAGTTTG,ACCGCTGAGGCATAC,ATG,0.9151,10,FALSE,TRUE,-3.60793,10
NZ_CP025209.1,CDS,1862104,1863075,+,ID=gene-AL06_RS09165;Dbxref=GeneID:69500091;Name=AL06_RS09165;gbkey=Gene;gene_biotype=protein_coding;locus_tag=AL06_RS09165;old_locus_tag=CXF52_RS09170,AL06_RS09165,protein_coding,1860840,1861535,1863613,1863945,FALSE,FALSE,ACCGCTGAGGCATAC,GGAAGGTGGACTGCG,ATG,-3.60793,10,TRUE,TRUE,-5.35299,13
NZ_CP025209.1,CDS,1863337,1863540,-,ID=gene-AL06_RS11740;Dbxref=GeneID:69500537;Name=AL06_RS11740;gbkey=Gene;gene_biotype=protein_coding;locus_tag=AL06_RS11740,AL06_RS11740,protein_coding,1864023,1864784,1859966,1860124,FALSE,FALSE,AGATTACTGCAAATG,GAGCCAGGGGCAAAT,ATG,1.5151,18,FALSE,TRUE,-5.69388,11
NZ_CP025209.1,CDS,1863613,1863945,+,ID=gene-AL06_RS09170;Dbxref=GeneID:69500092;Name=AL06_RS09170;gbkey=Gene;gene_biotype=protein_coding;locus_tag=AL06_RS09170;old_locus_tag=CXF52_RS09175,AL06_RS09170,protein_coding,1862104,1863075,1866069,1867580,FALSE,FALSE,GGAAGGTGGACTGCG,CGCAGAAAGTTCTCC,GTG,-5.35299,13,TRUE,FALSE,0.9151,12
NZ_CP025209.1,CDS,1864023,1864784,-,ID=gene-AL06_RS12265;Dbxref=GeneID:69500635;Name=AL06_RS12265;gbkey=Gene;gene_biotype=protein_coding;locus_tag=AL06_RS12265,AL06_RS12265,protein_coding,1865210,1865359,1863337,1863540,FALSE,FALSE,TTCCGTTATATATGC,AGATTACTGCAAATG,ATT,1.77826,14,FALSE,FALSE,1.5151,18
NZ_CP025209.1,CDS,1865210,1865359,-,ID=gene-AL06_RS12275;Dbxref=GeneID:69500637;Name=AL06_RS12275;gbkey=Gene;gene_biotype=protein_coding;locus_tag=AL06_RS12275,AL06_RS12275,protein_coding,1865480,1865552,1864023,1864784,FALSE,FALSE,AATCTTGGATGATTC,TTCCGTTATATATGC,ATG,-1.247805,11,FALSE,FALSE,1.77826,14
NZ_CP025209.1,tRNA,1865480,1865552,-,ID=gene-AL06_RS09180;Dbxref=GeneID:69500093;Name=AL06_RS09180;gbkey=Gene;gene_biotype=tRNA;locus_tag=AL06_RS09180;old_locus_tag=CXF52_RS09185,AL06_RS09180,tRNA,1871753,1873267,1865210,1865359,FALSE,FALSE,CGCTTAAAGAATATG,AATCTTGGATGATTC,GGG,0.9151,12,FALSE,FALSE,-1.247805,11
NZ_CP025209.1,CDS,1866069,1867580,+,ID=gene-AL06_RS09185;Dbxref=GeneID:69500094;Name=AL06_RS09185;gbkey=Gene;gene_biotype=protein_coding;locus_tag=AL06_RS09185;old_locus_tag=CXF52_RS09190,AL06_RS09185,protein_coding,1863613,1863945,1867588,1868562,FALSE,FALSE,CGCAGAAAGTTCTCC,GGTAAGGAGTAACAC,ATG,0.9151,12,FALSE,TRUE,-6.768055,12
NZ_CP025209.1,CDS,1867588,1868562,+,ID=gene-AL06_RS09190;Dbxref=GeneID:69500095;Name=cydB;gbkey=Gene;gene=cydB;gene_biotype=protein_coding;locus_tag=AL06_RS09190;old_locus_tag=CXF52_RS09195,cydB,protein_coding,1866069,1867580,1868559,1870130,FALSE,TRUE,GGTAAGGAGTAACAC,TTAGGCAACGAGTGC,ATG,-6.768055,12,TRUE,FALSE,-2.132995,16
NZ_CP025209.1,CDS,1868559,1870130,+,ID=gene-AL06_RS09195;Dbxref=GeneID:69500096;Name=AL06_RS09195;gbkey=Gene;gene_biotype=protein_coding;locus_tag=AL06_RS09195;old_locus_tag=CXF52_RS09200,AL06_RS09195,protein_coding,1867588,1868562,1870127,1871674,TRUE,TRUE,TTAGGCAACGAGTGC,CCGACCAGGTGATCG,GTG,-2.132995,16,FALSE,TRUE,-3.82996,10
NZ_CP025209.1,CDS,1870127,1871674,+,ID=gene-AL06_RS09200;Dbxref=GeneID:69500097;Name=cydC;gbkey=Gene;gene=cydC;gene_biotype=protein_coding;locus_tag=AL06_RS09200;old_locus_tag=CXF52_RS09205,cydC,protein_coding,1868559,1870130,1873607,1874752,TRUE,FALSE,CCGACCAGGTGATCG,AGGGGGAACAATAGT,ATG,-3.82996,10,TRUE,TRUE,-8.441975,14
NZ_CP025209.1,CDS,1871753,1873267,-,ID=gene-AL06_RS09205;Dbxref=GeneID:69500098;Name=AL06_RS09205;gbkey=Gene;gene_biotype=protein_coding;locus_tag=AL06_RS09205;old_locus_tag=CXF52_RS09210,AL06_RS09205,protein_coding,1875673,1875885,1865480,1865552,FALSE,FALSE,CGTTGTTGAGGAGGA,CGCTTAAAGAATATG,ATG,-10.01615,7,TRUE,FALSE,0.9151,12
NZ_CP025209.1,CDS,1873607,1874752,+,ID=gene-AL06_RS09210;Dbxref=GeneID:69500099;Name=dusB;gbkey=Gene;gene=dusB;gene_biotype=protein_coding;locus_tag=AL06_RS09210;old_locus_tag=CXF52_RS09215,dusB,protein_coding,1870127,1871674,1874771,1875523,FALSE,FALSE,AGGGGGAACAATAGT,ACACCTATATAGTTG,GTG,-8.441975,14,TRUE,FALSE,1.1151,9
NZ_CP025209.1,CDS,1874771,1875523,+,ID=gene-AL06_RS09215;Dbxref=GeneID:69500100;Name=phoU;gbkey=Gene;gene=phoU;gene_biotype=protein_coding;locus_tag=AL06_RS09215;old_locus_tag=CXF52_RS09220,phoU,protein_coding,1873607,1874752,1877260,1878063,FALSE,FALSE,ACACCTATATAGTTG,TAGTGGTAAAAATAA,ATG,1.1151,9,FALSE,FALSE,-1.569835,13
NZ_CP025209.1,CDS,1875673,1875885,-,ID=gene-AL06_RS09220;Dbxref=GeneID:69500101;Name=AL06_RS09220;gbkey=Gene;gene_biotype=protein_coding;locus_tag=AL06_RS09220;old_locus_tag=CXF52_RS09225,AL06_RS09220,protein_coding,1876053,1876259,1871753,1873267,FALSE,FALSE,GTAAAGCGAAGGACC,CGTTGTTGAGGAGGA,ATG,-4.40793,8,TRUE,TRUE,-10.01615,7
NZ_CP025209.1,CDS,1876053,1876259,-,ID=gene-AL06_RS09225;Dbxref=GeneID:69500102;Name=AL06_RS09225;gbkey=Gene;gene_biotype=protein_coding;locus_tag=AL06_RS09225;old_locus_tag=CXF52_RS09230,AL06_RS09225,protein_coding,1876310,1877221,1875673,1875885,FALSE,FALSE,AGAGAGGCATGAACT,GTAAAGCGAAGGACC,ATG,-3.60793,13,TRUE,TRUE,-4.40793,8
NZ_CP025209.1,CDS,1876310,1877221,-,ID=gene-AL06_RS09230;Dbxref=GeneID:69500103;Name=mshD;gbkey=Gene;gene=mshD;gene_biotype=protein_coding;locus_tag=AL06_RS09230;old_locus_tag=CXF52_RS09235,mshD,protein_coding,1878103,1879125,1876053,1876259,FALSE,FALSE,GGTGCGTAGGGTGGG,AGAGAGGCATGAACT,ATG,-7.641975,6,TRUE,TRUE,-3.60793,13
NZ_CP025209.1,CDS,1877260,1878063,+,ID=gene-AL06_RS09235;Dbxref=GeneID:69500104;Name=AL06_RS09235;gbkey=Gene;gene_biotype=protein_coding;locus_tag=AL06_RS09235;old_locus_tag=CXF52_RS09240,AL06_RS09235,protein_coding,1874771,1875523,1879195,1879842,FALSE,FALSE,TAGTGGTAAAAATAA,ACAAGTAGGCTGGTG,GTG,-1.569835,13,FALSE,TRUE,-3.741975,6
NZ_CP025209.1,CDS,1878103,1879125,-,ID=gene-AL06_RS09240;Dbxref=GeneID:69500105;Name=AL06_RS09240;gbkey=Gene;gene_biotype=protein_coding;locus_tag=AL06_RS09240;old_locus_tag=CXF52_RS09245,AL06_RS09240,protein_coding,1879849,1880745,1876310,1877221,FALSE,FALSE,TGGCGATAAGGTGGG,GGTGCGTAGGGTGGG,GTG,-7.041975,6,TRUE,TRUE,-7.641975,6
NZ_CP025209.1,CDS,1879195,1879842,+,ID=gene-AL06_RS09245;Dbxref=GeneID:69500106;Name=AL06_RS09245;gbkey=Gene;gene_biotype=protein_coding;locus_tag=AL06_RS09245;old_locus_tag=CXF52_RS09250,AL06_RS09245,protein_coding,1877260,1878063,1880841,1881902,FALSE,FALSE,ACAAGTAGGCTGGTG,TACATATTCCAGCCC,ATG,-3.741975,6,TRUE,FALSE,1.2151,9
NZ_CP025209.1,CDS,1879849,1880745,-,ID=gene-AL06_RS09250;Dbxref=GeneID:69500107;Name=AL06_RS09250;gbkey=Gene;gene_biotype=protein_coding;locus_tag=AL06_RS09250;old_locus_tag=CXF52_RS09255,AL06_RS09250,protein_coding,1882464,1883528,1878103,1879125,FALSE,FALSE,AGCGGGCATAATGAA,TGGCGATAAGGTGGG,ATG,-1.29604,14,FALSE,TRUE,-7.041975,6
NZ_CP025209.1,CDS,1880841,1881902,+,ID=gene-AL06_RS09255;Dbxref=GeneID:69500108;Name=AL06_RS09255;gbkey=Gene;gene_biotype=protein_coding;locus_tag=AL06_RS09255;old_locus_tag=CXF52_RS09260,AL06_RS09255,protein_coding,1879195,1879842,1882124,1882330,FALSE,FALSE,TACATATTCCAGCCC,ACTCCAAGGGGGTCA,TTG,1.2151,9,FALSE,TRUE,-11.53894,8
NZ_CP025209.1,CDS,1882124,1882330,+,ID=gene-AL06_RS09260;Dbxref=GeneID:69500109;Name=AL06_RS09260;gbkey=Gene;gene_biotype=protein_coding;locus_tag=AL06_RS09260;old_locus_tag=CXF52_RS09265,AL06_RS09260,protein_coding,1880841,1881902,1886863,1887288,FALSE,FALSE,ACTCCAAGGGGGTCA,ACACCGCAAGGAGGC,ATG,-11.53894,8,TRUE,TRUE,-10.01615,7
NZ_CP025209.1,CDS,1882464,1883528,-,ID=gene-AL06_RS09265;Dbxref=GeneID:69500110;Name=purM;gbkey=Gene;gene=purM;gene_biotype=protein_coding;locus_tag=AL06_RS09265;old_locus_tag=CXF52_RS09270,purM,protein_coding,1883588,1885156,1879849,1880745,FALSE,FALSE,AGGATTACAGGTCCC,AGCGGGCATAATGAA,ATG,-6.713115,8,TRUE,FALSE,-1.29604,14
NZ_CP025209.1,CDS,1883588,1885156,-,ID=gene-AL06_RS09270;Dbxref=GeneID:69500111;Name=purF;gbkey=Gene;gene=purF;gene_biotype=protein_coding;locus_tag=AL06_RS09270;old_locus_tag=CXF52_RS09275,purF,protein_coding,1885203,1885598,1882464,1883528,FALSE,FALSE,GCATTAGTGCAACGT,AGGATTACAGGTCCC,ATG,1.1151,14,FALSE,TRUE,-6.713115,8
NZ_CP025209.1,CDS,1885203,1885598,-,ID=gene-AL06_RS09275;Dbxref=GeneID:69500112;Name=AL06_RS09275;gbkey=Gene;gene_biotype=protein_coding;locus_tag=AL06_RS09275;old_locus_tag=CXF52_RS09280,AL06_RS09275,protein_coding,1885940,1886593,1883588,1885156,FALSE,FALSE,ATACCGGAGGTACAA,GCATTAGTGCAACGT,ATG,-9.25299,9,TRUE,FALSE,1.1151,14
NZ_CP025209.1,CDS,1885940,1886593,-,ID=gene-AL06_RS09285;Dbxref=GeneID:69500113;Name=AL06_RS09285;gbkey=Gene;gene_biotype=protein_coding;locus_tag=AL06_RS09285;old_locus_tag=CXF52_RS09290,AL06_RS09285,protein_coding,1890032,1890502,1885203,1885598,FALSE,FALSE,GGTCGAATAACGCCG,ATACCGGAGGTACAA,ATC,-1.569835,17,FALSE,TRUE,-9.25299,9
NZ_CP025209.1,CDS,1886863,1887288,+,ID=gene-AL06_RS09290;Dbxref=GeneID:69500114;Name=nrdI;gbkey=Gene;gene=nrdI;gene_biotype=protein_coding;locus_tag=AL06_RS09290;old_locus_tag=CXF52_RS09295,nrdI,protein_coding,1882124,1882330,1887285,1888310,FALSE,TRUE,ACACCGCAAGGAGGC,TTCGAGAAAGGACCA,GTG,-10.01615,7,TRUE,TRUE,-4.40793,9
NZ_CP025209.1,CDS,1887285,1888310,+,ID=gene-AL06_RS09295;Dbxref=GeneID:69500115;Name=nrdF;gbkey=Gene;gene=nrdF;gene_biotype=protein_coding;locus_tag=AL06_RS09295;old_locus_tag=CXF52_RS09300,nrdF,protein_coding,1886863,1887288,1899921,1900346,TRUE,FALSE,TTCGAGAAAGGACCA,ACGCGGTACCGTAGA,ATG,-4.40793,9,TRUE,FALSE,-1.569835,13
NZ_CP025209.1,CDS,1890032,1890502,-,ID=gene-AL06_RS09315;Dbxref=GeneID:69500116;Name=AL06_RS09315;gbkey=Gene;gene_biotype=protein_coding;locus_tag=AL06_RS09315;old_locus_tag=CXF52_RS09320,AL06_RS09315,protein_coding,1890504,1892633,1885940,1886593,FALSE,FALSE,ACCGGAAAGGAATCC,GGTCGAATAACGCCG,ATG,-4.40793,10,TRUE,FALSE,-1.569835,17
NZ_CP025209.1,CDS,1890504,1892633,-,ID=gene-AL06_RS09320;Dbxref=GeneID:69500117;Name=AL06_RS09320;gbkey=Gene;gene_biotype=protein_coding;locus_tag=AL06_RS09320;old_locus_tag=CXF52_RS09325,AL06_RS09320,protein_coding,1892924,1893817,1890032,1890502,FALSE,FALSE,ATCGGCTACGATCGT,ACCGGAAAGGAATCC,ATG,0.827129999999999,15,FALSE,TRUE,-4.40793,10
NZ_CP025209.1,CDS,1892924,1893817,-,ID=gene-AL06_RS09330;Dbxref=GeneID:69500118;Name=AL06_RS09330;gbkey=Gene;gene_biotype=protein_coding;locus_tag=AL06_RS09330;old_locus_tag=CXF52_RS09335,AL06_RS09330,protein_coding,1893903,1895342,1890504,1892633,FALSE,FALSE,AGGTCTAGACTGCTT,ATCGGCTACGATCGT,ATG,-4.02996,16,TRUE,FALSE,0.827129999999999,15
NZ_CP025209.1,CDS,1893903,1895342,-,ID=gene-AL06_RS09335;Dbxref=GeneID:69500119;Name=purB;gbkey=Gene;gene=purB;gene_biotype=protein_coding;locus_tag=AL06_RS09335;old_locus_tag=CXF52_RS09340,purB,protein_coding,1895342,1896478,1892924,1893817,TRUE,FALSE,TGCGCACGTTCATGC,AGGTCTAGACTGCTT,ATG,1.77826,11,FALSE,TRUE,-4.02996,16
NZ_CP025209.1,CDS,1895342,1896478,-,ID=gene-AL06_RS09340;Dbxref=GeneID:69500120;Name=AL06_RS09340;gbkey=Gene;gene_biotype=protein_coding;locus_tag=AL06_RS09340;old_locus_tag=CXF52_RS09345,AL06_RS09340,protein_coding,1896489,1897145,1893903,1895342,FALSE,TRUE,TTGGACTAGCGTGTC,TGCGCACGTTCATGC,ATG,-2.15299,6,FALSE,FALSE,1.77826,11
NZ_CP025209.1,CDS,1896489,1897145,-,ID=gene-AL06_RS09345;Dbxref=GeneID:69500121;Name=AL06_RS09345;gbkey=Gene;gene_biotype=protein_coding;locus_tag=AL06_RS09345;old_locus_tag=CXF52_RS09350,AL06_RS09345,protein_coding,1897138,1898472,1895342,1896478,TRUE,FALSE,CCTGTAGAAAGGCTG,TTGGACTAGCGTGTC,TTG,-2.332995,9,FALSE,FALSE,-2.15299,6
NZ_CP025209.1,CDS,1897138,1898472,-,ID=gene-AL06_RS09350;Dbxref=GeneID:69500122;Name=AL06_RS09350;gbkey=Gene;gene_biotype=protein_coding;locus_tag=AL06_RS09350;old_locus_tag=CXF52_RS09355,AL06_RS09350,protein_coding,1898556,1899842,1896489,1897145,FALSE,TRUE,TGCGGAGTATCGTCG,CCTGTAGAAAGGCTG,GTG,-4.95299,7,TRUE,FALSE,-2.332995,9
NZ_CP025209.1,CDS,1898556,1899842,-,ID=gene-AL06_RS09355;Dbxref=GeneID:69500123;Name=purD;gbkey=Gene;gene=purD;gene_biotype=protein_coding;locus_tag=AL06_RS09355;old_locus_tag=CXF52_RS09360,purD,protein_coding,1901042,1902601,1897138,1898472,FALSE,FALSE,CCTGTAGGATCTACA,TGCGGAGTATCGTCG,ATG,-4.20793,12,TRUE,TRUE,-4.95299,7
NZ_CP025209.1,CDS,1899921,1900346,+,ID=gene-AL06_RS09360;Dbxref=GeneID:69500124;Name=AL06_RS09360;gbkey=Gene;gene_biotype=protein_coding;locus_tag=AL06_RS09360;old_locus_tag=CXF52_RS09365,AL06_RS09360,protein_coding,1887285,1888310,1900363,1901028,FALSE,FALSE,ACGCGGTACCGTAGA,TAATAAGGAGTTTGT,ATG,-1.569835,13,FALSE,TRUE,-8.14969,6
NZ_CP025209.1,CDS,1900363,1901028,+,ID=gene-AL06_RS09365;Dbxref=GeneID:69500125;Name=AL06_RS09365;gbkey=Gene;gene_biotype=protein_coding;locus_tag=AL06_RS09365;old_locus_tag=CXF52_RS09370,AL06_RS09365,protein_coding,1899921,1900346,1903886,1904074,FALSE,FALSE,TAATAAGGAGTTTGT,TTTGAGTACAGTTGC,ATG,-8.14969,6,TRUE,FALSE,-1.704895,8
NZ_CP025209.1,CDS,1901042,1902601,-,ID=gene-AL06_RS09370;Dbxref=GeneID:69500126;Name=AL06_RS09370;gbkey=Gene;gene_biotype=protein_coding;locus_tag=AL06_RS09370;old_locus_tag=CXF52_RS09375,AL06_RS09370,protein_coding,1902637,1903347,1898556,1899842,FALSE,FALSE,ATAGGAAATCTAGAC,CCTGTAGGATCTACA,ATG,-4.20793,15,TRUE,TRUE,-4.20793,12
NZ_CP025209.1,CDS,1902637,1903347,-,ID=gene-AL06_RS09375;Dbxref=GeneID:69500127;Name=AL06_RS09375;gbkey=Gene;gene_biotype=protein_coding;locus_tag=AL06_RS09375;old_locus_tag=CXF52_RS09380,AL06_RS09375,protein_coding,1908946,1910682,1901042,1902601,FALSE,FALSE,TGAGGTAGGCAGGGT,ATAGGAAATCTAGAC,ATG,-7.575515,6,TRUE,TRUE,-4.20793,15
NZ_CP025209.1,CDS,1903886,1904074,+,ID=gene-AL06_RS09385;Dbxref=GeneID:69500128;Name=AL06_RS09385;gbkey=Gene;gene_biotype=protein_coding;locus_tag=AL06_RS09385;old_locus_tag=CXF52_RS09390,AL06_RS09385,protein_coding,1900363,1901028,1904320,1905819,FALSE,FALSE,TTTGAGTACAGTTGC,GTTCGGTATTGTTTC,ATG,-1.704895,8,FALSE,FALSE,-1.569835,13
NZ_CP025209.1,CDS,1904320,1905819,+,ID=gene-AL06_RS09390;Dbxref=GeneID:69500129;Name=AL06_RS09390;gbkey=Gene;gene_biotype=protein_coding;locus_tag=AL06_RS09390;old_locus_tag=CXF52_RS09395,AL06_RS09390,protein_coding,1903886,1904074,1905806,1906426,FALSE,TRUE,GTTCGGTATTGTTTC,AACCCTAAGGAAACT,ATG,-1.569835,13,FALSE,TRUE,-4.40793,10
NZ_CP025209.1,CDS,1905806,1906426,+,ID=gene-AL06_RS09395;Dbxref=GeneID:69500130;Name=AL06_RS09395;gbkey=Gene;gene_biotype=protein_coding;locus_tag=AL06_RS09395;old_locus_tag=CXF52_RS09400,AL06_RS09395,protein_coding,1904320,1905819,1906482,1908395,TRUE,FALSE,AACCCTAAGGAAACT,ACATTCAAGGAGACC,ATG,-4.40793,10,TRUE,TRUE,-6.768055,9
NZ_CP025209.1,CDS,1906482,1908395,+,ID=gene-AL06_RS09400;Dbxref=GeneID:69500131;Name=AL06_RS09400;gbkey=Gene;gene_biotype=protein_coding;locus_tag=AL06_RS09400;old_locus_tag=CXF52_RS09405,AL06_RS09400,protein_coding,1905806,1906426,1910795,1912246,FALSE,FALSE,ACATTCAAGGAGACC,TTGTGACAGAATCGA,TTG,-6.768055,9,TRUE,FALSE,1.2151,12
NZ_CP025209.1,CDS,1908946,1910682,-,ID=gene-AL06_RS09410;Dbxref=GeneID:69500132;Name=AL06_RS09410;gbkey=Gene;gene_biotype=protein_coding;locus_tag=AL06_RS09410;old_locus_tag=CXF52_RS09415,AL06_RS09410,protein_coding,1912444,1912516,1902637,1903347,FALSE,FALSE,CAGAAGAAAGGTTTC,TGAGGTAGGCAGGGT,ATG,-3.82996,8,TRUE,TRUE,-7.575515,6
NZ_CP025209.1,CDS,1910795,1912246,+,ID=gene-AL06_RS09415;Dbxref=GeneID:69500133;Name=AL06_RS09415;gbkey=Gene;gene_biotype=protein_coding;locus_tag=AL06_RS09415;old_locus_tag=CXF52_RS09420,AL06_RS09415,protein_coding,1906482,1908395,1912645,1914189,FALSE,FALSE,TTGTGACAGAATCGA,GAAGTAAAGGGGCCG,ATG,1.2151,12,FALSE,TRUE,-7.841975,6
NZ_CP025209.1,tRNA,1912444,1912516,-,ID=gene-AL06_RS09420;Dbxref=GeneID:69500134;Name=AL06_RS09420;gbkey=Gene;gene_biotype=tRNA;locus_tag=AL06_RS09420;old_locus_tag=CXF52_RS09425,AL06_RS09420,tRNA,1917263,1918390,1908946,1910682,FALSE,FALSE,TGTATAAAAGAACGC,CAGAAGAAAGGTTTC,GCT,0.9151,11,FALSE,TRUE,-3.82996,8
NZ_CP025209.1,CDS,1912645,1914189,+,ID=gene-AL06_RS09425;Dbxref=GeneID:69500135;Name=AL06_RS09425;gbkey=Gene;gene_biotype=protein_coding;locus_tag=AL06_RS09425;old_locus_tag=CXF52_RS09430,AL06_RS09425,protein_coding,1910795,1912246,1914250,1914594,FALSE,FALSE,GAAGTAAAGGGGCCG,TCTCCCTAAAGGAGG,GTG,-7.841975,6,TRUE,TRUE,-11.71615,6
NZ_CP025209.1,CDS,1914250,1914594,+,ID=gene-AL06_RS09430;Dbxref=GeneID:69500136;Name=AL06_RS09430;gbkey=Gene;gene_biotype=protein_coding;locus_tag=AL06_RS09430;old_locus_tag=CXF52_RS09435,AL06_RS09430,protein_coding,1912645,1914189,1914594,1916042,FALSE,TRUE,TCTCCCTAAAGGAGG,AGACCACTAAAAAGG,TTG,-11.71615,6,TRUE,TRUE,-3.532995,6
NZ_CP025209.1,CDS,1914594,1916042,+,ID=gene-AL06_RS09435;Dbxref=GeneID:69500137;Name=AL06_RS09435;gbkey=Gene;gene_biotype=protein_coding;locus_tag=AL06_RS09435;old_locus_tag=CXF52_RS09440,AL06_RS09435,protein_coding,1914250,1914594,1916070,1916552,TRUE,FALSE,AGACCACTAAAAAGG,TCTAGTCTCACGAGG,GTG,-3.532995,6,TRUE,TRUE,-5.30793,5
NZ_CP025209.1,CDS,1916070,1916552,+,ID=gene-AL06_RS09440;Dbxref=GeneID:69500138;Name=AL06_RS09440;gbkey=Gene;gene_biotype=protein_coding;locus_tag=AL06_RS09440;old_locus_tag=CXF52_RS09445,AL06_RS09440,protein_coding,1914594,1916042,1916542,1917300,FALSE,TRUE,TCTAGTCTCACGAGG,ATTAGCTTGGTGGCT,ATG,-5.30793,5,TRUE,FALSE,-1.469835,9
NZ_CP025209.1,CDS,1916542,1917300,+,ID=gene-AL06_RS09445;Dbxref=GeneID:69500139;Name=otsB;gbkey=Gene;gene=otsB;gene_biotype=protein_coding;locus_tag=AL06_RS09445;old_locus_tag=CXF52_RS09450,otsB,protein_coding,1916070,1916552,1922847,1923428,TRUE,FALSE,ATTAGCTTGGTGGCT,CGACTAACAGTCTCA,ATG,-1.469835,9,FALSE,FALSE,1.2151,11
NZ_CP025209.1,CDS,1917263,1918390,-,ID=gene-AL06_RS09450;Dbxref=GeneID:69500140;Name=AL06_RS09450;gbkey=Gene;gene_biotype=protein_coding;locus_tag=AL06_RS09450;old_locus_tag=CXF52_RS09455,AL06_RS09450,protein_coding,1918412,1919353,1912444,1912516,FALSE,FALSE,CAACTGTATGGTGGT,TGTATAAAAGAACGC,ATG,-1.469835,8,FALSE,FALSE,0.9151,11
NZ_CP025209.1,CDS,1918412,1919353,-,ID=gene-AL06_RS09455;Dbxref=GeneID:69500141;Name=rlmB;gbkey=Gene;gene=rlmB;gene_biotype=protein_coding;locus_tag=AL06_RS09455;old_locus_tag=CXF52_RS09460,rlmB,protein_coding,1919381,1920772,1917263,1918390,FALSE,FALSE,ACGAACTGAGAGAAC,CAACTGTATGGTGGT,ATG,-0.359835,10,FALSE,FALSE,-1.469835,8
NZ_CP025209.1,CDS,1919381,1920772,-,ID=gene-AL06_RS09460;Dbxref=GeneID:69500142;Name=cysS;gbkey=Gene;gene=cysS;gene_biotype=protein_coding;locus_tag=AL06_RS09460;old_locus_tag=CXF52_RS09465,cysS,protein_coding,1920791,1921273,1918412,1919353,FALSE,FALSE,GCCTGCTAGACTAAC,ACGAACTGAGAGAAC,GTG,1.1151,12,FALSE,FALSE,-0.359835,10
NZ_CP025209.1,CDS,1920791,1921273,-,ID=gene-AL06_RS09465;Dbxref=GeneID:69500143;Name=ispF;gbkey=Gene;gene=ispF;gene_biotype=protein_coding;locus_tag=AL06_RS09465;old_locus_tag=CXF52_RS09470,ispF,protein_coding,1921266,1922000,1919381,1920772,TRUE,FALSE,ACGATTTTCGAGGTA,GCCTGCTAGACTAAC,GTG,-6.004895,6,TRUE,FALSE,1.1151,12
NZ_CP025209.1,CDS,1921266,1922000,-,ID=gene-AL06_RS09470;Dbxref=GeneID:69500144;Name=ispD;gbkey=Gene;gene=ispD;gene_biotype=protein_coding;locus_tag=AL06_RS09470;old_locus_tag=CXF52_RS09475,ispD,protein_coding,1922010,1922591,1920791,1921273,FALSE,TRUE,CGAAGACTAACCCCA,ACGATTTTCGAGGTA,ATG,0.9151,16,FALSE,TRUE,-6.004895,6
NZ_CP025209.1,CDS,1922010,1922591,-,ID=gene-AL06_RS09475;Dbxref=GeneID:69500145;Name=AL06_RS09475;gbkey=Gene;gene_biotype=protein_coding;locus_tag=AL06_RS09475;old_locus_tag=CXF52_RS09480,AL06_RS09475,protein_coding,1923532,1924920,1921266,1922000,FALSE,FALSE,GAATGCGCAAGGAGT,CGAAGACTAACCCCA,ATG,-6.768055,7,TRUE,FALSE,0.9151,16
NZ_CP025209.1,CDS,1922847,1923428,+,ID=gene-AL06_RS09480;Dbxref=GeneID:69500146;Name=AL06_RS09480;gbkey=Gene;gene_biotype=protein_coding;locus_tag=AL06_RS09480;old_locus_tag=CXF52_RS09485,AL06_RS09480,protein_coding,1916542,1917300,1925238,1926629,FALSE,FALSE,CGACTAACAGTCTCA,CATAGTTTATGGTGT,ATG,1.2151,11,FALSE,FALSE,-1.469835,7
NZ_CP025209.1,CDS,1923532,1924920,-,ID=gene-AL06_RS09485;Dbxref=GeneID:69500147;Name=AL06_RS09485;gbkey=Gene;gene_biotype=protein_coding;locus_tag=AL06_RS09485;old_locus_tag=CXF52_RS09490,AL06_RS09485,protein_coding,1926657,1927373,1922010,1922591,FALSE,FALSE,GCTTTTTGAAGGATC,GAATGCGCAAGGAGT,GTG,-4.40793,8,TRUE,TRUE,-6.768055,7
NZ_CP025209.1,CDS,1925238,1926629,+,ID=gene-AL06_RS09490;Dbxref=GeneID:69500148;Name=radA;gbkey=Gene;gene=radA;gene_biotype=protein_coding;locus_tag=AL06_RS09490;old_locus_tag=CXF52_RS09495,radA,protein_coding,1922847,1923428,1928203,1929090,FALSE,FALSE,CATAGTTTATGGTGT,CCCACATAGATGAGC,ATG,-1.469835,7,FALSE,FALSE,-0.359835,6
NZ_CP025209.1,CDS,1926657,1927373,-,ID=gene-AL06_RS09495;Dbxref=GeneID:69500149;Name=AL06_RS09495;gbkey=Gene;gene_biotype=protein_coding;locus_tag=AL06_RS09495;old_locus_tag=CXF52_RS09500,AL06_RS09495,protein_coding,1927443,1928072,1923532,1924920,FALSE,FALSE,AACCTTTAGGCTGAA,GCTTTTTGAAGGATC,GTG,-2.132995,11,FALSE,TRUE,-4.40793,8
NZ_CP025209.1,CDS,1927443,1928072,-,ID=gene-AL06_RS09500;Dbxref=GeneID:69500150;Name=AL06_RS09500;gbkey=Gene;gene_biotype=protein_coding;locus_tag=AL06_RS09500;old_locus_tag=CXF52_RS09505,AL06_RS09500,protein_coding,1929087,1930364,1926657,1927373,FALSE,FALSE,CGGTGCAAGAATGTG,AACCTTTAGGCTGAA,ATG,-1.469835,16,FALSE,FALSE,-2.132995,11
NZ_CP025209.1,CDS,1928203,1929090,+,ID=gene-AL06_RS09505;Dbxref=GeneID:69500151;Name=AL06_RS09505;gbkey=Gene;gene_biotype=protein_coding;locus_tag=AL06_RS09505;old_locus_tag=CXF52_RS09510,AL06_RS09505,protein_coding,1925238,1926629,1934247,1934885,FALSE,FALSE,CCCACATAGATGAGC,CGCGAGTATAGTTTT,ATG,-0.359835,6,FALSE,FALSE,-1.704895,8
NZ_CP025209.1,CDS,1929087,1930364,-,ID=gene-AL06_RS09510;Dbxref=GeneID:69500152;Name=AL06_RS09510;gbkey=Gene;gene_biotype=protein_coding;locus_tag=AL06_RS09510;old_locus_tag=CXF52_RS09515,AL06_RS09510,protein_coding,1930471,1930641,1927443,1928072,FALSE,FALSE,CGTATTAGGATCGAC,CGGTGCAAGAATGTG,GTG,-4.20793,11,TRUE,FALSE,-1.469835,16
NZ_CP025209.1,CDS,1930471,1930641,-,ID=gene-AL06_RS09515;Dbxref=GeneID:69500153;Name=AL06_RS09515;gbkey=Gene;gene_biotype=protein_coding;locus_tag=AL06_RS09515;old_locus_tag=CXF52_RS09520,AL06_RS09515,protein_coding,1930672,1933308,1929087,1930364,FALSE,FALSE,TTTCACCCGAGGGAG,CGTATTAGGATCGAC,ATG,-5.945645,5,TRUE,TRUE,-4.20793,11
NZ_CP025209.1,CDS,1930672,1933308,-,ID=gene-AL06_RS09520;Dbxref=GeneID:69500154;Name=AL06_RS09520;gbkey=Gene;gene_biotype=protein_coding;locus_tag=AL06_RS09520;old_locus_tag=CXF52_RS09525,AL06_RS09520,protein_coding,1933756,1934211,1930471,1930641,FALSE,FALSE,AACTTTGAAGGGTGT,TTTCACCCGAGGGAG,ATG,-4.778055,6,TRUE,TRUE,-5.945645,5
NZ_CP025209.1,CDS,1933756,1934211,-,ID=gene-AL06_RS09525;Dbxref=GeneID:69500155;Name=AL06_RS09525;gbkey=Gene;gene_biotype=protein_coding;locus_tag=AL06_RS09525;old_locus_tag=CXF52_RS09530,AL06_RS09525,protein_coding,1935802,1937085,1930672,1933308,FALSE,FALSE,GCGGTAGTAGTCTGG,AACTTTGAAGGGTGT,ATG,-1.569835,15,FALSE,TRUE,-4.778055,6
NZ_CP025209.1,CDS,1934247,1934885,+,ID=gene-AL06_RS09530;Dbxref=GeneID:69500156;Name=AL06_RS09530;gbkey=Gene;gene_biotype=protein_coding;locus_tag=AL06_RS09530;old_locus_tag=CXF52_RS09535,AL06_RS09530,protein_coding,1928203,1929090,1934992,1935786,FALSE,FALSE,CGCGAGTATAGTTTT,TGTGCCATACTATTT,ATG,-1.704895,8,FALSE,FALSE,1.77826,17
NZ_CP025209.1,CDS,1934992,1935786,+,ID=gene-AL06_RS09535;Dbxref=GeneID:69500157;Name=AL06_RS09535;gbkey=Gene;gene_biotype=protein_coding;locus_tag=AL06_RS09535;old_locus_tag=CXF52_RS09540,AL06_RS09535,protein_coding,1934247,1934885,1937295,1937717,FALSE,FALSE,TGTGCCATACTATTT,CCTTTCCAAGGACAT,ATG,1.77826,17,FALSE,TRUE,-4.40793,9
NZ_CP025209.1,CDS,1935802,1937085,-,ID=gene-AL06_RS09540;Dbxref=GeneID:69500158;Name=AL06_RS09540;gbkey=Gene;gene_biotype=protein_coding;locus_tag=AL06_RS09540;old_locus_tag=CXF52_RS09545,AL06_RS09540,protein_coding,1939952,1941514,1933756,1934211,FALSE,FALSE,AACCAAAAGGAGCAC,GCGGTAGTAGTCTGG,ATG,-6.768055,9,TRUE,FALSE,-1.569835,15
NZ_CP025209.1,CDS,1937295,1937717,+,ID=gene-AL06_RS09545;Dbxref=GeneID:69500159;Name=AL06_RS09545;gbkey=Gene;gene_biotype=protein_coding;locus_tag=AL06_RS09545;old_locus_tag=CXF52_RS09550,AL06_RS09545,protein_coding,1934992,1935786,1937721,1938935,FALSE,FALSE,CCTTTCCAAGGACAT,TCTCAAGGACGCATA,ATG,-4.40793,9,TRUE,TRUE,-4.40793,12
NZ_CP025209.1,CDS,1937721,1938935,+,ID=gene-AL06_RS09550;Dbxref=GeneID:69500160;Name=AL06_RS09550;gbkey=Gene;gene_biotype=protein_coding;locus_tag=AL06_RS09550;old_locus_tag=CXF52_RS09555,AL06_RS09550,protein_coding,1937295,1937717,1939128,1939301,FALSE,FALSE,TCTCAAGGACGCATA,CCAAAACCAAGCACC,ATG,-4.40793,12,TRUE,FALSE,0.9151,10
NZ_CP025209.1,CDS,1939128,1939301,+,ID=gene-AL06_RS11895;Dbxref=GeneID:69500562;Name=AL06_RS11895;gbkey=Gene;gene_biotype=protein_coding;locus_tag=AL06_RS11895,AL06_RS11895,protein_coding,1937721,1938935,1939543,1939677,FALSE,FALSE,CCAAAACCAAGCACC,GCAAGCAGCCAAGAA,GTG,0.9151,10,FALSE,FALSE,0.9151,16
NZ_CP025209.1,CDS,1939543,1939677,+,ID=gene-AL06_RS12280;Dbxref=GeneID:69500638;Name=AL06_RS12280;gbkey=Gene;gene_biotype=protein_coding;locus_tag=AL06_RS12280,AL06_RS12280,protein_coding,1939128,1939301,1941981,1943699,FALSE,FALSE,GCAAGCAGCCAAGAA,CCAAAGGAATGGTGA,ATG,0.9151,16,FALSE,TRUE,-9.213115,8
NZ_CP025209.1,CDS,1939952,1941514,-,ID=gene-AL06_RS09570;Dbxref=GeneID:69500161;Name=lysS;gbkey=Gene;gene=lysS;gene_biotype=protein_coding;locus_tag=AL06_RS09570;old_locus_tag=CXF52_RS09575,lysS,protein_coding,1953105,1953863,1935802,1937085,FALSE,FALSE,TGCACTACCCTGATG,AACCAAAAGGAGCAC,GTG,2.00029,7,FALSE,TRUE,-6.768055,9
NZ_CP025209.1,CDS,1941981,1943699,+,ID=gene-AL06_RS09575;Dbxref=GeneID:69500162;Name=AL06_RS09575;gbkey=Gene;gene_biotype=protein_coding;locus_tag=AL06_RS09575;old_locus_tag=CXF52_RS09580,AL06_RS09575,protein_coding,1939543,1939677,1943696,1945246,FALSE,TRUE,CCAAAGGAATGGTGA,TTCATCGGCCTCTTG,ATG,-9.213115,8,TRUE,FALSE,0.827129999999999,12
NZ_CP025209.1,CDS,1943696,1945246,+,ID=gene-AL06_RS09580;Dbxref=GeneID:69500163;Name=AL06_RS09580;gbkey=Gene;gene_biotype=protein_coding;locus_tag=AL06_RS09580;old_locus_tag=CXF52_RS09585,AL06_RS09580,protein_coding,1941981,1943699,1945282,1946766,TRUE,FALSE,TTCATCGGCCTCTTG,CTGAAAGGTGGTGAG,ATG,0.827129999999999,12,FALSE,TRUE,-3.82996,11
NZ_CP025209.1,CDS,1945282,1946766,+,ID=gene-AL06_RS09585;Dbxref=GeneID:69500164;Name=AL06_RS09585;gbkey=Gene;gene_biotype=protein_coding;locus_tag=AL06_RS09585;old_locus_tag=CXF52_RS09590,AL06_RS09585,protein_coding,1943696,1945246,1946763,1949363,FALSE,TRUE,CTGAAAGGTGGTGAG,GGTGGAGGAACTCGT,ATG,-3.82996,11,TRUE,TRUE,-6.856025,12
NZ_CP025209.1,CDS,1946763,1949363,+,ID=gene-AL06_RS09590;Dbxref=GeneID:69500165;Name=AL06_RS09590;gbkey=Gene;gene_biotype=protein_coding;locus_tag=AL06_RS09590;old_locus_tag=CXF52_RS09595,AL06_RS09590,protein_coding,1945282,1946766,1949363,1950376,TRUE,TRUE,GGTGGAGGAACTCGT,CTTTGAAGGAGGGTA,ATG,-6.856025,12,TRUE,TRUE,-10.01615,9
NZ_CP025209.1,CDS,1949363,1950376,+,ID=gene-AL06_RS09595;Dbxref=GeneID:69500166;Name=AL06_RS09595;gbkey=Gene;gene_biotype=protein_coding;locus_tag=AL06_RS09595;old_locus_tag=CXF52_RS09600,AL06_RS09595,protein_coding,1946763,1949363,1950373,1951350,TRUE,TRUE,CTTTGAAGGAGGGTA,CGTTATATCAGGAGT,ATG,-10.01615,9,TRUE,TRUE,-6.468055,7
NZ_CP025209.1,CDS,1950373,1951350,+,ID=gene-AL06_RS09600;Dbxref=GeneID:69500167;Name=AL06_RS09600;gbkey=Gene;gene_biotype=protein_coding;locus_tag=AL06_RS09600;old_locus_tag=CXF52_RS09605,AL06_RS09600,protein_coding,1949363,1950376,1951389,1951559,TRUE,FALSE,CGTTATATCAGGAGT,ATGAAAGGAGCACAC,ATG,-6.468055,7,TRUE,TRUE,-6.768055,11
NZ_CP025209.1,CDS,1951389,1951559,+,ID=gene-AL06_RS09605;Dbxref=GeneID:69500168;Name=AL06_RS09605;gbkey=Gene;gene_biotype=protein_coding;locus_tag=AL06_RS09605;old_locus_tag=CXF52_RS09610,AL06_RS09605,protein_coding,1950373,1951350,1951634,1953085,FALSE,FALSE,ATGAAAGGAGCACAC,CTCCGGTTCTGCATG,ATG,-6.768055,11,TRUE,FALSE,-1.469835,13
NZ_CP025209.1,CDS,1951634,1953085,+,ID=gene-AL06_RS09610;Dbxref=GeneID:69500169;Name=AL06_RS09610;gbkey=Gene;gene_biotype=protein_coding;locus_tag=AL06_RS09610;old_locus_tag=CXF52_RS09615,AL06_RS09610,protein_coding,1951389,1951559,1955258,1956226,FALSE,FALSE,CTCCGGTTCTGCATG,AAGGATCACAACCCC,ATG,-1.469835,13,FALSE,TRUE,-4.40793,16
NZ_CP025209.1,CDS,1953105,1953863,-,ID=gene-AL06_RS09615;Dbxref=GeneID:69500170;Name=AL06_RS09615;gbkey=Gene;gene_biotype=protein_coding;locus_tag=AL06_RS09615;old_locus_tag=CXF52_RS09620,AL06_RS09615,protein_coding,1953860,1954783,1939952,1941514,TRUE,FALSE,CTAAGGCAAAGGACG,TGCACTACCCTGATG,ATG,-6.51615,9,TRUE,FALSE,2.00029,7
NZ_CP025209.1,CDS,1953860,1954783,-,ID=gene-AL06_RS09620;Dbxref=GeneID:69500171;Name=AL06_RS09620;gbkey=Gene;gene_biotype=protein_coding;locus_tag=AL06_RS09620;old_locus_tag=CXF52_RS09625,AL06_RS09620,protein_coding,1957762,1958541,1953105,1953863,FALSE,TRUE,AATCGGCTAACATAA,CTAAGGCAAAGGACG,ATG,0.827129999999999,14,FALSE,TRUE,-6.51615,9
NZ_CP025209.1,CDS,1955258,1956226,+,ID=gene-AL06_RS09630;Dbxref=GeneID:69500173;Name=AL06_RS09630;gbkey=Gene;gene_biotype=protein_coding;locus_tag=AL06_RS09630;old_locus_tag=CXF52_RS09635,AL06_RS09630,protein_coding,1951634,1953085,1956226,1956423,FALSE,TRUE,AAGGATCACAACCCC,CAGGCAGCCTTTATA,ATG,-4.40793,16,TRUE,FALSE,-2.568055,14
NZ_CP025209.1,CDS,1956226,1956423,+,ID=gene-AL06_RS09635;Dbxref=GeneID:69500174;Name=AL06_RS09635;gbkey=Gene;gene_biotype=protein_coding;locus_tag=AL06_RS09635;old_locus_tag=CXF52_RS09640,AL06_RS09635,protein_coding,1955258,1956226,1956473,1957765,TRUE,FALSE,CAGGCAGCCTTTATA,CGTACTACTGTGTCT,ATG,-2.568055,14,FALSE,FALSE,1.67826,17
NZ_CP025209.1,CDS,1956473,1957765,+,ID=gene-AL06_RS09640;Dbxref=GeneID:69500175;Name=AL06_RS09640;gbkey=Gene;gene_biotype=protein_coding;locus_tag=AL06_RS09640;old_locus_tag=CXF52_RS09645,AL06_RS09640,protein_coding,1956226,1956423,1968665,1969141,FALSE,FALSE,CGTACTACTGTGTCT,AGTCAATGAGGAGAA,ATG,1.67826,17,FALSE,TRUE,-6.768055,8
NZ_CP025209.1,CDS,1957762,1958541,-,ID=gene-AL06_RS09645;Dbxref=GeneID:69500176;Name=AL06_RS09645;gbkey=Gene;gene_biotype=protein_coding;locus_tag=AL06_RS09645;old_locus_tag=CXF52_RS09650,AL06_RS09645,protein_coding,1958554,1959177,1953860,1954783,FALSE,FALSE,CACATAAGGAATACA,AATCGGCTAACATAA,GTG,-4.40793,11,TRUE,FALSE,0.827129999999999,14
NZ_CP025209.1,CDS,1958554,1959177,-,ID=gene-AL06_RS09650;Dbxref=GeneID:69500177;Name=AL06_RS09650;gbkey=Gene;gene_biotype=protein_coding;locus_tag=AL06_RS09650;old_locus_tag=CXF52_RS09655,AL06_RS09650,protein_coding,1959174,1960091,1957762,1958541,TRUE,FALSE,TGCTCAAGCGGAACC,CACATAAGGAATACA,ATG,-1.247805,8,FALSE,TRUE,-4.40793,11
NZ_CP025209.1,CDS,1959174,1960091,-,ID=gene-AL06_RS09655;Dbxref=GeneID:69500178;Name=AL06_RS09655;gbkey=Gene;gene_biotype=protein_coding;locus_tag=AL06_RS09655;old_locus_tag=CXF52_RS09660,AL06_RS09655,protein_coding,1960093,1960560,1958554,1959177,FALSE,TRUE,GGCGAGGGAGTGCGG,TGCTCAAGCGGAACC,TTG,-6.141975,6,TRUE,FALSE,-1.247805,8
NZ_CP025209.1,CDS,1960093,1960560,-,ID=gene-AL06_RS09660;Dbxref=GeneID:69500179;Name=AL06_RS09660;gbkey=Gene;gene_biotype=protein_coding;locus_tag=AL06_RS09660;old_locus_tag=CXF52_RS09665,AL06_RS09660,protein_coding,1960557,1961036,1959174,1960091,TRUE,FALSE,TTCCGGTGGTGGGAA,GGCGAGGGAGTGCGG,ATG,-2.78552,6,FALSE,TRUE,-6.141975,6
NZ_CP025209.1,CDS,1960557,1961036,-,ID=gene-AL06_RS09665;Dbxref=GeneID:69500180;Name=folK;gbkey=Gene;gene=folK;gene_biotype=protein_coding;locus_tag=AL06_RS09665;old_locus_tag=CXF52_RS09670,folK,protein_coding,1961046,1961411,1960093,1960560,FALSE,TRUE,GAGGAGGTAACCGGC,TTCCGGTGGTGGGAA,ATG,-12.413115,13,TRUE,FALSE,-2.78552,6
NZ_CP025209.1,CDS,1961046,1961411,-,ID=gene-AL06_RS09670;Dbxref=GeneID:69500181;Name=folB;gbkey=Gene;gene=folB;gene_biotype=protein_coding;locus_tag=AL06_RS09670;old_locus_tag=CXF52_RS09675,folB,protein_coding,1961417,1962253,1960557,1961036,FALSE,FALSE,TATGGAATGCGTGAT,GAGGAGGTAACCGGC,ATG,-2.15299,8,FALSE,TRUE,-12.413115,13
NZ_CP025209.1,CDS,1961417,1962253,-,ID=gene-AL06_RS09675;Dbxref=GeneID:69500182;Name=folP;gbkey=Gene;gene=folP;gene_biotype=protein_coding;locus_tag=AL06_RS09675;old_locus_tag=CXF52_RS09680,folP,protein_coding,1962377,1962691,1961046,1961411,FALSE,FALSE,GTGATAAAAGGAGCA,TATGGAATGCGTGAT,GTG,-6.768055,8,TRUE,FALSE,-2.15299,8
NZ_CP025209.1,CDS,1962377,1962691,-,ID=gene-AL06_RS09680;Dbxref=GeneID:69500183;Name=AL06_RS09680;gbkey=Gene;gene_biotype=protein_coding;locus_tag=AL06_RS09680;old_locus_tag=CXF52_RS09685,AL06_RS09680,protein_coding,1962694,1963266,1961417,1962253,FALSE,FALSE,GCCTCATCCGCGGCT,GTGATAAAAGGAGCA,ATG,0.827129999999999,7,FALSE,TRUE,-6.768055,8
NZ_CP025209.1,CDS,1962694,1963266,-,ID=gene-AL06_RS09685;Dbxref=GeneID:69500184;Name=folE;gbkey=Gene;gene=folE;gene_biotype=protein_coding;locus_tag=AL06_RS09685;old_locus_tag=CXF52_RS09690,folE,protein_coding,1963274,1965739,1962377,1962691,FALSE,FALSE,ACTGACGAGTAACAC,GCCTCATCCGCGGCT,ATG,-0.359835,11,FALSE,FALSE,0.827129999999999,7
NZ_CP025209.1,CDS,1963274,1965739,-,ID=gene-AL06_RS09690;Dbxref=GeneID:69500185;Name=ftsH;gbkey=Gene;gene=ftsH;gene_biotype=protein_coding;locus_tag=AL06_RS09690;old_locus_tag=CXF52_RS09695,ftsH,protein_coding,1965871,1966458,1962694,1963266,FALSE,FALSE,CACAAGAGCCGGTGC,ACTGACGAGTAACAC,ATG,-2.404895,7,FALSE,FALSE,-0.359835,11
NZ_CP025209.1,CDS,1965871,1966458,-,ID=gene-AL06_RS09695;Dbxref=GeneID:69500186;Name=hpt;gbkey=Gene;gene=hpt;gene_biotype=protein_coding;locus_tag=AL06_RS09695;old_locus_tag=CXF52_RS09700,hpt,protein_coding,1966479,1967357,1963274,1965739,FALSE,FALSE,TATGAAAGGTGAAAC,CACAAGAGCCGGTGC,ATG,-3.82996,10,TRUE,FALSE,-2.404895,7
NZ_CP025209.1,CDS,1966479,1967357,-,ID=gene-AL06_RS09700;Dbxref=GeneID:69500187;Name=tilS;gbkey=Gene;gene=tilS;gene_biotype=protein_coding;locus_tag=AL06_RS09700;old_locus_tag=CXF52_RS09705,tilS,protein_coding,1967350,1968630,1965871,1966458,TRUE,FALSE,ATCGCCTCAGCACTT,TATGAAAGGTGAAAC,ATG,1.2151,11,FALSE,TRUE,-3.82996,10
NZ_CP025209.1,CDS,1967350,1968630,-,ID=gene-AL06_RS09705;Dbxref=GeneID:69500188;Name=dacB;gbkey=Gene;gene=dacB;gene_biotype=protein_coding;locus_tag=AL06_RS09705;old_locus_tag=CXF52_RS09710,dacB,protein_coding,1974075,1974146,1966479,1967357,FALSE,TRUE,GACTATAAGAAATAA,ATCGCCTCAGCACTT,GTG,0.9151,12,FALSE,FALSE,1.2151,11
NZ_CP025209.1,CDS,1968665,1969141,+,ID=gene-AL06_RS09710;Dbxref=GeneID:69500189;Name=AL06_RS09710;gbkey=Gene;gene_biotype=protein_coding;locus_tag=AL06_RS09710;old_locus_tag=CXF52_RS09715,AL06_RS09710,protein_coding,1956473,1957765,1969298,1969594,FALSE,FALSE,AGTCAATGAGGAGAA,CCCTAGGAAAACAGC,ATG,-6.768055,8,TRUE,TRUE,-4.20793,13
NZ_CP025209.1,CDS,1969298,1969594,+,ID=gene-AL06_RS09715;Dbxref=GeneID:69500190;Name=AL06_RS09715;gbkey=Gene;gene_biotype=protein_coding;locus_tag=AL06_RS09715;old_locus_tag=CXF52_RS09720,AL06_RS09715,protein_coding,1968665,1969141,1969670,1970131,FALSE,FALSE,CCCTAGGAAAACAGC,TTCTAGGTTTTTATC,ATG,-4.20793,13,TRUE,TRUE,-3.82996,12
NZ_CP025209.1,CDS,1969670,1970131,+,ID=gene-AL06_RS09720;Dbxref=GeneID:69500191;Name=AL06_RS09720;gbkey=Gene;gene_biotype=protein_coding;locus_tag=AL06_RS09720;old_locus_tag=CXF52_RS09725,AL06_RS09720,protein_coding,1969298,1969594,1970132,1973974,FALSE,FALSE,TTCTAGGTTTTTATC,GTTGGTTTTTGGGGT,GTG,-3.82996,12,TRUE,TRUE,-4.467295,5
NZ_CP025209.1,CDS,1970132,1973974,+,ID=gene-AL06_RS09725;Dbxref=GeneID:69500192;Name=AL06_RS09725;gbkey=Gene;gene_biotype=protein_coding;locus_tag=AL06_RS09725;old_locus_tag=CXF52_RS09730,AL06_RS09725,protein_coding,1969670,1970131,1974728,1975579,FALSE,FALSE,GTTGGTTTTTGGGGT,ACTCATCCTAGGCGG,ATG,-4.467295,5,TRUE,FALSE,-2.98109,6
NZ_CP025209.1,CDS,1974075,1974146,-,ID=gene-AL06_RS12435;Dbxref=GeneID:77100359;Name=AL06_RS12435;gbkey=Gene;gene_biotype=protein_coding;locus_tag=AL06_RS12435,AL06_RS12435,protein_coding,1974156,1974380,1967350,1968630,FALSE,FALSE,GCGTTCGTAACCGTT,GACTATAAGAAATAA,GTG,1.67826,12,FALSE,FALSE,0.9151,12
NZ_CP025209.1,CDS,1974156,1974380,-,ID=gene-AL06_RS12440;Dbxref=GeneID:77100360;Name=AL06_RS12440;gbkey=Gene;gene_biotype=protein_coding;locus_tag=AL06_RS12440,AL06_RS12440,protein_coding,1976686,1977582,1974075,1974146,FALSE,FALSE,AGAACGTACGAGTAT,GCGTTCGTAACCGTT,GTG,-0.359835,8,FALSE,FALSE,1.67826,12
NZ_CP025209.1,CDS,1974728,1975579,+,ID=gene-AL06_RS09735;Dbxref=GeneID:69500193;Name=AL06_RS09735;gbkey=Gene;gene_biotype=protein_coding;locus_tag=AL06_RS09735;old_locus_tag=CXF52_RS09740,AL06_RS09735,protein_coding,1970132,1973974,1975754,1976182,FALSE,FALSE,ACTCATCCTAGGCGG,CTACTCCCTATATAG,ATG,-2.98109,6,FALSE,FALSE,0.315099999999999,6
NZ_CP025209.1,CDS,1975754,1976182,+,ID=gene-AL06_RS12290;Dbxref=GeneID:69500640;Name=AL06_RS12290;gbkey=Gene;gene_biotype=protein_coding;locus_tag=AL06_RS12290,AL06_RS12290,protein_coding,1974728,1975579,1976221,1976682,FALSE,FALSE,CTACTCCCTATATAG,AGTAGAAGAAAATGC,GTG,0.315099999999999,6,FALSE,FALSE,0.9151,13
NZ_CP025209.1,CDS,1976221,1976682,+,ID=gene-AL06_RS12295;Dbxref=GeneID:69500641;Name=AL06_RS12295;gbkey=Gene;gene_biotype=protein_coding;locus_tag=AL06_RS12295,AL06_RS12295,protein_coding,1975754,1976182,1982898,1983710,FALSE,FALSE,AGTAGAAGAAAATGC,CTCTTCCATGGAGAT,TTG,0.9151,13,FALSE,TRUE,-3.60793,7
NZ_CP025209.1,CDS,1976686,1977582,-,ID=gene-AL06_RS09745;Dbxref=GeneID:69500194;Name=ppk2;gbkey=Gene;gene=ppk2;gene_biotype=protein_coding;locus_tag=AL06_RS09745;old_locus_tag=CXF52_RS09750,ppk2,protein_coding,1977948,1978784,1974156,1974380,FALSE,FALSE,AAAGGACTAAAGTAA,AGAACGTACGAGTAT,ATG,-4.40793,15,TRUE,FALSE,-0.359835,8
NZ_CP025209.1,CDS,1977948,1978784,-,ID=gene-AL06_RS09750;Dbxref=GeneID:69500195;Name=AL06_RS09750;gbkey=Gene;gene_biotype=protein_coding;locus_tag=AL06_RS09750;old_locus_tag=CXF52_RS09755,AL06_RS09750,protein_coding,1978892,1979023,1976686,1977582,FALSE,FALSE,CTCGAATAGAGTTTC,AAAGGACTAAAGTAA,ATG,-0.359835,9,FALSE,TRUE,-4.40793,15
NZ_CP025209.1,CDS,1978892,1979023,-,ID=gene-AL06_RS12445;Dbxref=GeneID:77100361;Name=AL06_RS12445;gbkey=Gene;gene_biotype=protein_coding;locus_tag=AL06_RS12445,AL06_RS12445,protein_coding,1979056,1979229,1977948,1978784,FALSE,FALSE,CTAGTTAAGGATTAA,CTCGAATAGAGTTTC,ATG,-4.40793,10,TRUE,FALSE,-0.359835,9
NZ_CP025209.1,CDS,1979056,1979229,-,ID=gene-AL06_RS11900;Dbxref=GeneID:69500563;Name=AL06_RS11900;gbkey=Gene;gene_biotype=protein_coding;locus_tag=AL06_RS11900,AL06_RS11900,protein_coding,1979844,1981484,1978892,1979023,FALSE,FALSE,CTCTTTATAGGAGAA,CTAGTTAAGGATTAA,ATG,-6.568055,8,TRUE,TRUE,-4.40793,10
NZ_CP025209.1,CDS,1979844,1981484,-,ID=gene-AL06_RS09755;Dbxref=GeneID:69500196;Name=groL;gbkey=Gene;gene=groL;gene_biotype=protein_coding;locus_tag=AL06_RS09755;old_locus_tag=CXF52_RS09760,groL,protein_coding,1987392,1988741,1979056,1979229,FALSE,FALSE,ATAAGGAGCACAAAG,CTCTTTATAGGAGAA,ATG,-6.768055,13,TRUE,TRUE,-6.568055,8
NZ_CP025209.1,CDS,1982898,1983710,+,ID=gene-AL06_RS09765;Dbxref=GeneID:69500198;Name=AL06_RS09765;gbkey=Gene;gene_biotype=protein_coding;locus_tag=AL06_RS09765;old_locus_tag=CXF52_RS09770,AL06_RS09765,protein_coding,1976221,1976682,1989112,1989249,FALSE,FALSE,CTCTTCCATGGAGAT,ACAGGCTCAAGCACC,ATG,-3.60793,7,TRUE,FALSE,-2.268055,10
NZ_CP025209.1,CDS,1987392,1988741,-,ID=gene-AL06_RS09795;Dbxref=GeneID:69500200;Name=AL06_RS09795;gbkey=Gene;gene_biotype=protein_coding;locus_tag=AL06_RS09795;old_locus_tag=CXF52_RS09800,AL06_RS09795,protein_coding,1988990,1989118,1979844,1981484,FALSE,FALSE,AGAAGGAGTTTCACT,ATAAGGAGCACAAAG,ATG,-6.768055,13,TRUE,TRUE,-6.768055,13
NZ_CP025209.1,CDS,1988990,1989118,-,ID=gene-AL06_RS12450;Dbxref=GeneID:77100362;Name=AL06_RS12450;gbkey=Gene;gene_biotype=protein_coding;locus_tag=AL06_RS12450,AL06_RS12450,protein_coding,1992242,1993321,1987392,1988741,FALSE,FALSE,ACGGAGGAGCCGCTT,AGAAGGAGTTTCACT,GTG,-6.91615,9,TRUE,TRUE,-6.768055,13
NZ_CP025209.1,CDS,1989112,1989249,+,ID=gene-AL06_RS11910;Dbxref=GeneID:69500565;Name=AL06_RS11910;gbkey=Gene;gene_biotype=protein_coding;locus_tag=AL06_RS11910,AL06_RS11910,protein_coding,1982898,1983710,1989354,1990727,FALSE,FALSE,ACAGGCTCAAGCACC,AACACCTAAGCCACG,GTG,-2.268055,10,FALSE,FALSE,0.9151,11
NZ_CP025209.1,CDS,1989354,1990727,+,ID=gene-AL06_RS09805;Dbxref=GeneID:69500201;Name=AL06_RS09805;gbkey=Gene;gene_biotype=protein_coding;locus_tag=AL06_RS09805;old_locus_tag=CXF52_RS09810,AL06_RS09805,protein_coding,1989112,1989249,1991139,1992299,FALSE,FALSE,AACACCTAAGCCACG,GTGCAAAAATCCTGT,ATG,0.9151,11,FALSE,FALSE,1.57826,18
NZ_CP025209.1,CDS,1991139,1992299,+,ID=gene-AL06_RS09815;Dbxref=GeneID:69500202;Name=AL06_RS09815;gbkey=Gene;gene_biotype=protein_coding;locus_tag=AL06_RS09815;old_locus_tag=CXF52_RS09820,AL06_RS09815,protein_coding,1989354,1990727,1994071,1994634,FALSE,FALSE,GTGCAAAAATCCTGT,GTCAAGATAATGTAT,ATG,1.57826,18,FALSE,FALSE,0.9151,15
NZ_CP025209.1,CDS,1992242,1993321,-,ID=gene-AL06_RS09820;Dbxref=GeneID:69500203;Name=AL06_RS09820;gbkey=Gene;gene_biotype=protein_coding;locus_tag=AL06_RS09820;old_locus_tag=CXF52_RS09825,AL06_RS09820,protein_coding,1993318,1993866,1988990,1989118,TRUE,FALSE,TCGTAGTGGTTACAG,ACGGAGGAGCCGCTT,ATG,-1.469835,10,FALSE,TRUE,-6.91615,9
NZ_CP025209.1,CDS,1993318,1993866,-,ID=gene-AL06_RS09825;Dbxref=GeneID:69500204;Name=AL06_RS09825;gbkey=Gene;gene_biotype=protein_coding;locus_tag=AL06_RS09825;old_locus_tag=CXF52_RS09830,AL06_RS09825,protein_coding,1993869,1994072,1992242,1993321,FALSE,TRUE,GCAGGGACACACGCT,TCGTAGTGGTTACAG,TTG,-4.156165,15,TRUE,FALSE,-1.469835,10
NZ_CP025209.1,CDS,1993869,1994072,-,ID=gene-AL06_RS09830;Dbxref=GeneID:69500205;Name=AL06_RS09830;gbkey=Gene;gene_biotype=protein_coding;locus_tag=AL06_RS09830;old_locus_tag=CXF52_RS09835,AL06_RS09830,protein_coding,1998106,1998843,1993318,1993866,FALSE,FALSE,AATAACGATCGGACG,GCAGGGACACACGCT,ATG,-1.247805,7,FALSE,TRUE,-4.156165,15
NZ_CP025209.1,CDS,1994071,1994634,+,ID=gene-AL06_RS09835;Dbxref=GeneID:69500206;Name=AL06_RS09835;gbkey=Gene;gene_biotype=protein_coding;locus_tag=AL06_RS09835;old_locus_tag=CXF52_RS09840,AL06_RS09835,protein_coding,1991139,1992299,1994651,1995538,FALSE,FALSE,GTCAAGATAATGTAT,TAAATTCCGCACCGG,ATG,0.9151,15,FALSE,FALSE,-0.872870000000002,5
NZ_CP025209.1,CDS,1994651,1995538,+,ID=gene-AL06_RS09840;Dbxref=GeneID:69500207;Name=AL06_RS09840;gbkey=Gene;gene_biotype=protein_coding;locus_tag=AL06_RS09840;old_locus_tag=CXF52_RS09845,AL06_RS09840,protein_coding,1994071,1994634,1995543,1996250,FALSE,FALSE,TAAATTCCGCACCGG,GTGCGGGTATCCTAG,GTG,-0.872870000000002,5,FALSE,FALSE,-3.10755,12
NZ_CP025209.1,CDS,1995543,1996250,+,ID=gene-AL06_RS09845;Dbxref=GeneID:69500208;Name=AL06_RS09845;gbkey=Gene;gene_biotype=protein_coding;locus_tag=AL06_RS09845;old_locus_tag=CXF52_RS09850,AL06_RS09845,protein_coding,1994651,1995538,1996247,1997680,FALSE,TRUE,GTGCGGGTATCCTAG,CCCCAGTGGTGGTGG,ATG,-3.10755,12,FALSE,FALSE,-1.469835,10
NZ_CP025209.1,CDS,1996247,1997680,+,ID=gene-AL06_RS09850;Dbxref=GeneID:69500209;Name=cls;gbkey=Gene;gene=cls;gene_biotype=protein_coding;locus_tag=AL06_RS09850;old_locus_tag=CXF52_RS09855,cls,protein_coding,1995543,1996250,1999758,2001014,TRUE,FALSE,CCCCAGTGGTGGTGG,ACAGTGTAGGTTAAA,TTG,-1.469835,10,FALSE,TRUE,-3.82996,9
NZ_CP025209.1,CDS,1998106,1998843,-,ID=gene-AL06_RS09855;Dbxref=GeneID:69500210;Name=AL06_RS09855;gbkey=Gene;gene_biotype=protein_coding;locus_tag=AL06_RS09855;old_locus_tag=CXF52_RS09860,AL06_RS09855,protein_coding,1998827,1999723,1993869,1994072,TRUE,FALSE,ACCAGCGGGGCGGTG,AATAACGATCGGACG,ATG,-6.01653,6,TRUE,FALSE,-1.247805,7
NZ_CP025209.1,CDS,1998827,1999723,-,ID=gene-AL06_RS09860;Dbxref=GeneID:69500211;Name=AL06_RS09860;gbkey=Gene;gene_biotype=protein_coding;locus_tag=AL06_RS09860;old_locus_tag=CXF52_RS09865,AL06_RS09860,protein_coding,2004137,2005336,1998106,1998843,FALSE,TRUE,CTGTGGCACTATAGA,ACCAGCGGGGCGGTG,ATG,0.827129999999999,14,FALSE,TRUE,-6.01653,6
NZ_CP025209.1,CDS,1999758,2001014,+,ID=gene-AL06_RS09865;Dbxref=GeneID:69500212;Name=AL06_RS09865;gbkey=Gene;gene_biotype=protein_coding;locus_tag=AL06_RS09865;old_locus_tag=CXF52_RS09870,AL06_RS09865,protein_coding,1996247,1997680,2001011,2001958,FALSE,TRUE,ACAGTGTAGGTTAAA,CCCGACTTCAGGAGT,ATG,-3.82996,9,TRUE,TRUE,-6.468055,7
NZ_CP025209.1,CDS,2001011,2001958,+,ID=gene-AL06_RS09870;Dbxref=GeneID:69500213;Name=AL06_RS09870;gbkey=Gene;gene_biotype=protein_coding;locus_tag=AL06_RS09870;old_locus_tag=CXF52_RS09875,AL06_RS09870,protein_coding,1999758,2001014,2001955,2004117,TRUE,TRUE,CCCGACTTCAGGAGT,TGCACTATCGGGAGG,GTG,-6.468055,7,TRUE,TRUE,-10.09374,5
NZ_CP025209.1,CDS,2001955,2004117,+,ID=gene-AL06_RS09875;Dbxref=GeneID:69500214;Name=AL06_RS09875;gbkey=Gene;gene_biotype=protein_coding;locus_tag=AL06_RS09875;old_locus_tag=CXF52_RS09880,AL06_RS09875,protein_coding,2001011,2001958,2006967,2008325,TRUE,FALSE,TGCACTATCGGGAGG,CACTAGGAATGTGAC,ATG,-10.09374,5,TRUE,TRUE,-4.20793,13
NZ_CP025209.1,CDS,2004137,2005336,-,ID=gene-AL06_RS09880;Dbxref=GeneID:69500215;Name=AL06_RS09880;gbkey=Gene;gene_biotype=protein_coding;locus_tag=AL06_RS09880;old_locus_tag=CXF52_RS09885,AL06_RS09880,protein_coding,2005337,2006704,1998827,1999723,FALSE,FALSE,AATTCAAGGAGGCAA,CTGTGGCACTATAGA,ATG,-10.01615,9,TRUE,FALSE,0.827129999999999,14
NZ_CP025209.1,CDS,2005337,2006704,-,ID=gene-AL06_RS09885;Dbxref=GeneID:69500216;Name=pta;gbkey=Gene;gene=pta;gene_biotype=protein_coding;locus_tag=AL06_RS09885;old_locus_tag=CXF52_RS09890,pta,protein_coding,2008745,2009641,2004137,2005336,FALSE,FALSE,GATCCACGTGACTGA,AATTCAAGGAGGCAA,ATG,1.77826,11,FALSE,TRUE,-10.01615,9
NZ_CP025209.1,CDS,2006967,2008325,+,ID=gene-AL06_RS09890;Dbxref=GeneID:69500217;Name=AL06_RS09890;gbkey=Gene;gene_biotype=protein_coding;locus_tag=AL06_RS09890;old_locus_tag=CXF52_RS09895,AL06_RS09890,protein_coding,2001955,2004117,2008332,2008748,FALSE,FALSE,CACTAGGAATGTGAC,CAAAAAGGACTAACC,ATG,-4.20793,13,TRUE,TRUE,-4.40793,12
NZ_CP025209.1,CDS,2008332,2008748,+,ID=gene-AL06_RS09895;Dbxref=GeneID:69500218;Name=AL06_RS09895;gbkey=Gene;gene_biotype=protein_coding;locus_tag=AL06_RS09895;old_locus_tag=CXF52_RS09900,AL06_RS09895,protein_coding,2006967,2008325,2009673,2010173,FALSE,FALSE,CAAAAAGGACTAACC,CATGCGCTAAAGTTC,GTG,-4.40793,12,TRUE,FALSE,0.9151,9
NZ_CP025209.1,CDS,2008745,2009641,-,ID=gene-AL06_RS09900;Dbxref=GeneID:69500219;Name=AL06_RS09900;gbkey=Gene;gene_biotype=protein_coding;locus_tag=AL06_RS09900;old_locus_tag=CXF52_RS09905,AL06_RS09900,protein_coding,2011078,2012508,2005337,2006704,FALSE,FALSE,GCGCATGTAGGCTAA,GATCCACGTGACTGA,ATG,-2.132995,10,FALSE,FALSE,1.77826,11
NZ_CP025209.1,CDS,2009673,2010173,+,ID=gene-AL06_RS09905;Dbxref=GeneID:69500220;Name=AL06_RS09905;gbkey=Gene;gene_biotype=protein_coding;locus_tag=AL06_RS09905;old_locus_tag=CXF52_RS09910,AL06_RS09905,protein_coding,2008332,2008748,2010194,2011081,FALSE,FALSE,CATGCGCTAAAGTTC,GGCCGCCTGTTTCCC,ATG,0.9151,9,FALSE,FALSE,0.727129999999998,18
NZ_CP025209.1,CDS,2010194,2011081,+,ID=gene-AL06_RS09910;Dbxref=GeneID:69500221;Name=AL06_RS09910;gbkey=Gene;gene_biotype=protein_coding;locus_tag=AL06_RS09910;old_locus_tag=CXF52_RS09915,AL06_RS09910,protein_coding,2009673,2010173,2014274,2014483,FALSE,FALSE,GGCCGCCTGTTTCCC,ACTTCACTTCCCCGC,ATG,0.727129999999998,18,FALSE,FALSE,3.875225,17
NZ_CP025209.1,CDS,2011078,2012508,-,ID=gene-AL06_RS09915;Dbxref=GeneID:69500222;Name=AL06_RS09915;gbkey=Gene;gene_biotype=protein_coding;locus_tag=AL06_RS09915;old_locus_tag=CXF52_RS09920,AL06_RS09915,protein_coding,2012509,2012676,2008745,2009641,FALSE,FALSE,TCCGGCGGTGAATCT,GCGCATGTAGGCTAA,ATG,-1.469835,11,FALSE,FALSE,-2.132995,10
NZ_CP025209.1,CDS,2012509,2012676,-,ID=gene-AL06_RS11915;Dbxref=GeneID:69500566;Name=AL06_RS11915;gbkey=Gene;gene_biotype=protein_coding;locus_tag=AL06_RS11915,AL06_RS11915,protein_coding,2012890,2014179,2011078,2012508,FALSE,FALSE,CTCTAGGAAAGGTTT,TCCGGCGGTGAATCT,GTG,-9.013115,8,TRUE,FALSE,-1.469835,11
NZ_CP025209.1,CDS,2012890,2014179,-,ID=gene-AL06_RS09920;Dbxref=GeneID:69500223;Name=AL06_RS09920;gbkey=Gene;gene_biotype=protein_coding;locus_tag=AL06_RS09920;old_locus_tag=CXF52_RS09925,AL06_RS09920,protein_coding,2015586,2016713,2012509,2012676,FALSE,FALSE,GGAAGTGACGTAAAA,CTCTAGGAAAGGTTT,ATG,-2.75299,9,FALSE,TRUE,-9.013115,8
NZ_CP025209.1,CDS,2014274,2014483,+,ID=gene-AL06_RS11745;Dbxref=GeneID:69500538;Name=AL06_RS11745;gbkey=Gene;gene_biotype=protein_coding;locus_tag=AL06_RS11745,AL06_RS11745,protein_coding,2010194,2011081,2014753,2015589,FALSE,FALSE,ACTTCACTTCCCCGC,AGCGTGTAGTTTTAT,ATG,3.875225,17,FALSE,FALSE,1.1151,12
NZ_CP025209.1,CDS,2014753,2015589,+,ID=gene-AL06_RS09925;Dbxref=GeneID:69500224;Name=AL06_RS09925;gbkey=Gene;gene_biotype=protein_coding;locus_tag=AL06_RS09925;old_locus_tag=CXF52_RS09930,AL06_RS09925,protein_coding,2014274,2014483,2016826,2017959,FALSE,FALSE,AGCGTGTAGTTTTAT,TCGAGGTTAGGAACC,ATG,1.1151,12,FALSE,TRUE,-6.91615,10
NZ_CP025209.1,CDS,2015586,2016713,-,ID=gene-AL06_RS09930;Dbxref=GeneID:69500225;Name=AL06_RS09930;gbkey=Gene;gene_biotype=protein_coding;locus_tag=AL06_RS09930;old_locus_tag=CXF52_RS09935,AL06_RS09930,protein_coding,2018051,2019175,2012890,2014179,FALSE,FALSE,AGTTTTTTAGGAATT,GGAAGTGACGTAAAA,ATG,-4.20793,9,TRUE,FALSE,-2.75299,9
NZ_CP025209.1,CDS,2016826,2017959,+,ID=gene-AL06_RS09935;Dbxref=GeneID:69500226;Name=AL06_RS09935;gbkey=Gene;gene_biotype=protein_coding;locus_tag=AL06_RS09935;old_locus_tag=CXF52_RS09940,AL06_RS09935,protein_coding,2014753,2015589,2019644,2020444,FALSE,FALSE,TCGAGGTTAGGAACC,TTAAAAATACGGGGG,ATG,-6.91615,10,TRUE,TRUE,-7.78185,5
NZ_CP025209.1,CDS,2018051,2019175,-,ID=gene-AL06_RS09940;Dbxref=GeneID:69500227;Name=AL06_RS09940;gbkey=Gene;gene_biotype=protein_coding;locus_tag=AL06_RS09940;old_locus_tag=CXF52_RS09945,AL06_RS09940,protein_coding,2025728,2026441,2015586,2016713,FALSE,FALSE,ATGGAAACAGGTAGC,AGTTTTTTAGGAATT,ATG,-5.05299,8,TRUE,TRUE,-4.20793,9
NZ_CP025209.1,CDS,2019644,2020444,+,ID=gene-AL06_RS09950;Dbxref=GeneID:69500228;Name=AL06_RS09950;gbkey=Gene;gene_biotype=protein_coding;locus_tag=AL06_RS09950;old_locus_tag=CXF52_RS09955,AL06_RS09950,protein_coding,2016826,2017959,2020733,2021845,FALSE,FALSE,TTAAAAATACGGGGG,CTGTAGTATTTTTTG,ATG,-7.78185,5,TRUE,FALSE,1.1151,15
NZ_CP025209.1,CDS,2020733,2021845,+,ID=gene-AL06_RS09955;Dbxref=GeneID:69500229;Name=AL06_RS09955;gbkey=Gene;gene_biotype=protein_coding;locus_tag=AL06_RS09955;old_locus_tag=CXF52_RS09960,AL06_RS09955,protein_coding,2019644,2020444,2021889,2022680,FALSE,FALSE,CTGTAGTATTTTTTG,AGTCTTTCTACATGA,ATG,1.1151,15,FALSE,FALSE,1.5151,18
NZ_CP025209.1,CDS,2021889,2022680,+,ID=gene-AL06_RS09960;Dbxref=GeneID:69500230;Name=AL06_RS09960;gbkey=Gene;gene_biotype=protein_coding;locus_tag=AL06_RS09960;old_locus_tag=CXF52_RS09965,AL06_RS09960,protein_coding,2020733,2021845,2028328,2028519,FALSE,FALSE,AGTCTTTCTACATGA,AAAAGCTTTACGAGT,ATG,1.5151,18,FALSE,FALSE,-0.359835,6
NZ_CP025209.1,CDS,2025728,2026441,-,ID=gene-AL06_RS09980;Dbxref=GeneID:69500232;Name=AL06_RS09980;gbkey=Gene;gene_biotype=protein_coding;locus_tag=AL06_RS09980;old_locus_tag=CXF52_RS09985,AL06_RS09980,protein_coding,2026516,2027232,2018051,2019175,FALSE,FALSE,TGCAGGCATCCTTTT,ATGGAAACAGGTAGC,TTG,-2.032995,15,FALSE,TRUE,-5.05299,8
NZ_CP025209.1,CDS,2026516,2027232,-,ID=gene-AL06_RS09985;Dbxref=GeneID:69500233;Name=AL06_RS09985;gbkey=Gene;gene_biotype=protein_coding;locus_tag=AL06_RS09985;old_locus_tag=CXF52_RS09990,AL06_RS09985,protein_coding,2030363,2030833,2025728,2026441,FALSE,FALSE,GATTTATCAAGGAGG,TGCAGGCATCCTTTT,ATG,-11.71615,6,TRUE,FALSE,-2.032995,15
NZ_CP025209.1,CDS,2028328,2028519,+,ID=gene-AL06_RS12300;Dbxref=GeneID:69500642;Name=AL06_RS12300;gbkey=Gene;gene_biotype=protein_coding;locus_tag=AL06_RS12300,AL06_RS12300,protein_coding,2021889,2022680,2028768,2029349,FALSE,FALSE,AAAAGCTTTACGAGT,GGAGAGGAGGTGGGA,ATG,-0.359835,6,FALSE,TRUE,-12.313115,10
NZ_CP025209.1,CDS,2028768,2029349,+,ID=gene-AL06_RS12455;Dbxref=GeneID:77100363;Name=AL06_RS12455;gbkey=Gene;gene_biotype=protein_coding;locus_tag=AL06_RS12455,AL06_RS12455,protein_coding,2028328,2028519,2029330,2029815,FALSE,TRUE,GGAGAGGAGGTGGGA,CCGGGCGCTCTTCGA,ATG,-12.313115,10,TRUE,FALSE,-1.29604,15
NZ_CP025209.1,CDS,2029330,2029815,+,ID=gene-AL06_RS12460;Dbxref=GeneID:77100364;Name=AL06_RS12460;gbkey=Gene;gene_biotype=protein_coding;locus_tag=AL06_RS12460,AL06_RS12460,protein_coding,2028768,2029349,2029958,2030341,TRUE,FALSE,CCGGGCGCTCTTCGA,TAACGTCGTCCACTA,ATG,-1.29604,15,FALSE,FALSE,1.77826,14
NZ_CP025209.1,CDS,2029958,2030341,+,ID=gene-AL06_RS12310;Dbxref=GeneID:69500644;Name=AL06_RS12310;gbkey=Gene;gene_biotype=protein_coding;locus_tag=AL06_RS12310,AL06_RS12310,protein_coding,2029330,2029815,2033922,2034119,FALSE,FALSE,TAACGTCGTCCACTA,AAAACCCAGGACGGT,GTG,1.77826,14,FALSE,TRUE,-7.44969,6
NZ_CP025209.1,CDS,2030363,2030833,-,ID=gene-AL06_RS10000;Dbxref=GeneID:69500234;Name=AL06_RS10000;gbkey=Gene;gene_biotype=protein_coding;locus_tag=AL06_RS10000;old_locus_tag=CXF52_RS10005,AL06_RS10000,protein_coding,2031303,2031434,2026516,2027232,FALSE,FALSE,GCCCAATCGAGGAGA,GATTTATCAAGGAGG,ATG,-6.768055,7,TRUE,TRUE,-11.71615,6
NZ_CP025209.1,CDS,2031303,2031434,-,ID=gene-AL06_RS12465;Dbxref=GeneID:77100365;Name=AL06_RS12465;gbkey=Gene;gene_biotype=protein_coding;locus_tag=AL06_RS12465,AL06_RS12465,protein_coding,2031448,2032851,2030363,2030833,FALSE,FALSE,GATTGAATCCAAGCA,GCCCAATCGAGGAGA,GTG,0.9151,8,FALSE,TRUE,-6.768055,7
NZ_CP025209.1,CDS,2031448,2032851,-,ID=gene-AL06_RS10015;Dbxref=GeneID:69500236;Name=AL06_RS10015;gbkey=Gene;gene_biotype=protein_coding;locus_tag=AL06_RS10015;old_locus_tag=CXF52_RS10020,AL06_RS10015,protein_coding,2032737,2033555,2031303,2031434,TRUE,FALSE,GAGTAAGAAGACCAG,GATTGAATCCAAGCA,ATG,-0.559835000000001,17,FALSE,FALSE,0.9151,8
NZ_CP025209.1,CDS,2032737,2033555,-,ID=gene-AL06_RS10020;Dbxref=GeneID:69500237;Name=AL06_RS10020;gbkey=Gene;gene_biotype=protein_coding;locus_tag=AL06_RS10020;old_locus_tag=CXF52_RS10025,AL06_RS10020,protein_coding,2033555,2033869,2031448,2032851,TRUE,TRUE,TCGACCATCCCGGAC,GAGTAAGAAGACCAG,ATG,-1.247805,6,FALSE,FALSE,-0.559835000000001,17
NZ_CP025209.1,CDS,2033555,2033869,-,ID=gene-AL06_RS10025;Dbxref=GeneID:69500238;Name=AL06_RS10025;gbkey=Gene;gene_biotype=protein_coding;locus_tag=AL06_RS10025;old_locus_tag=CXF52_RS10030,AL06_RS10025,protein_coding,2056054,2057778,2032737,2033555,FALSE,TRUE,TGAGGAAGGATCATC,TCGACCATCCCGGAC,ATG,-6.11615,12,TRUE,FALSE,-1.247805,6
NZ_CP025209.1,CDS,2033922,2034119,+,ID=gene-AL06_RS10030;Dbxref=GeneID:69500239;Name=AL06_RS10030;gbkey=Gene;gene_biotype=protein_coding;locus_tag=AL06_RS10030;old_locus_tag=CXF52_RS10035,AL06_RS10030,protein_coding,2029958,2030341,2034119,2034457,FALSE,TRUE,AAAACCCAGGACGGT,ACAAGAACTGTTTGA,GTG,-7.44969,6,TRUE,FALSE,0.9151,16
NZ_CP025209.1,CDS,2034119,2034457,+,ID=gene-AL06_RS10035;Dbxref=GeneID:69500240;Name=AL06_RS10035;gbkey=Gene;gene_biotype=protein_coding;locus_tag=AL06_RS10035;old_locus_tag=CXF52_RS10040,AL06_RS10035,protein_coding,2033922,2034119,2034444,2034998,TRUE,TRUE,ACAAGAACTGTTTGA,CGGGTTCGGCACGGT,ATG,0.9151,16,FALSE,FALSE,-3.00755,15
NZ_CP025209.1,CDS,2034444,2034998,+,ID=gene-AL06_RS10040;Dbxref=GeneID:69500241;Name=AL06_RS10040;gbkey=Gene;gene_biotype=protein_coding;locus_tag=AL06_RS10040;old_locus_tag=CXF52_RS10045,AL06_RS10040,protein_coding,2034119,2034457,2035512,2036594,TRUE,FALSE,CGGGTTCGGCACGGT,CACAGGAGAGACGGC,ATG,-3.00755,15,FALSE,TRUE,-6.468055,13
NZ_CP025209.1,CDS,2035512,2036594,+,ID=gene-AL06_RS10045;Dbxref=GeneID:69500242;Name=AL06_RS10045;gbkey=Gene;gene_biotype=protein_coding;locus_tag=AL06_RS10045;old_locus_tag=CXF52_RS10050,AL06_RS10045,protein_coding,2034444,2034998,2036637,2037782,FALSE,FALSE,CACAGGAGAGACGGC,ACCTAGAAAGGCCCG,GTG,-6.468055,13,TRUE,FALSE,-2.332995,10
NZ_CP025209.1,CDS,2036637,2037782,+,ID=gene-AL06_RS10050;Dbxref=GeneID:69500243;Name=AL06_RS10050;gbkey=Gene;gene_biotype=protein_coding;locus_tag=AL06_RS10050;old_locus_tag=CXF52_RS10055,AL06_RS10050,protein_coding,2035512,2036594,2037764,2043298,FALSE,TRUE,ACCTAGAAAGGCCCG,GGAACACAGGAGAGA,ATG,-2.332995,10,FALSE,TRUE,-6.468055,9
NZ_CP025209.1,CDS,2037764,2043298,+,ID=gene-AL06_RS10055;Dbxref=GeneID:69500244;Name=AL06_RS10055;gbkey=Gene;gene_biotype=protein_coding;locus_tag=AL06_RS10055;old_locus_tag=CXF52_RS10060,AL06_RS10055,protein_coding,2036637,2037782,2043291,2043899,TRUE,TRUE,GGAACACAGGAGAGA,ACGGAGAGGGAACAA,ATG,-6.468055,9,TRUE,TRUE,-4.456165,11
NZ_CP025209.1,CDS,2043291,2043899,+,ID=gene-AL06_RS10060;Dbxref=GeneID:69500245;Name=AL06_RS10060;gbkey=Gene;gene_biotype=protein_coding;locus_tag=AL06_RS10060;old_locus_tag=CXF52_RS10065,AL06_RS10060,protein_coding,2037764,2043298,2043896,2045527,TRUE,TRUE,ACGGAGAGGGAACAA,CGATTGATTTGGAGT,ATG,-4.456165,11,TRUE,TRUE,-3.60793,6
NZ_CP025209.1,CDS,2043896,2045527,+,ID=gene-AL06_RS10065;Dbxref=GeneID:69500246;Name=AL06_RS10065;gbkey=Gene;gene_biotype=protein_coding;locus_tag=AL06_RS10065;old_locus_tag=CXF52_RS10070,AL06_RS10065,protein_coding,2043291,2043899,2045540,2053111,TRUE,FALSE,CGATTGATTTGGAGT,AAGCTGAGAGGACAA,ATG,-3.60793,6,TRUE,TRUE,-4.40793,9
NZ_CP025209.1,CDS,2045540,2053111,+,ID=gene-AL06_RS10070;Dbxref=GeneID:69500247;Name=AL06_RS10070;gbkey=Gene;gene_biotype=protein_coding;locus_tag=AL06_RS10070;old_locus_tag=CXF52_RS10075,AL06_RS10070,protein_coding,2043896,2045527,2053203,2053829,FALSE,FALSE,AAGCTGAGAGGACAA,TAATCTGAAAGGAAA,ATG,-4.40793,9,TRUE,TRUE,-4.40793,8
NZ_CP025209.1,CDS,2053203,2053829,+,ID=gene-AL06_RS10075;Dbxref=GeneID:69500248;Name=AL06_RS10075;gbkey=Gene;gene_biotype=protein_coding;locus_tag=AL06_RS10075;old_locus_tag=CXF52_RS10080,AL06_RS10075,protein_coding,2045540,2053111,2053721,2054575,FALSE,TRUE,TAATCTGAAAGGAAA,CCTCTATTGGCCAGA,ATG,-4.40793,8,TRUE,FALSE,0.827129999999999,10
NZ_CP025209.1,CDS,2053721,2054575,+,ID=gene-AL06_RS10080;Dbxref=GeneID:69500249;Name=AL06_RS10080;gbkey=Gene;gene_biotype=protein_coding;locus_tag=AL06_RS10080;old_locus_tag=CXF52_RS10085,AL06_RS10080,protein_coding,2053203,2053829,2054590,2056050,TRUE,FALSE,CCTCTATTGGCCAGA,CGTGATAAAGCTGCA,TTG,0.827129999999999,10,FALSE,FALSE,0.9151,11
NZ_CP025209.1,CDS,2054590,2056050,+,ID=gene-AL06_RS10085;Dbxref=GeneID:69500250;Name=AL06_RS10085;gbkey=Gene;gene_biotype=protein_coding;locus_tag=AL06_RS10085;old_locus_tag=CXF52_RS10090,AL06_RS10085,protein_coding,2053721,2054575,2062630,2063694,FALSE,FALSE,CGTGATAAAGCTGCA,GTATATCCAGGGATG,GTG,0.9151,11,FALSE,TRUE,-4.156165,9
NZ_CP025209.1,CDS,2056054,2057778,-,ID=gene-AL06_RS10090;Dbxref=GeneID:69500251;Name=AL06_RS10090;gbkey=Gene;gene_biotype=protein_coding;locus_tag=AL06_RS10090;old_locus_tag=CXF52_RS10095,AL06_RS10090,protein_coding,2057778,2059544,2033555,2033869,TRUE,FALSE,TCCAAGGGGAGGAAA,TGAGGAAGGATCATC,ATG,-8.39374,8,TRUE,TRUE,-6.11615,12
NZ_CP025209.1,CDS,2057778,2059544,-,ID=gene-AL06_RS10095;Dbxref=GeneID:69500252;Name=AL06_RS10095;gbkey=Gene;gene_biotype=protein_coding;locus_tag=AL06_RS10095;old_locus_tag=CXF52_RS10100,AL06_RS10095,protein_coding,2059572,2060357,2056054,2057778,FALSE,TRUE,GTTAAGTAAAGAGGC,TCCAAGGGGAGGAAA,ATG,-3.60793,6,TRUE,TRUE,-8.39374,8
NZ_CP025209.1,CDS,2059572,2060357,-,ID=gene-AL06_RS10100;Dbxref=GeneID:69500253;Name=AL06_RS10100;gbkey=Gene;gene_biotype=protein_coding;locus_tag=AL06_RS10100;old_locus_tag=CXF52_RS10105,AL06_RS10100,protein_coding,2060354,2061571,2057778,2059544,TRUE,FALSE,ACCTAGCGAAAGGCG,GTTAAGTAAAGAGGC,ATG,-2.332995,8,FALSE,TRUE,-3.60793,6
NZ_CP025209.1,CDS,2060354,2061571,-,ID=gene-AL06_RS10105;Dbxref=GeneID:69500254;Name=AL06_RS10105;gbkey=Gene;gene_biotype=protein_coding;locus_tag=AL06_RS10105;old_locus_tag=CXF52_RS10110,AL06_RS10105,protein_coding,2061579,2062208,2059572,2060357,FALSE,TRUE,ATTACGGATTGAGAC,ACCTAGCGAAAGGCG,GTG,-1.247805,12,FALSE,FALSE,-2.332995,8
NZ_CP025209.1,CDS,2061579,2062208,-,ID=gene-AL06_RS10110;Dbxref=GeneID:69500255;Name=AL06_RS10110;gbkey=Gene;gene_biotype=protein_coding;locus_tag=AL06_RS10110;old_locus_tag=CXF52_RS10115,AL06_RS10110,protein_coding,2066072,2067475,2060354,2061571,FALSE,FALSE,CAAGCACAAAGGAGT,ATTACGGATTGAGAC,ATG,-6.768055,7,TRUE,FALSE,-1.247805,12
NZ_CP025209.1,CDS,2062630,2063694,+,ID=gene-AL06_RS10115;Dbxref=GeneID:69500256;Name=AL06_RS10115;gbkey=Gene;gene_biotype=protein_coding;locus_tag=AL06_RS10115;old_locus_tag=CXF52_RS10120,AL06_RS10115,protein_coding,2054590,2056050,2063691,2064452,FALSE,TRUE,GTATATCCAGGGATG,ACACCGGTGGAGGCT,ATG,-4.156165,9,TRUE,TRUE,-6.856025,7
NZ_CP025209.1,CDS,2063691,2064452,+,ID=gene-AL06_RS10120;Dbxref=GeneID:69500257;Name=AL06_RS10120;gbkey=Gene;gene_biotype=protein_coding;locus_tag=AL06_RS10120;old_locus_tag=CXF52_RS10125,AL06_RS10120,protein_coding,2062630,2063694,2064445,2065266,TRUE,TRUE,ACACCGGTGGAGGCT,GCTTTCCAGGGGAGG,GTG,-6.856025,7,TRUE,TRUE,-10.09374,5
NZ_CP025209.1,CDS,2064445,2065266,+,ID=gene-AL06_RS10125;Dbxref=GeneID:69500258;Name=AL06_RS10125;gbkey=Gene;gene_biotype=protein_coding;locus_tag=AL06_RS10125;old_locus_tag=CXF52_RS10130,AL06_RS10125,protein_coding,2063691,2064452,2069501,2070001,TRUE,FALSE,GCTTTCCAGGGGAGG,TTAATCTATACTGCC,ATG,-10.09374,5,TRUE,FALSE,3.775225,18
NZ_CP025209.1,CDS,2066072,2067475,-,ID=gene-AL06_RS10140;Dbxref=GeneID:69500260;Name=AL06_RS10140;gbkey=Gene;gene_biotype=protein_coding;locus_tag=AL06_RS10140;old_locus_tag=CXF52_RS10145,AL06_RS10140,protein_coding,2067666,2068001,2061579,2062208,FALSE,FALSE,GAGTAAGAAGACCAG,CAAGCACAAAGGAGT,ATG,-0.559835000000001,17,FALSE,TRUE,-6.768055,7
NZ_CP025209.1,CDS,2067666,2068001,-,ID=gene-AL06_RS10145;Dbxref=GeneID:69500261;Name=AL06_RS10145;gbkey=Gene;gene_biotype=protein_coding;locus_tag=AL06_RS10145;old_locus_tag=CXF52_RS10150,AL06_RS10145,protein_coding,2068181,2068369,2066072,2067475,FALSE,FALSE,CTTGTAGGGCATATT,GAGTAAGAAGACCAG,ATG,-4.256165,12,TRUE,FALSE,-0.559835000000001,17
NZ_CP025209.1,CDS,2068181,2068369,-,ID=gene-AL06_RS11920;Dbxref=GeneID:69500567;Name=AL06_RS11920;gbkey=Gene;gene_biotype=protein_coding;locus_tag=AL06_RS11920,AL06_RS11920,protein_coding,2073017,2074051,2067666,2068001,FALSE,FALSE,CACCAAAGCTGGGTG,CTTGTAGGGCATATT,GTG,-3.00755,6,FALSE,TRUE,-4.256165,12
NZ_CP025209.1,CDS,2069501,2070001,+,ID=gene-AL06_RS12315;Dbxref=GeneID:69500645;Name=AL06_RS12315;gbkey=Gene;gene_biotype=protein_coding;locus_tag=AL06_RS12315,AL06_RS12315,protein_coding,2064445,2065266,2069902,2070807,FALSE,TRUE,TTAATCTATACTGCC,GAATCTTTTTAGCGA,TTG,3.775225,18,FALSE,FALSE,1.1151,9
NZ_CP025209.1,CDS,2069902,2070807,+,ID=gene-AL06_RS10160;Dbxref=GeneID:69500262;Name=AL06_RS10160;gbkey=Gene;gene_biotype=protein_coding;locus_tag=AL06_RS10160;old_locus_tag=CXF52_RS10165,AL06_RS10160,protein_coding,2069501,2070001,2072715,2072894,TRUE,FALSE,GAATCTTTTTAGCGA,GGTTCTCTGTCTCAT,ATC,1.1151,9,FALSE,FALSE,-1.569835,17
NZ_CP025209.1,CDS,2072715,2072894,+,ID=gene-AL06_RS10170;Dbxref=GeneID:69500264;Name=AL06_RS10170;gbkey=Gene;gene_biotype=protein_coding;locus_tag=AL06_RS10170;old_locus_tag=CXF52_RS10175,AL06_RS10170,protein_coding,2069902,2070807,2083418,2084206,FALSE,FALSE,GGTTCTCTGTCTCAT,CTTTGATTATCTGGT,GTG,-1.569835,17,FALSE,FALSE,-0.806410000000001,5
NZ_CP025209.1,CDS,2073017,2074051,-,ID=gene-AL06_RS10175;Dbxref=GeneID:69500265;Name=fbaA;gbkey=Gene;gene=fbaA;gene_biotype=protein_coding;locus_tag=AL06_RS10175;old_locus_tag=CXF52_RS10180,fbaA,protein_coding,2074170,2075288,2068181,2068369,FALSE,FALSE,CCCACTGGAGGATTA,CACCAAAGCTGGGTG,ATG,-6.856025,9,TRUE,FALSE,-3.00755,6
NZ_CP025209.1,CDS,2074170,2075288,-,ID=gene-AL06_RS10180;Dbxref=GeneID:69500266;Name=AL06_RS10180;gbkey=Gene;gene_biotype=protein_coding;locus_tag=AL06_RS10180;old_locus_tag=CXF52_RS10185,AL06_RS10180,protein_coding,2075309,2075977,2073017,2074051,FALSE,FALSE,TTTCACACTCGTGAA,CCCACTGGAGGATTA,ATG,1.77826,8,FALSE,TRUE,-6.856025,9
NZ_CP025209.1,CDS,2075309,2075977,-,ID=gene-AL06_RS10185;Dbxref=GeneID:69500267;Name=AL06_RS10185;gbkey=Gene;gene_biotype=protein_coding;locus_tag=AL06_RS10185;old_locus_tag=CXF52_RS10190,AL06_RS10185,protein_coding,2075970,2076503,2074170,2075288,TRUE,FALSE,GGCTTGGAGGACTTG,TTTCACACTCGTGAA,TTG,-6.856025,10,TRUE,FALSE,1.77826,8
NZ_CP025209.1,CDS,2075970,2076503,-,ID=gene-AL06_RS10190;Dbxref=GeneID:69500268;Name=pyrE;gbkey=Gene;gene=pyrE;gene_biotype=protein_coding;locus_tag=AL06_RS10190;old_locus_tag=CXF52_RS10195,pyrE,protein_coding,2076559,2077473,2075309,2075977,FALSE,TRUE,TCTTAAGGAGCCTCC,GGCTTGGAGGACTTG,ATG,-6.768055,11,TRUE,TRUE,-6.856025,10
NZ_CP025209.1,CDS,2076559,2077473,-,ID=gene-AL06_RS10195;Dbxref=GeneID:69500269;Name=AL06_RS10195;gbkey=Gene;gene_biotype=protein_coding;locus_tag=AL06_RS10195;old_locus_tag=CXF52_RS10200,AL06_RS10195,protein_coding,2077473,2078297,2075970,2076503,TRUE,FALSE,AGAACCCTGTGGAAC,TCTTAAGGAGCCTCC,ATG,-1.247805,7,FALSE,TRUE,-6.768055,11
NZ_CP025209.1,CDS,2077473,2078297,-,ID=gene-AL06_RS10200;Dbxref=GeneID:69500270;Name=AL06_RS10200;gbkey=Gene;gene_biotype=protein_coding;locus_tag=AL06_RS10200;old_locus_tag=CXF52_RS10205,AL06_RS10200,protein_coding,2079387,2079905,2076559,2077473,FALSE,TRUE,GTGGATAGACTTTGG,AGAACCCTGTGGAAC,ATG,-3.256025,5,FALSE,FALSE,-1.247805,7
NZ_CP025209.1,CDS,2079387,2079905,-,ID=gene-AL06_RS10215;Dbxref=GeneID:69500271;Name=AL06_RS10215;gbkey=Gene;gene_biotype=protein_coding;locus_tag=AL06_RS10215;old_locus_tag=CXF52_RS10220,AL06_RS10215,protein_coding,2080211,2082760,2077473,2078297,FALSE,FALSE,TCAATTATTATGATT,GTGGATAGACTTTGG,GTG,2.00029,7,FALSE,FALSE,-3.256025,5
NZ_CP025209.1,CDS,2080211,2082760,-,ID=gene-AL06_RS10225;Dbxref=GeneID:69500272;Name=clpB;gbkey=Gene;gene=clpB;gene_biotype=protein_coding;locus_tag=AL06_RS10225;old_locus_tag=CXF52_RS10230,clpB,protein_coding,2082959,2083288,2079387,2079905,FALSE,FALSE,CGGAAGGAAATGATG,TCAATTATTATGATT,ATG,-5.11615,6,TRUE,FALSE,2.00029,7
NZ_CP025209.1,CDS,2082959,2083288,-,ID=gene-AL06_RS10230;Dbxref=GeneID:69500273;Name=AL06_RS10230;gbkey=Gene;gene_biotype=protein_coding;locus_tag=AL06_RS10230;old_locus_tag=CXF52_RS10235,AL06_RS10230,protein_coding,2086372,2086542,2080211,2082760,FALSE,FALSE,AAGGAGCATTTTTCC,CGGAAGGAAATGATG,ATG,-6.768055,15,TRUE,TRUE,-5.11615,6
NZ_CP025209.1,CDS,2083418,2084206,+,ID=gene-AL06_RS10235;Dbxref=GeneID:69500274;Name=AL06_RS10235;gbkey=Gene;gene_biotype=protein_coding;locus_tag=AL06_RS10235;old_locus_tag=CXF52_RS10240,AL06_RS10235,protein_coding,2072715,2072894,2084208,2085776,FALSE,FALSE,CTTTGATTATCTGGT,TGGTTAGGCGGCAAA,ATG,-0.806410000000001,5,FALSE,FALSE,-2.132995,13
NZ_CP025209.1,CDS,2084208,2085776,+,ID=gene-AL06_RS10240;Dbxref=GeneID:69500275;Name=AL06_RS10240;gbkey=Gene;gene_biotype=protein_coding;locus_tag=AL06_RS10240;old_locus_tag=CXF52_RS10245,AL06_RS10240,protein_coding,2083418,2084206,2085908,2086117,FALSE,FALSE,TGGTTAGGCGGCAAA,CGTTTTCCATAACCA,ATG,-2.132995,13,FALSE,FALSE,1.77826,17
NZ_CP025209.1,CDS,2085908,2086117,+,ID=gene-AL06_RS11750;Dbxref=GeneID:69500539;Name=AL06_RS11750;gbkey=Gene;gene_biotype=protein_coding;locus_tag=AL06_RS11750,AL06_RS11750,protein_coding,2084208,2085776,2089219,2090313,FALSE,FALSE,CGTTTTCCATAACCA,TACACTACGATTGGT,TTG,1.77826,17,FALSE,FALSE,-0.806410000000001,5
NZ_CP025209.1,CDS,2086372,2086542,-,ID=gene-AL06_RS11755;Dbxref=GeneID:69500540;Name=AL06_RS11755;gbkey=Gene;gene_biotype=protein_coding;locus_tag=AL06_RS11755,AL06_RS11755,protein_coding,2086700,2088037,2082959,2083288,FALSE,FALSE,ACCGTGCAGCCTAAC,AAGGAGCATTTTTCC,ATG,1.2151,12,FALSE,TRUE,-6.768055,15
NZ_CP025209.1,CDS,2086700,2088037,-,ID=gene-AL06_RS10250;Dbxref=GeneID:69500276;Name=AL06_RS10250;gbkey=Gene;gene_biotype=protein_coding;locus_tag=AL06_RS10250;old_locus_tag=CXF52_RS10255,AL06_RS10250,protein_coding,2088164,2089204,2086372,2086542,FALSE,FALSE,ATAGAGAAAGAAGGA,ACCGTGCAGCCTAAC,ATG,-4.50793,6,TRUE,FALSE,1.2151,12
NZ_CP025209.1,CDS,2088164,2089204,-,ID=gene-AL06_RS10255;Dbxref=GeneID:69500277;Name=AL06_RS10255;gbkey=Gene;gene_biotype=protein_coding;locus_tag=AL06_RS10255;old_locus_tag=CXF52_RS10260,AL06_RS10255,protein_coding,2090292,2091104,2086700,2088037,FALSE,FALSE,GTCACGGTTACCAAT,ATAGAGAAAGAAGGA,GTG,-1.469835,12,FALSE,TRUE,-4.50793,6
NZ_CP025209.1,CDS,2089219,2090313,+,ID=gene-AL06_RS10260;Dbxref=GeneID:69500278;Name=AL06_RS10260;gbkey=Gene;gene_biotype=protein_coding;locus_tag=AL06_RS10260;old_locus_tag=CXF52_RS10265,AL06_RS10260,protein_coding,2085908,2086117,2091219,2091458,FALSE,FALSE,TACACTACGATTGGT,CCACCACATCATCAG,GTG,-0.806410000000001,5,FALSE,FALSE,0.4151,6
NZ_CP025209.1,CDS,2090292,2091104,-,ID=gene-AL06_RS10265;Dbxref=GeneID:69500279;Name=AL06_RS10265;gbkey=Gene;gene_biotype=protein_coding;locus_tag=AL06_RS10265;old_locus_tag=CXF52_RS10270,AL06_RS10265,protein_coding,2092551,2093591,2088164,2089204,FALSE,FALSE,GCGCATAGTCTGGGG,GTCACGGTTACCAAT,ATG,-4.533755,5,TRUE,FALSE,-1.469835,12
NZ_CP025209.1,CDS,2091219,2091458,+,ID=gene-AL06_RS10270;Dbxref=GeneID:69500280;Name=AL06_RS10270;gbkey=Gene;gene_biotype=protein_coding;locus_tag=AL06_RS10270;old_locus_tag=CXF52_RS10275,AL06_RS10270,protein_coding,2089219,2090313,2095559,2097139,FALSE,FALSE,CCACCACATCATCAG,TCAGGAACACAAAGT,ATG,0.4151,6,FALSE,TRUE,-4.10793,15
NZ_CP025209.1,CDS,2092551,2093591,-,ID=gene-AL06_RS10280;Dbxref=GeneID:69500282;Name=adhP;gbkey=Gene;gene=adhP;gene_biotype=protein_coding;locus_tag=AL06_RS10280;old_locus_tag=CXF52_RS10285,adhP,protein_coding,2093746,2095266,2090292,2091104,FALSE,FALSE,CTAGAAAGGATTGCG,GCGCATAGTCTGGGG,ATG,-4.71615,6,TRUE,TRUE,-4.533755,5
NZ_CP025209.1,CDS,2093746,2095266,-,ID=gene-AL06_RS10285;Dbxref=GeneID:69500283;Name=AL06_RS10285;gbkey=Gene;gene_biotype=protein_coding;locus_tag=AL06_RS10285;old_locus_tag=CXF52_RS10290,AL06_RS10285,protein_coding,2097633,2098031,2092551,2093591,FALSE,FALSE,CCTCTAAGGGGTGGC,CTAGAAAGGATTGCG,ATG,-7.22615,8,TRUE,TRUE,-4.71615,6
NZ_CP025209.1,CDS,2095559,2097139,+,ID=gene-AL06_RS10290;Dbxref=GeneID:69500284;Name=AL06_RS10290;gbkey=Gene;gene_biotype=protein_coding;locus_tag=AL06_RS10290;old_locus_tag=CXF52_RS10295,AL06_RS10290,protein_coding,2091219,2091458,2102244,2103548,FALSE,FALSE,TCAGGAACACAAAGT,CGATCATGAAAGCGG,GTG,-4.10793,15,TRUE,FALSE,-0.872870000000002,5
NZ_CP025209.1,CDS,2097633,2098031,-,ID=gene-AL06_RS10295;Dbxref=GeneID:69500285;Name=AL06_RS10295;gbkey=Gene;gene_biotype=protein_coding;locus_tag=AL06_RS10295;old_locus_tag=CXF52_RS10300,AL06_RS10295,protein_coding,2098053,2099225,2093746,2095266,FALSE,FALSE,CGAGAAAGAGGTGAG,CCTCTAAGGGGTGGC,ATG,-5.904895,8,TRUE,TRUE,-7.22615,8
NZ_CP025209.1,CDS,2098053,2099225,-,ID=gene-AL06_RS10300;Dbxref=GeneID:69500286;Name=dnaJ;gbkey=Gene;gene=dnaJ;gene_biotype=protein_coding;locus_tag=AL06_RS10300;old_locus_tag=CXF52_RS10305,dnaJ,protein_coding,2099335,2099994,2097633,2098031,FALSE,FALSE,AGAAAGGAGGAGAAG,CGAGAAAGAGGTGAG,ATG,-10.01615,11,TRUE,TRUE,-5.904895,8
NZ_CP025209.1,CDS,2099335,2099994,-,ID=gene-AL06_RS10305;Dbxref=GeneID:69500287;Name=grpE;gbkey=Gene;gene=grpE;gene_biotype=protein_coding;locus_tag=AL06_RS10305;old_locus_tag=CXF52_RS10310,grpE,protein_coding,2099994,2101829,2098053,2099225,TRUE,FALSE,ACAAGGACGGAAACA,AGAAAGGAGGAGAAG,ATG,-6.11615,11,TRUE,TRUE,-10.01615,11
NZ_CP025209.1,CDS,2099994,2101829,-,ID=gene-AL06_RS10310;Dbxref=GeneID:69500288;Name=dnaK;gbkey=Gene;gene=dnaK;gene_biotype=protein_coding;locus_tag=AL06_RS10310;old_locus_tag=CXF52_RS10315,dnaK,protein_coding,2104994,2105635,2099335,2099994,FALSE,TRUE,CAAATCAGGAGGAAA,ACAAGGACGGAAACA,ATG,-9.71615,9,TRUE,TRUE,-6.11615,11
NZ_CP025209.1,CDS,2102244,2103548,+,ID=gene-AL06_RS10315;Dbxref=GeneID:69500289;Name=AL06_RS10315;gbkey=Gene;gene_biotype=protein_coding;locus_tag=AL06_RS10315;old_locus_tag=CXF52_RS10320,AL06_RS10315,protein_coding,2095559,2097139,2103598,2104920,FALSE,FALSE,CGATCATGAAAGCGG,TGTGGCACTATAGGT,ATG,-0.872870000000002,5,FALSE,FALSE,-3.166535,5
NZ_CP025209.1,CDS,2103598,2104920,+,ID=gene-AL06_RS10320;Dbxref=GeneID:69500290;Name=AL06_RS10320;gbkey=Gene;gene_biotype=protein_coding;locus_tag=AL06_RS10320;old_locus_tag=CXF52_RS10325,AL06_RS10320,protein_coding,2102244,2103548,2112932,2113207,FALSE,FALSE,TGTGGCACTATAGGT,GTCGTTCCAAACATC,ATG,-3.166535,5,FALSE,FALSE,1.57826,18
NZ_CP025209.1,CDS,2104994,2105635,-,ID=gene-AL06_RS10325;Dbxref=GeneID:69500291;Name=AL06_RS10325;gbkey=Gene;gene_biotype=protein_coding;locus_tag=AL06_RS10325;old_locus_tag=CXF52_RS10330,AL06_RS10325,protein_coding,2105622,2107250,2099994,2101829,TRUE,FALSE,CTAGAAAAGGAGGCA,CAAATCAGGAGGAAA,ATG,-10.01615,8,TRUE,TRUE,-9.71615,9
NZ_CP025209.1,CDS,2105622,2107250,-,ID=gene-AL06_RS10330;Dbxref=GeneID:69500292;Name=AL06_RS10330;gbkey=Gene;gene_biotype=protein_coding;locus_tag=AL06_RS10330;old_locus_tag=CXF52_RS10335,AL06_RS10330,protein_coding,2107243,2108193,2104994,2105635,TRUE,TRUE,ATCGATCCGAGGGTA,CTAGAAAAGGAGGCA,ATG,-4.878055,5,TRUE,TRUE,-10.01615,8
NZ_CP025209.1,CDS,2107243,2108193,-,ID=gene-AL06_RS10335;Dbxref=GeneID:69500293;Name=AL06_RS10335;gbkey=Gene;gene_biotype=protein_coding;locus_tag=AL06_RS10335;old_locus_tag=CXF52_RS10340,AL06_RS10335,protein_coding,2108242,2109846,2105622,2107250,FALSE,TRUE,TCTCCACGGAGTCAC,ATCGATCCGAGGGTA,ATG,-3.60793,9,TRUE,TRUE,-4.878055,5
NZ_CP025209.1,CDS,2108242,2109846,-,ID=gene-AL06_RS10340;Dbxref=GeneID:69500294;Name=AL06_RS10340;gbkey=Gene;gene_biotype=protein_coding;locus_tag=AL06_RS10340;old_locus_tag=CXF52_RS10345,AL06_RS10340,protein_coding,2110048,2111649,2107243,2108193,FALSE,FALSE,CTCATTGATCGGACA,TCTCCACGGAGTCAC,ATG,-1.247805,7,FALSE,TRUE,-3.60793,9
NZ_CP025209.1,CDS,2110048,2111649,-,ID=gene-AL06_RS10345;Dbxref=GeneID:69500295;Name=AL06_RS10345;gbkey=Gene;gene_biotype=protein_coding;locus_tag=AL06_RS10345;old_locus_tag=CXF52_RS10350,AL06_RS10345,protein_coding,2111982,2112260,2108242,2109846,FALSE,FALSE,CAACAGAAAGTTGAG,CTCATTGATCGGACA,ATG,-1.159835,5,FALSE,FALSE,-1.247805,7
NZ_CP025209.1,CDS,2111982,2112260,-,ID=gene-AL06_RS11765;Dbxref=GeneID:69500541;Name=AL06_RS11765;gbkey=Gene;gene_biotype=protein_coding;locus_tag=AL06_RS11765,AL06_RS11765,protein_coding,2115459,2118474,2110048,2111649,FALSE,FALSE,CCGTTCCATCTGACG,CAACAGAAAGTTGAG,TTG,1.77826,16,FALSE,FALSE,-1.159835,5
NZ_CP025209.1,CDS,2112932,2113207,+,ID=gene-AL06_RS11770;Dbxref=GeneID:69500542;Name=AL06_RS11770;gbkey=Gene;gene_biotype=protein_coding;locus_tag=AL06_RS11770,AL06_RS11770,protein_coding,2103598,2104920,2120948,2124664,FALSE,FALSE,GTCGTTCCAAACATC,TGAAAGGTGCACCAT,TTG,1.57826,18,FALSE,TRUE,-3.82996,12
NZ_CP025209.1,rRNA,2115459,2118474,-,ID=gene-AL06_RS10365;Dbxref=GeneID:69500296;Name=AL06_RS10365;gbkey=Gene;gene_biotype=rRNA;locus_tag=AL06_RS10365;old_locus_tag=CXF52_RS10370,AL06_RS10365,rRNA,2118807,2120249,2111982,2112260,FALSE,FALSE,TCTTAGTGTTTTGTT,CCGTTCCATCTGACG,TGT,1.1151,15,FALSE,FALSE,1.77826,16
NZ_CP025209.1,rRNA,2118807,2120249,-,ID=gene-AL06_RS10370;Dbxref=GeneID:69500297;Name=AL06_RS10370;gbkey=Gene;gene_biotype=rRNA;locus_tag=AL06_RS10370;old_locus_tag=CXF52_RS10375,AL06_RS10370,rRNA,2124775,2125200,2115459,2118474,FALSE,FALSE,GTTGGTCTTTTGACT,TCTTAGTGTTTTGTT,TTT,-1.469835,14,FALSE,FALSE,1.1151,15
NZ_CP025209.1,CDS,2120948,2124664,+,ID=gene-AL06_RS10380;Dbxref=GeneID:69500298;Name=AL06_RS10380;gbkey=Gene;gene_biotype=protein_coding;locus_tag=AL06_RS10380;old_locus_tag=CXF52_RS10385,AL06_RS10380,protein_coding,2112932,2113207,2133197,2133685,FALSE,FALSE,TGAAAGGTGCACCAT,GAGCAGAAAGGGTAC,ATG,-3.82996,12,TRUE,TRUE,-4.878055,6
NZ_CP025209.1,CDS,2124775,2125200,-,ID=gene-AL06_RS12330;Dbxref=GeneID:69500648;Name=AL06_RS12330;gbkey=Gene;gene_biotype=protein_coding;locus_tag=AL06_RS12330,AL06_RS12330,protein_coding,2126999,2128036,2118807,2120249,FALSE,FALSE,CGCTGGCGGGGAATC,GTTGGTCTTTTGACT,ATC,-2.833755,9,FALSE,FALSE,-1.469835,14
NZ_CP025209.1,CDS,2126999,2128036,-,ID=gene-AL06_RS10405;Dbxref=GeneID:69500299;Name=AL06_RS10405;gbkey=Gene;gene_biotype=protein_coding;locus_tag=AL06_RS10405;old_locus_tag=CXF52_RS10410,AL06_RS10405,protein_coding,2128081,2128890,2124775,2125200,FALSE,FALSE,ACTAGATTAAGGAAC,CGCTGGCGGGGAATC,ATG,-4.40793,8,TRUE,FALSE,-2.833755,9
NZ_CP025209.1,CDS,2128081,2128890,-,ID=gene-AL06_RS10410;Dbxref=GeneID:69500300;Name=AL06_RS10410;gbkey=Gene;gene_biotype=protein_coding;locus_tag=AL06_RS10410;old_locus_tag=CXF52_RS10415,AL06_RS10410,protein_coding,2128942,2129997,2126999,2128036,FALSE,FALSE,AACCAAGGAGTTACT,ACTAGATTAAGGAAC,TTG,-6.768055,11,TRUE,TRUE,-4.40793,8
NZ_CP025209.1,CDS,2128942,2129997,-,ID=gene-AL06_RS10415;Dbxref=GeneID:69500301;Name=AL06_RS10415;gbkey=Gene;gene_biotype=protein_coding;locus_tag=AL06_RS10415;old_locus_tag=CXF52_RS10420,AL06_RS10415,protein_coding,2129994,2130914,2128081,2128890,TRUE,FALSE,AGACAAGGATGCGCG,AACCAAGGAGTTACT,ATG,-4.40793,12,TRUE,TRUE,-6.768055,11
NZ_CP025209.1,CDS,2129994,2130914,-,ID=gene-AL06_RS10420;Dbxref=GeneID:69500302;Name=AL06_RS10420;gbkey=Gene;gene_biotype=protein_coding;locus_tag=AL06_RS10420;old_locus_tag=CXF52_RS10425,AL06_RS10420,protein_coding,2131028,2132095,2128942,2129997,FALSE,TRUE,GGCAGTGGTGTTGTC,AGACAAGGATGCGCG,ATG,-1.469835,11,FALSE,TRUE,-4.40793,12
NZ_CP025209.1,CDS,2131028,2132095,-,ID=gene-AL06_RS10425;Dbxref=GeneID:69500303;Name=AL06_RS10425;gbkey=Gene;gene_biotype=protein_coding;locus_tag=AL06_RS10425;old_locus_tag=CXF52_RS10430,AL06_RS10425,protein_coding,2132475,2132810,2129994,2130914,FALSE,FALSE,ACACTACAAAGGGAC,GGCAGTGGTGTTGTC,ATG,-4.456165,8,TRUE,FALSE,-1.469835,11
NZ_CP025209.1,CDS,2132475,2132810,-,ID=gene-AL06_RS12340;Dbxref=GeneID:69500650;Name=AL06_RS12340;gbkey=Gene;gene_biotype=protein_coding;locus_tag=AL06_RS12340,AL06_RS12340,protein_coding,2132728,2133069,2131028,2132095,TRUE,FALSE,ATCAAACACGACTTT,ACACTACAAAGGGAC,ATG,2.00029,9,FALSE,TRUE,-4.456165,8
NZ_CP025209.1,CDS,2132728,2133069,-,ID=gene-AL06_RS12345;Dbxref=GeneID:69500651;Name=AL06_RS12345;gbkey=Gene;gene_biotype=protein_coding;locus_tag=AL06_RS12345,AL06_RS12345,protein_coding,2137100,2138191,2132475,2132810,FALSE,TRUE,GGGCGCCACAACAAG,ATCAAACACGACTTT,ATG,-1.39604,17,FALSE,FALSE,2.00029,9
NZ_CP025209.1,CDS,2133197,2133685,+,ID=gene-AL06_RS10445;Dbxref=GeneID:69500305;Name=AL06_RS10445;gbkey=Gene;gene_biotype=protein_coding;locus_tag=AL06_RS10445;old_locus_tag=CXF52_RS10445,AL06_RS10445,protein_coding,2120948,2124664,2136357,2137007,FALSE,FALSE,GAGCAGAAAGGGTAC,GGGTGTTCCCTGATA,ATG,-4.878055,6,TRUE,FALSE,-3.00755,16
NZ_CP025209.1,CDS,2136357,2137007,+,ID=gene-AL06_RS10455;Dbxref=GeneID:69500307;Name=AL06_RS10455;gbkey=Gene;gene_biotype=protein_coding;locus_tag=AL06_RS10455;old_locus_tag=CXF52_RS10455,AL06_RS10455,protein_coding,2133197,2133685,2138433,2139704,FALSE,FALSE,GGGTGTTCCCTGATA,AAGTGGCAACATTGG,ATG,-3.00755,16,FALSE,FALSE,-0.872870000000002,5
NZ_CP025209.1,CDS,2137100,2138191,-,ID=gene-AL06_RS10460;Dbxref=GeneID:69500308;Name=AL06_RS10460;gbkey=Gene;gene_biotype=protein_coding;locus_tag=AL06_RS10460;old_locus_tag=CXF52_RS10460,AL06_RS10460,protein_coding,2144298,2144975,2132728,2133069,FALSE,FALSE,CGATTGAAGGAGAAC,GGGCGCCACAACAAG,ATG,-6.768055,9,TRUE,FALSE,-1.39604,17
NZ_CP025209.1,CDS,2138433,2139704,+,ID=gene-AL06_RS10465;Dbxref=GeneID:69500309;Name=AL06_RS10465;gbkey=Gene;gene_biotype=protein_coding;locus_tag=AL06_RS10465;old_locus_tag=CXF52_RS10465,AL06_RS10465,protein_coding,2136357,2137007,2139727,2141016,FALSE,FALSE,AAGTGGCAACATTGG,CAGGGAAAGGGTTTT,ATG,-0.872870000000002,5,FALSE,TRUE,-7.03894,9
NZ_CP025209.1,CDS,2139727,2141016,+,ID=gene-AL06_RS10470;Dbxref=GeneID:69500310;Name=AL06_RS10470;gbkey=Gene;gene_biotype=protein_coding;locus_tag=AL06_RS10470;old_locus_tag=CXF52_RS10470,AL06_RS10470,protein_coding,2138433,2139704,2141042,2144191,FALSE,FALSE,CAGGGAAAGGGTTTT,AGCTTATAACATCGT,GTG,-7.03894,9,TRUE,FALSE,1.5151,18
NZ_CP025209.1,CDS,2141042,2144191,+,ID=gene-AL06_RS10475;Dbxref=GeneID:69500311;Name=lysX;gbkey=Gene;gene=lysX;gene_biotype=protein_coding;locus_tag=AL06_RS10475;old_locus_tag=CXF52_RS10475,lysX,protein_coding,2139727,2141016,2147417,2147487,FALSE,FALSE,AGCTTATAACATCGT,GCTACTGAAAAATAG,ATG,1.5151,18,FALSE,FALSE,0.315099999999999,6
NZ_CP025209.1,CDS,2144298,2144975,-,ID=gene-AL06_RS10485;Dbxref=GeneID:69500312;Name=AL06_RS10485;gbkey=Gene;gene_biotype=protein_coding;locus_tag=AL06_RS10485;old_locus_tag=CXF52_RS10485,AL06_RS10485,protein_coding,2144938,2145558,2137100,2138191,TRUE,FALSE,TCGACTATTCTGCCC,CGATTGAAGGAGAAC,ATG,2.00029,16,FALSE,TRUE,-6.768055,9
NZ_CP025209.1,CDS,2144938,2145558,-,ID=gene-AL06_RS10490;Dbxref=GeneID:69500313;Name=AL06_RS10490;gbkey=Gene;gene_biotype=protein_coding;locus_tag=AL06_RS10490;old_locus_tag=CXF52_RS10490,AL06_RS10490,protein_coding,2145583,2146788,2144298,2144975,FALSE,TRUE,GCGGTTTAAGGTAGC,TCGACTATTCTGCCC,ATG,-3.92996,8,TRUE,FALSE,2.00029,16
NZ_CP025209.1,CDS,2145583,2146788,-,ID=gene-AL06_RS10495;Dbxref=GeneID:69500314;Name=AL06_RS10495;gbkey=Gene;gene_biotype=protein_coding;locus_tag=AL06_RS10495;old_locus_tag=CXF52_RS10495,AL06_RS10495,protein_coding,2146794,2147357,2144938,2145558,FALSE,FALSE,TCAACTTCCGGTAGT,GCGGTTTAAGGTAGC,ATG,-1.569835,8,FALSE,TRUE,-3.92996,8
NZ_CP025209.1,CDS,2146794,2147357,-,ID=gene-AL06_RS10500;Dbxref=GeneID:69500315;Name=dcd;gbkey=Gene;gene=dcd;gene_biotype=protein_coding;locus_tag=AL06_RS10500;old_locus_tag=CXF52_RS10500,dcd,protein_coding,2147979,2148140,2145583,2146788,FALSE,FALSE,ATCGCGTACACTAAA,TCAACTTCCGGTAGT,GTG,1.67826,13,FALSE,FALSE,-1.569835,8
NZ_CP025209.1,tRNA,2147417,2147487,+,ID=gene-AL06_RS10505;Dbxref=GeneID:69500316;Name=AL06_RS10505;gbkey=Gene;gene_biotype=tRNA;locus_tag=AL06_RS10505;old_locus_tag=CXF52_RS10505,AL06_RS10505,tRNA,2141042,2144191,2148227,2148784,FALSE,FALSE,GCTACTGAAAAATAG,GGGAGAAAGAGTTCT,GCC,0.315099999999999,6,FALSE,TRUE,-5.890705,8
NZ_CP025209.1,CDS,2147979,2148140,-,ID=gene-AL06_RS11935;Dbxref=GeneID:69500569;Name=AL06_RS11935;gbkey=Gene;gene_biotype=protein_coding;locus_tag=AL06_RS11935,AL06_RS11935,protein_coding,2148903,2149295,2146794,2147357,FALSE,FALSE,ATCAATCTGGAGAAA,ATCGCGTACACTAAA,ATG,-3.60793,8,TRUE,FALSE,1.67826,13
NZ_CP025209.1,CDS,2148227,2148784,+,ID=gene-AL06_RS10515;Dbxref=GeneID:69500317;Name=AL06_RS10515;gbkey=Gene;gene_biotype=protein_coding;locus_tag=AL06_RS10515;old_locus_tag=CXF52_RS10515,AL06_RS10515,protein_coding,2147417,2147487,2149555,2150541,FALSE,FALSE,GGGAGAAAGAGTTCT,CGGTAACCTTATAGA,ATG,-5.890705,8,TRUE,FALSE,-1.569835,16
NZ_CP025209.1,CDS,2148903,2149295,-,ID=gene-AL06_RS10520;Dbxref=GeneID:69500318;Name=AL06_RS10520;gbkey=Gene;gene_biotype=protein_coding;locus_tag=AL06_RS10520;old_locus_tag=CXF52_RS10520,AL06_RS10520,protein_coding,2150538,2150924,2147979,2148140,FALSE,FALSE,TCAGAATAGGAGCCT,ATCAATCTGGAGAAA,ATG,-6.568055,9,TRUE,TRUE,-3.60793,8
NZ_CP025209.1,CDS,2149555,2150541,+,ID=gene-AL06_RS10525;Dbxref=GeneID:69500319;Name=AL06_RS10525;gbkey=Gene;gene_biotype=protein_coding;locus_tag=AL06_RS10525;old_locus_tag=CXF52_RS10525,AL06_RS10525,protein_coding,2148227,2148784,2151268,2151510,FALSE,FALSE,CGGTAACCTTATAGA,ACCCCAGCTTGGAGC,ATG,-1.569835,16,FALSE,TRUE,-3.60793,6
NZ_CP025209.1,CDS,2150538,2150924,-,ID=gene-AL06_RS10530;Dbxref=GeneID:69500320;Name=AL06_RS10530;gbkey=Gene;gene_biotype=protein_coding;locus_tag=AL06_RS10530;old_locus_tag=CXF52_RS10530,AL06_RS10530,protein_coding,2151638,2153392,2148903,2149295,FALSE,FALSE,TACCGTCAAGTCCGG,TCAGAATAGGAGCCT,TTG,-0.872870000000002,5,FALSE,TRUE,-6.568055,9
NZ_CP025209.1,CDS,2151268,2151510,+,ID=gene-AL06_RS11940;Dbxref=GeneID:69500570;Name=AL06_RS11940;gbkey=Gene;gene_biotype=protein_coding;locus_tag=AL06_RS11940,AL06_RS11940,protein_coding,2149555,2150541,2156485,2157984,FALSE,FALSE,ACCCCAGCTTGGAGC,AAAGGACACCGAACC,GTG,-3.60793,6,TRUE,TRUE,-4.40793,15
NZ_CP025209.1,CDS,2151638,2153392,-,ID=gene-AL06_RS10535;Dbxref=GeneID:69500321;Name=AL06_RS10535;gbkey=Gene;gene_biotype=protein_coding;locus_tag=AL06_RS10535;old_locus_tag=CXF52_RS10535,AL06_RS10535,protein_coding,2153395,2155176,2150538,2150924,FALSE,FALSE,AAGGGGAAGGGAAGT,TACCGTCAAGTCCGG,ATG,-6.51615,11,TRUE,FALSE,-0.872870000000002,5
NZ_CP025209.1,CDS,2153395,2155176,-,ID=gene-AL06_RS10540;Dbxref=GeneID:69500322;Name=AL06_RS10540;gbkey=Gene;gene_biotype=protein_coding;locus_tag=AL06_RS10540;old_locus_tag=CXF52_RS10540,AL06_RS10540,protein_coding,2155229,2155837,2151638,2153392,FALSE,FALSE,TACAAGGATCAGTGC,AAGGGGAAGGGAAGT,ATG,-4.40793,13,TRUE,TRUE,-6.51615,11
NZ_CP025209.1,CDS,2155229,2155837,-,ID=gene-AL06_RS10545;Dbxref=GeneID:69500323;Name=AL06_RS10545;gbkey=Gene;gene_biotype=protein_coding;locus_tag=AL06_RS10545;old_locus_tag=CXF52_RS10545,AL06_RS10545,protein_coding,2155768,2156097,2153395,2155176,TRUE,FALSE,CGCCACGGGCAAACA,TACAAGGATCAGTGC,GTG,-1.29604,11,FALSE,TRUE,-4.40793,13
NZ_CP025209.1,CDS,2155768,2156097,-,ID=gene-AL06_RS10550;Dbxref=GeneID:69500324;Name=AL06_RS10550;gbkey=Gene;gene_biotype=protein_coding;locus_tag=AL06_RS10550;old_locus_tag=CXF52_RS10550,AL06_RS10550,protein_coding,2164121,2165599,2155229,2155837,FALSE,TRUE,TTGTGGGAGGAAACA,CGCCACGGGCAAACA,ATG,-8.39374,10,TRUE,FALSE,-1.29604,11
NZ_CP025209.1,CDS,2156485,2157984,+,ID=gene-AL06_RS10555;Dbxref=GeneID:69500325;Name=AL06_RS10555;gbkey=Gene;gene_biotype=protein_coding;locus_tag=AL06_RS10555;old_locus_tag=CXF52_RS10555,AL06_RS10555,protein_coding,2151268,2151510,2157997,2158950,FALSE,FALSE,AAAGGACACCGAACC,CAAGTAATCCCACGG,ATG,-4.40793,15,TRUE,FALSE,-0.872870000000002,5
NZ_CP025209.1,CDS,2157997,2158950,+,ID=gene-AL06_RS10560;Dbxref=GeneID:69500326;Name=AL06_RS10560;gbkey=Gene;gene_biotype=protein_coding;locus_tag=AL06_RS10560;old_locus_tag=CXF52_RS10560,AL06_RS10560,protein_coding,2156485,2157984,2158947,2159768,FALSE,TRUE,CAAGTAATCCCACGG,ACATCCAAGGACGCC,GTG,-0.872870000000002,5,FALSE,TRUE,-4.40793,10
NZ_CP025209.1,CDS,2158947,2159768,+,ID=gene-AL06_RS10565;Dbxref=GeneID:69500327;Name=AL06_RS10565;gbkey=Gene;gene_biotype=protein_coding;locus_tag=AL06_RS10565;old_locus_tag=CXF52_RS10565,AL06_RS10565,protein_coding,2157997,2158950,2159765,2161171,TRUE,TRUE,ACATCCAAGGACGCC,AGCACACCGGAGGCC,ATG,-4.40793,10,TRUE,TRUE,-6.856025,7
NZ_CP025209.1,CDS,2159765,2161171,+,ID=gene-AL06_RS10570;Dbxref=GeneID:69500328;Name=AL06_RS10570;gbkey=Gene;gene_biotype=protein_coding;locus_tag=AL06_RS10570;old_locus_tag=CXF52_RS10570,AL06_RS10570,protein_coding,2158947,2159768,2161280,2162584,TRUE,FALSE,AGCACACCGGAGGCC,TATGTAACGCCTTCT,ATG,-6.856025,7,TRUE,FALSE,1.67826,15
NZ_CP025209.1,CDS,2161280,2162584,+,ID=gene-AL06_RS10575;Dbxref=GeneID:69500329;Name=AL06_RS10575;gbkey=Gene;gene_biotype=protein_coding;locus_tag=AL06_RS10575;old_locus_tag=CXF52_RS10575,AL06_RS10575,protein_coding,2159765,2161171,2162681,2162884,FALSE,FALSE,TATGTAACGCCTTCT,TTGCTGGCCTACCTT,ATG,1.67826,15,FALSE,FALSE,0.827129999999999,13
NZ_CP025209.1,CDS,2162681,2162884,+,ID=gene-AL06_RS10580;Dbxref=GeneID:69500330;Name=AL06_RS10580;gbkey=Gene;gene_biotype=protein_coding;locus_tag=AL06_RS10580;old_locus_tag=CXF52_RS10580,AL06_RS10580,protein_coding,2161280,2162584,2162913,2164124,FALSE,FALSE,TTGCTGGCCTACCTT,GTTGGGTACGTTCAC,ATG,0.827129999999999,13,FALSE,FALSE,-3.10755,13
NZ_CP025209.1,CDS,2162913,2164124,+,ID=gene-AL06_RS10585;Dbxref=GeneID:69500331;Name=AL06_RS10585;gbkey=Gene;gene_biotype=protein_coding;locus_tag=AL06_RS10585;old_locus_tag=CXF52_RS10585,AL06_RS10585,protein_coding,2162681,2162884,2169289,2169477,FALSE,FALSE,GTTGGGTACGTTCAC,CCACGCTAGAGTAGT,ATG,-3.10755,13,FALSE,FALSE,-2.14147,5
NZ_CP025209.1,CDS,2164121,2165599,-,ID=gene-AL06_RS10590;Dbxref=GeneID:69500332;Name=AL06_RS10590;gbkey=Gene;gene_biotype=protein_coding;locus_tag=AL06_RS10590;old_locus_tag=CXF52_RS10590,AL06_RS10590,protein_coding,2165601,2166392,2155768,2156097,FALSE,FALSE,GCAGCTATCCTTGTC,TTGTGGGAGGAAACA,ATG,1.2151,17,FALSE,TRUE,-8.39374,10
NZ_CP025209.1,CDS,2165601,2166392,-,ID=gene-AL06_RS10595;Dbxref=GeneID:69500333;Name=AL06_RS10595;gbkey=Gene;gene_biotype=protein_coding;locus_tag=AL06_RS10595;old_locus_tag=CXF52_RS10595,AL06_RS10595,protein_coding,2166415,2168097,2164121,2165599,FALSE,FALSE,GGGCGTAGAGTTAGG,GCAGCTATCCTTGTC,ATG,-3.332995,6,FALSE,FALSE,1.2151,17
NZ_CP025209.1,CDS,2166415,2168097,-,ID=gene-AL06_RS10600;Dbxref=GeneID:69500334;Name=AL06_RS10600;gbkey=Gene;gene_biotype=protein_coding;locus_tag=AL06_RS10600;old_locus_tag=CXF52_RS10600,AL06_RS10600,protein_coding,2168103,2169254,2165601,2166392,FALSE,FALSE,GAGTCGCAGGCTAAG,GGGCGTAGAGTTAGG,GTG,-3.768055,6,TRUE,FALSE,-3.332995,6
NZ_CP025209.1,CDS,2168103,2169254,-,ID=gene-AL06_RS10605;Dbxref=GeneID:69500335;Name=AL06_RS10605;gbkey=Gene;gene_biotype=protein_coding;locus_tag=AL06_RS10605;old_locus_tag=CXF52_RS10605,AL06_RS10605,protein_coding,2172447,2173556,2166415,2168097,FALSE,FALSE,GTGGTTTACTAGATA,GAGTCGCAGGCTAAG,ATG,-1.469835,15,FALSE,TRUE,-3.768055,6
NZ_CP025209.1,CDS,2169289,2169477,+,ID=gene-AL06_RS10610;Dbxref=GeneID:69500336;Name=AL06_RS10610;gbkey=Gene;gene_biotype=protein_coding;locus_tag=AL06_RS10610;old_locus_tag=CXF52_RS10610,AL06_RS10610,protein_coding,2162913,2164124,2169478,2172555,FALSE,FALSE,CCACGCTAGAGTAGT,GTACGGATCCCGCAA,ATG,-2.14147,5,FALSE,FALSE,-1.247805,13
NZ_CP025209.1,CDS,2169478,2172555,+,ID=gene-AL06_RS10615;Dbxref=GeneID:69500337;Name=AL06_RS10615;gbkey=Gene;gene_biotype=protein_coding;locus_tag=AL06_RS10615;old_locus_tag=CXF52_RS10615,AL06_RS10615,protein_coding,2169289,2169477,2173599,2174693,FALSE,FALSE,GTACGGATCCCGCAA,TGAGCACACAAGGGT,ATG,-1.247805,13,FALSE,TRUE,-4.456165,7
NZ_CP025209.1,CDS,2172447,2173556,-,ID=gene-AL06_RS10620;Dbxref=GeneID:69500338;Name=AL06_RS10620;gbkey=Gene;gene_biotype=protein_coding;locus_tag=AL06_RS10620;old_locus_tag=CXF52_RS10620,AL06_RS10620,protein_coding,2175979,2177103,2168103,2169254,FALSE,FALSE,TCGACTAGGATCCGT,GTGGTTTACTAGATA,GTG,-4.20793,11,TRUE,FALSE,-1.469835,15
NZ_CP025209.1,CDS,2173599,2174693,+,ID=gene-AL06_RS10625;Dbxref=GeneID:69500339;Name=AL06_RS10625;gbkey=Gene;gene_biotype=protein_coding;locus_tag=AL06_RS10625;old_locus_tag=CXF52_RS10625,AL06_RS10625,protein_coding,2169478,2172555,2174684,2176096,FALSE,TRUE,TGAGCACACAAGGGT,GACGCCGCAGCGAAC,ATG,-4.456165,7,TRUE,FALSE,1.2151,11
NZ_CP025209.1,CDS,2174684,2176096,+,ID=gene-AL06_RS10630;Dbxref=GeneID:69500340;Name=AL06_RS10630;gbkey=Gene;gene_biotype=protein_coding;locus_tag=AL06_RS10630;old_locus_tag=CXF52_RS10630,AL06_RS10630,protein_coding,2173599,2174693,2177175,2177909,TRUE,FALSE,GACGCCGCAGCGAAC,TTGTGCCAAGATAAA,ATG,1.2151,11,FALSE,FALSE,0.9151,11
NZ_CP025209.1,CDS,2175979,2177103,-,ID=gene-AL06_RS10635;Dbxref=GeneID:69500341;Name=AL06_RS10635;gbkey=Gene;gene_biotype=protein_coding;locus_tag=AL06_RS10635;old_locus_tag=CXF52_RS10635,AL06_RS10635,protein_coding,2177934,2179772,2172447,2173556,FALSE,FALSE,GCCTACGATGGAGGC,TCGACTAGGATCCGT,ATG,-6.856025,6,TRUE,TRUE,-4.20793,11
NZ_CP025209.1,CDS,2177175,2177909,+,ID=gene-AL06_RS10640;Dbxref=GeneID:69500342;Name=AL06_RS10640;gbkey=Gene;gene_biotype=protein_coding;locus_tag=AL06_RS10640;old_locus_tag=CXF52_RS10640,AL06_RS10640,protein_coding,2174684,2176096,2180229,2181008,FALSE,FALSE,TTGTGCCAAGATAAA,GAGGGGCACAATAGT,ATG,0.9151,11,FALSE,TRUE,-5.99388,15
NZ_CP025209.1,CDS,2177934,2179772,-,ID=gene-AL06_RS10645;Dbxref=GeneID:69500343;Name=AL06_RS10645;gbkey=Gene;gene_biotype=protein_coding;locus_tag=AL06_RS10645;old_locus_tag=CXF52_RS10645,AL06_RS10645,protein_coding,2185469,2185594,2175979,2177103,FALSE,FALSE,AACTATGTCAGGAGA,GCCTACGATGGAGGC,ATG,-6.468055,7,TRUE,TRUE,-6.856025,6
NZ_CP025209.1,CDS,2180229,2181008,+,ID=gene-AL06_RS10650;Dbxref=GeneID:69500344;Name=trmB;gbkey=Gene;gene=trmB;gene_biotype=protein_coding;locus_tag=AL06_RS10650;old_locus_tag=CXF52_RS10650,trmB,protein_coding,2177175,2177909,2181005,2181625,FALSE,TRUE,GAGGGGCACAATAGT,AGTTCCTGTGGAGGC,ATG,-5.99388,15,TRUE,TRUE,-6.856025,6
NZ_CP025209.1,CDS,2181005,2181625,+,ID=gene-AL06_RS10655;Dbxref=GeneID:69500345;Name=AL06_RS10655;gbkey=Gene;gene_biotype=protein_coding;locus_tag=AL06_RS10655;old_locus_tag=CXF52_RS10655,AL06_RS10655,protein_coding,2180229,2181008,2181640,2183880,TRUE,FALSE,AGTTCCTGTGGAGGC,AATAAGAGAGGAAAC,GTG,-6.856025,6,TRUE,TRUE,-4.40793,9
NZ_CP025209.1,CDS,2181640,2183880,+,ID=gene-AL06_RS10660;Dbxref=GeneID:69500346;Name=AL06_RS10660;gbkey=Gene;gene_biotype=protein_coding;locus_tag=AL06_RS10660;old_locus_tag=CXF52_RS10660,AL06_RS10660,protein_coding,2181005,2181625,2183882,2184925,FALSE,FALSE,AATAAGAGAGGAAAC,CTGAGTGAAGAATCC,ATG,-4.40793,9,TRUE,FALSE,-0.359835,15
NZ_CP025209.1,CDS,2183882,2184925,+,ID=gene-AL06_RS10665;Dbxref=GeneID:69500347;Name=AL06_RS10665;gbkey=Gene;gene_biotype=protein_coding;locus_tag=AL06_RS10665;old_locus_tag=CXF52_RS10665,AL06_RS10665,protein_coding,2181640,2183880,2184922,2185278,FALSE,TRUE,CTGAGTGAAGAATCC,CATATCAAAGGAGCA,ATG,-0.359835,15,FALSE,TRUE,-6.768055,8
NZ_CP025209.1,CDS,2184922,2185278,+,ID=gene-AL06_RS10670;Dbxref=GeneID:69500348;Name=AL06_RS10670;gbkey=Gene;gene_biotype=protein_coding;locus_tag=AL06_RS10670;old_locus_tag=CXF52_RS10670,AL06_RS10670,protein_coding,2183882,2184925,2214812,2216605,TRUE,FALSE,CATATCAAAGGAGCA,TGAAAGGAAAAGGAG,ATG,-6.768055,8,TRUE,TRUE,-7.568055,6
NZ_CP025209.1,CDS,2185469,2185594,-,ID=gene-AL06_RS12470;Dbxref=GeneID:77100366;Name=AL06_RS12470;gbkey=Gene;gene_biotype=protein_coding;locus_tag=AL06_RS12470,AL06_RS12470,protein_coding,2185591,2185767,2177934,2179772,TRUE,FALSE,TCAAGAAGCTAGGCT,AACTATGTCAGGAGA,ATG,-2.132995,8,FALSE,TRUE,-6.468055,7
NZ_CP025209.1,CDS,2185591,2185767,-,ID=gene-AL06_RS11775;Dbxref=GeneID:69500543;Name=AL06_RS11775;gbkey=Gene;gene_biotype=protein_coding;locus_tag=AL06_RS11775,AL06_RS11775,protein_coding,2186380,2188446,2185469,2185594,FALSE,TRUE,ACAACGTGGAACGGG,TCAAGAAGCTAGGCT,ATG,-5.056025,5,TRUE,FALSE,-2.132995,8
NZ_CP025209.1,CDS,2186380,2188446,-,ID=gene-AL06_RS10685;Dbxref=GeneID:69500349;Name=AL06_RS10685;gbkey=Gene;gene_biotype=protein_coding;locus_tag=AL06_RS10685;old_locus_tag=CXF52_RS10685,AL06_RS10685,protein_coding,2188608,2188862,2185591,2185767,FALSE,FALSE,TTTCGGGAAGTTCTA,ACAACGTGGAACGGG,ATC,-2.78552,12,FALSE,TRUE,-5.056025,5
NZ_CP025209.1,CDS,2188608,2188862,-,ID=gene-AL06_RS12350;Dbxref=GeneID:69500652;Name=AL06_RS12350;gbkey=Gene;gene_biotype=protein_coding;locus_tag=AL06_RS12350,AL06_RS12350,protein_coding,2189267,2189473,2186380,2188446,FALSE,FALSE,TCCGTGAGAGCTGTC,TTTCGGGAAGTTCTA,TTG,-1.704895,6,FALSE,FALSE,-2.78552,12
NZ_CP025209.1,CDS,2189267,2189473,-,ID=gene-AL06_RS11945;Dbxref=GeneID:69500571;Name=AL06_RS11945;gbkey=Gene;gene_biotype=protein_coding;locus_tag=AL06_RS11945,AL06_RS11945,protein_coding,2189735,2190409,2188608,2188862,FALSE,FALSE,CGAGGAAATAGAAGA,TCCGTGAGAGCTGTC,TTG,-4.40793,15,TRUE,FALSE,-1.704895,6
NZ_CP025209.1,CDS,2189735,2190409,-,ID=gene-AL06_RS11950;Dbxref=GeneID:69500572;Name=AL06_RS11950;gbkey=Gene;gene_biotype=protein_coding;locus_tag=AL06_RS11950,AL06_RS11950,protein_coding,2190565,2192115,2189267,2189473,FALSE,FALSE,TATCCCTAAACATGT,CGAGGAAATAGAAGA,ATG,2.441685,5,FALSE,TRUE,-4.40793,15
NZ_CP025209.1,CDS,2190565,2192115,-,ID=gene-AL06_RS10695;Dbxref=GeneID:69500350;Name=AL06_RS10695;gbkey=Gene;gene_biotype=protein_coding;locus_tag=AL06_RS10695;old_locus_tag=CXF52_RS10695,AL06_RS10695,protein_coding,2192127,2196887,2189735,2190409,FALSE,FALSE,GTAAGTAGGAGATTG,TATCCCTAAACATGT,GTG,-8.01615,6,TRUE,FALSE,2.441685,5
NZ_CP025209.1,CDS,2192127,2196887,-,ID=gene-AL06_RS10700;Dbxref=GeneID:69500351;Name=pks13;gbkey=Gene;gene=pks13;gene_biotype=protein_coding;locus_tag=AL06_RS10700;old_locus_tag=CXF52_RS10700,pks13,protein_coding,2196986,2198800,2190565,2192115,FALSE,FALSE,AATATTCTGAGGTTA,GTAAGTAGGAGATTG,ATG,-5.904895,7,TRUE,TRUE,-8.01615,6
NZ_CP025209.1,CDS,2196986,2198800,-,ID=gene-AL06_RS10705;Dbxref=GeneID:69500352;Name=AL06_RS10705;gbkey=Gene;gene_biotype=protein_coding;locus_tag=AL06_RS10705;old_locus_tag=CXF52_RS10705,AL06_RS10705,protein_coding,2198875,2199786,2192127,2196887,FALSE,FALSE,TTTACTTTGAAGGAG,AATATTCTGAGGTTA,ATG,-7.568055,6,TRUE,TRUE,-5.904895,7
NZ_CP025209.1,CDS,2198875,2199786,-,ID=gene-AL06_RS10710;Dbxref=GeneID:69500353;Name=AL06_RS10710;gbkey=Gene;gene_biotype=protein_coding;locus_tag=AL06_RS10710;old_locus_tag=CXF52_RS10710,AL06_RS10710,protein_coding,2199792,2200307,2196986,2198800,FALSE,FALSE,CCGCGTACTGCTAGT,TTTACTTTGAAGGAG,ATG,1.1151,7,FALSE,TRUE,-7.568055,6
NZ_CP025209.1,CDS,2199792,2200307,-,ID=gene-AL06_RS10715;Dbxref=GeneID:69500354;Name=AL06_RS10715;gbkey=Gene;gene_biotype=protein_coding;locus_tag=AL06_RS10715;old_locus_tag=CXF52_RS10715,AL06_RS10715,protein_coding,2200307,2202223,2198875,2199786,TRUE,FALSE,TCCGTGAGGAGCGTC,CCGCGTACTGCTAGT,ATG,-8.413115,7,TRUE,FALSE,1.1151,7
NZ_CP025209.1,CDS,2200307,2202223,-,ID=gene-AL06_RS10720;Dbxref=GeneID:69500355;Name=AL06_RS10720;gbkey=Gene;gene_biotype=protein_coding;locus_tag=AL06_RS10720;old_locus_tag=CXF52_RS10720,AL06_RS10720,protein_coding,2202406,2203647,2199792,2200307,FALSE,TRUE,GCACTCAGGAGAATT,TCCGTGAGGAGCGTC,ATG,-6.468055,10,TRUE,TRUE,-8.413115,7
NZ_CP025209.1,CDS,2202406,2203647,-,ID=gene-AL06_RS10725;Dbxref=GeneID:69500356;Name=AL06_RS10725;gbkey=Gene;gene_biotype=protein_coding;locus_tag=AL06_RS10725;old_locus_tag=CXF52_RS10725,AL06_RS10725,protein_coding,2203693,2204709,2200307,2202223,FALSE,FALSE,GGGGGTTATTCTTAT,GCACTCAGGAGAATT,ATG,-8.478815,14,TRUE,TRUE,-6.468055,10
NZ_CP025209.1,CDS,2203693,2204709,-,ID=gene-AL06_RS10730;Dbxref=GeneID:69500357;Name=AL06_RS10730;gbkey=Gene;gene_biotype=protein_coding;locus_tag=AL06_RS10730;old_locus_tag=CXF52_RS10730,AL06_RS10730,protein_coding,2204870,2206543,2202406,2203647,FALSE,FALSE,GTTGAAGTCGAGGAG,GGGGGTTATTCTTAT,ATG,-7.568055,6,TRUE,TRUE,-8.478815,14
NZ_CP025209.1,CDS,2204870,2206543,-,ID=gene-AL06_RS10735;Dbxref=GeneID:69500358;Name=AL06_RS10735;gbkey=Gene;gene_biotype=protein_coding;locus_tag=AL06_RS10735;old_locus_tag=CXF52_RS10735,AL06_RS10735,protein_coding,2206577,2207554,2203693,2204709,FALSE,FALSE,AATTAGAAGAAGCAT,GTTGAAGTCGAGGAG,ATG,0.9151,12,FALSE,TRUE,-7.568055,6
NZ_CP025209.1,CDS,2206577,2207554,-,ID=gene-AL06_RS10740;Dbxref=GeneID:69500359;Name=AL06_RS10740;gbkey=Gene;gene_biotype=protein_coding;locus_tag=AL06_RS10740;old_locus_tag=CXF52_RS10740,AL06_RS10740,protein_coding,2207551,2208045,2204870,2206543,TRUE,FALSE,CACGAACTGGGAAGG,AATTAGAAGAAGCAT,ATG,-6.19374,5,TRUE,FALSE,0.9151,12
NZ_CP025209.1,CDS,2207551,2208045,-,ID=gene-AL06_RS10745;Dbxref=GeneID:69500360;Name=AL06_RS10745;gbkey=Gene;gene_biotype=protein_coding;locus_tag=AL06_RS10745;old_locus_tag=CXF52_RS10745,AL06_RS10745,protein_coding,2208045,2210030,2206577,2207554,TRUE,TRUE,AAGGGGCTGAGGAGT,CACGAACTGGGAAGG,GTG,-6.768055,7,TRUE,TRUE,-6.19374,5
NZ_CP025209.1,CDS,2208045,2210030,-,ID=gene-AL06_RS10750;Dbxref=GeneID:69500361;Name=AL06_RS10750;gbkey=Gene;gene_biotype=protein_coding;locus_tag=AL06_RS10750;old_locus_tag=CXF52_RS10750,AL06_RS10750,protein_coding,2210115,2210600,2207551,2208045,FALSE,TRUE,CACTTATTAGAAAGG,AAGGGGCTGAGGAGT,ATG,-3.532995,6,TRUE,TRUE,-6.768055,7
NZ_CP025209.1,CDS,2210115,2210600,-,ID=gene-AL06_RS10755;Dbxref=GeneID:69500362;Name=AL06_RS10755;gbkey=Gene;gene_biotype=protein_coding;locus_tag=AL06_RS10755;old_locus_tag=CXF52_RS10755,AL06_RS10755,protein_coding,2210671,2212248,2208045,2210030,FALSE,FALSE,CCATGCCGTGTGGAG,CACTTATTAGAAAGG,ATG,-4.40793,5,TRUE,TRUE,-3.532995,6
NZ_CP025209.1,CDS,2210671,2212248,-,ID=gene-AL06_RS10760;Dbxref=GeneID:69500363;Name=AL06_RS10760;gbkey=Gene;gene_biotype=protein_coding;locus_tag=AL06_RS10760;old_locus_tag=CXF52_RS10760,AL06_RS10760,protein_coding,2212315,2214540,2210115,2210600,FALSE,FALSE,ATTAAAGGAGAAAAT,CCATGCCGTGTGGAG,ATG,-6.768055,11,TRUE,TRUE,-4.40793,5
NZ_CP025209.1,CDS,2212315,2214540,-,ID=gene-AL06_RS10765;Dbxref=GeneID:69500364;Name=betT;gbkey=Gene;gene=betT;gene_biotype=protein_coding;locus_tag=AL06_RS10765;old_locus_tag=CXF52_RS10765,betT,protein_coding,2216791,2217954,2210671,2212248,FALSE,FALSE,TAAGAAGAGGTGACA,ATTAAAGGAGAAAAT,GTG,-5.904895,9,TRUE,TRUE,-6.768055,11
NZ_CP025209.1,CDS,2214812,2216605,+,ID=gene-AL06_RS10770;Dbxref=GeneID:69500365;Name=betA;gbkey=Gene;gene=betA;gene_biotype=protein_coding;locus_tag=AL06_RS10770;old_locus_tag=CXF52_RS10770,betA,protein_coding,2184922,2185278,2220395,2220622,FALSE,FALSE,TGAAAGGAAAAGGAG,AGGACGTGTTGTGGA,ATG,-7.568055,6,TRUE,TRUE,-4.913115,8
NZ_CP025209.1,CDS,2216791,2217954,-,ID=gene-AL06_RS10775;Dbxref=GeneID:69500366;Name=glf;gbkey=Gene;gene=glf;gene_biotype=protein_coding;locus_tag=AL06_RS10775;old_locus_tag=CXF52_RS10775,glf,protein_coding,2217993,2218439,2212315,2214540,FALSE,FALSE,TCCGGCTACACTCAT,TAAGAAGAGGTGACA,ATG,0.827129999999999,15,FALSE,TRUE,-5.904895,9
NZ_CP025209.1,CDS,2217993,2218439,-,ID=gene-AL06_RS12355;Dbxref=GeneID:69500653;Name=AL06_RS12355;gbkey=Gene;gene_biotype=protein_coding;locus_tag=AL06_RS12355,AL06_RS12355,protein_coding,2218583,2218768,2216791,2217954,FALSE,FALSE,TAAGCTCAATGTACG,TCCGGCTACACTCAT,ATG,0.9151,17,FALSE,FALSE,0.827129999999999,15
NZ_CP025209.1,CDS,2218583,2218768,-,ID=gene-AL06_RS11955;Dbxref=GeneID:69500573;Name=AL06_RS11955;gbkey=Gene;gene_biotype=protein_coding;locus_tag=AL06_RS11955,AL06_RS11955,protein_coding,2218761,2219786,2217993,2218439,TRUE,FALSE,GACTGGTTAGGGGAC,TAAGCTCAATGTACG,ATG,-5.79388,8,TRUE,FALSE,0.9151,17
NZ_CP025209.1,CDS,2218761,2219786,-,ID=gene-AL06_RS10790;Dbxref=GeneID:69500367;Name=AL06_RS10790;gbkey=Gene;gene_biotype=protein_coding;locus_tag=AL06_RS10790;old_locus_tag=CXF52_RS10790,AL06_RS10790,protein_coding,2219875,2220054,2218583,2218768,FALSE,TRUE,AGTGCTGTAGGGTTG,GACTGGTTAGGGGAC,ATG,-4.578055,6,TRUE,TRUE,-5.79388,8
NZ_CP025209.1,CDS,2219875,2220054,-,ID=gene-AL06_RS12475;Dbxref=GeneID:77100367;Name=AL06_RS12475;gbkey=Gene;gene_biotype=protein_coding;locus_tag=AL06_RS12475,AL06_RS12475,protein_coding,2220982,2221374,2218761,2219786,FALSE,FALSE,CGGCGGGCAGGCACA,AGTGCTGTAGGGTTG,GTG,-4.49374,9,TRUE,TRUE,-4.578055,6
NZ_CP025209.1,CDS,2220395,2220622,+,ID=gene-AL06_RS11780;Dbxref=GeneID:69500544;Name=AL06_RS11780;gbkey=Gene;gene_biotype=protein_coding;locus_tag=AL06_RS11780,AL06_RS11780,protein_coding,2214812,2216605,2227146,2228966,FALSE,FALSE,AGGACGTGTTGTGGA,CACATCGAGGGAGAA,ATG,-4.913115,8,TRUE,TRUE,-5.145645,7
NZ_CP025209.1,CDS,2220982,2221374,-,ID=gene-AL06_RS11785;Dbxref=GeneID:69500545;Name=AL06_RS11785;gbkey=Gene;gene_biotype=protein_coding;locus_tag=AL06_RS11785,AL06_RS11785,protein_coding,2221378,2221572,2219875,2220054,FALSE,FALSE,CGGAATGGAACAGTA,CGGCGGGCAGGCACA,ATG,-3.756025,12,TRUE,TRUE,-4.49374,9
NZ_CP025209.1,CDS,2221378,2221572,-,ID=gene-AL06_RS10805;Dbxref=GeneID:69500368;Name=AL06_RS10805;gbkey=Gene;gene_biotype=protein_coding;locus_tag=AL06_RS10805;old_locus_tag=CXF52_RS10805,AL06_RS10805,protein_coding,2222747,2223127,2220982,2221374,FALSE,FALSE,AATTTGCTATACTAT,CGGAATGGAACAGTA,GTG,3.775225,12,FALSE,TRUE,-3.756025,12
NZ_CP025209.1,CDS,2222747,2223127,-,ID=gene-AL06_RS10820;Dbxref=GeneID:69500371;Name=AL06_RS10820;gbkey=Gene;gene_biotype=protein_coding;locus_tag=AL06_RS10820;old_locus_tag=CXF52_RS10820,AL06_RS10820,protein_coding,2223746,2224165,2221378,2221572,FALSE,FALSE,TAAATAAGGAGAGAG,AATTTGCTATACTAT,ATG,-8.21615,6,TRUE,FALSE,3.775225,12
NZ_CP025209.1,CDS,2223746,2224165,-,ID=gene-AL06_RS10830;Dbxref=GeneID:69500372;Name=AL06_RS10830;gbkey=Gene;gene_biotype=protein_coding;locus_tag=AL06_RS10830;old_locus_tag=CXF52_RS10830,AL06_RS10830,protein_coding,2224211,2224876,2222747,2223127,FALSE,FALSE,TGCATGAAAGAGATT,TAAATAAGGAGAGAG,ATG,-0.359835,8,FALSE,TRUE,-8.21615,6
NZ_CP025209.1,CDS,2224211,2224876,-,ID=gene-AL06_RS10835;Dbxref=GeneID:69500373;Name=AL06_RS10835;gbkey=Gene;gene_biotype=protein_coding;locus_tag=AL06_RS10835;old_locus_tag=CXF52_RS10835,AL06_RS10835,protein_coding,2224931,2225296,2223746,2224165,FALSE,FALSE,GTGGTGTCATCATTG,TGCATGAAAGAGATT,ATG,-1.469835,15,FALSE,FALSE,-0.359835,8
NZ_CP025209.1,CDS,2224931,2225296,-,ID=gene-AL06_RS10840;Dbxref=GeneID:69500374;Name=AL06_RS10840;gbkey=Gene;gene_biotype=protein_coding;locus_tag=AL06_RS10840;old_locus_tag=CXF52_RS10840,AL06_RS10840,protein_coding,2225286,2226140,2224211,2224876,TRUE,FALSE,TACATCAAGGAGAAT,GTGGTGTCATCATTG,ATG,-6.768055,9,TRUE,FALSE,-1.469835,15
NZ_CP025209.1,CDS,2225286,2226140,-,ID=gene-AL06_RS10845;Dbxref=GeneID:69500375;Name=AL06_RS10845;gbkey=Gene;gene_biotype=protein_coding;locus_tag=AL06_RS10845;old_locus_tag=CXF52_RS10845,AL06_RS10845,protein_coding,2226375,2226596,2224931,2225296,FALSE,TRUE,GGCATGTCATAGTGG,TACATCAAGGAGAAT,ATG,-0.872870000000002,5,FALSE,TRUE,-6.768055,9
NZ_CP025209.1,CDS,2226375,2226596,-,ID=gene-AL06_RS11790;Dbxref=GeneID:69500546;Name=AL06_RS11790;gbkey=Gene;gene_biotype=protein_coding;locus_tag=AL06_RS11790,AL06_RS11790,protein_coding,2226639,2226947,2225286,2226140,FALSE,FALSE,GGCCGGCGGGCGCAG,GGCATGTCATAGTGG,ATG,-2.445645,5,FALSE,FALSE,-0.872870000000002,5
NZ_CP025209.1,CDS,2226639,2226947,-,ID=gene-AL06_RS11795;Dbxref=GeneID:69500547;Name=AL06_RS11795;gbkey=Gene;gene_biotype=protein_coding;locus_tag=AL06_RS11795,AL06_RS11795,protein_coding,2229671,2230270,2226375,2226596,FALSE,FALSE,CCGCGTAGAGCTCGC,GGCCGGCGGGCGCAG,GTG,-0.359835,10,FALSE,FALSE,-2.445645,5
NZ_CP025209.1,CDS,2227146,2228966,+,ID=gene-AL06_RS10855;Dbxref=GeneID:69500376;Name=AL06_RS10855;gbkey=Gene;gene_biotype=protein_coding;locus_tag=AL06_RS10855;old_locus_tag=CXF52_RS10855,AL06_RS10855,protein_coding,2220395,2220622,2246715,2247488,FALSE,FALSE,CACATCGAGGGAGAA,CCAGAAACCCTCGCT,GTG,-5.145645,7,TRUE,FALSE,1.2151,17
NZ_CP025209.1,CDS,2229671,2230270,-,ID=gene-AL06_RS10865;Dbxref=GeneID:69500377;Name=AL06_RS10865;gbkey=Gene;gene_biotype=protein_coding;locus_tag=AL06_RS10865;old_locus_tag=CXF52_RS10865,AL06_RS10865,protein_coding,2230298,2231629,2226639,2226947,FALSE,FALSE,GGGGAACAGGGGTGG,CCGCGTAGAGCTCGC,GTG,-7.541975,6,TRUE,FALSE,-0.359835,10
NZ_CP025209.1,CDS,2230298,2231629,-,ID=gene-AL06_RS10870;Dbxref=GeneID:69500378;Name=AL06_RS10870;gbkey=Gene;gene_biotype=protein_coding;locus_tag=AL06_RS10870;old_locus_tag=CXF52_RS10870,AL06_RS10870,protein_coding,2231724,2233064,2229671,2230270,FALSE,FALSE,TAATGTATGATCATG,GGGGAACAGGGGTGG,ATG,1.67826,14,FALSE,TRUE,-7.541975,6
NZ_CP025209.1,CDS,2231724,2233064,-,ID=gene-AL06_RS10875;Dbxref=GeneID:69500379;Name=AL06_RS10875;gbkey=Gene;gene_biotype=protein_coding;locus_tag=AL06_RS10875;old_locus_tag=CXF52_RS10875,AL06_RS10875,protein_coding,2233065,2234474,2230298,2231629,FALSE,FALSE,GACCAGCGAGGGAAA,TAATGTATGATCATG,ATG,-4.456165,9,TRUE,FALSE,1.67826,14
NZ_CP025209.1,CDS,2233065,2234474,-,ID=gene-AL06_RS10880;Dbxref=GeneID:69500380;Name=AL06_RS10880;gbkey=Gene;gene_biotype=protein_coding;locus_tag=AL06_RS10880;old_locus_tag=CXF52_RS10880,AL06_RS10880,protein_coding,2234471,2237725,2231724,2233064,TRUE,FALSE,AAGATCAAGAAGGCA,GACCAGCGAGGGAAA,GTG,-2.332995,8,FALSE,TRUE,-4.456165,9
NZ_CP025209.1,CDS,2234471,2237725,-,ID=gene-AL06_RS10885;Dbxref=GeneID:69500381;Name=hsdR;gbkey=Gene;gene=hsdR;gene_biotype=protein_coding;locus_tag=AL06_RS10885;old_locus_tag=CXF52_RS10885,hsdR,protein_coding,2238457,2239977,2233065,2234474,FALSE,TRUE,AGCAACAAGAAGAGA,AAGATCAAGAAGGCA,ATG,-0.359835,6,FALSE,FALSE,-2.332995,8
NZ_CP025209.1,CDS,2238457,2239977,-,ID=gene-AL06_RS10895;Dbxref=GeneID:69500382;Name=glpK;gbkey=Gene;gene=glpK;gene_biotype=protein_coding;locus_tag=AL06_RS10895;old_locus_tag=CXF52_RS10895,glpK,protein_coding,2239996,2240736,2234471,2237725,FALSE,FALSE,GTGAAAGGGAACCAC,AGCAACAAGAAGAGA,ATG,-4.456165,12,TRUE,FALSE,-0.359835,6
NZ_CP025209.1,CDS,2239996,2240736,-,ID=gene-AL06_RS10900;Dbxref=GeneID:69500383;Name=AL06_RS10900;gbkey=Gene;gene_biotype=protein_coding;locus_tag=AL06_RS10900;old_locus_tag=CXF52_RS10900,AL06_RS10900,protein_coding,2240736,2242460,2238457,2239977,TRUE,FALSE,ATGTGTCAGGTGATA,GTGAAAGGGAACCAC,ATG,-3.82996,9,TRUE,TRUE,-4.456165,12
NZ_CP025209.1,CDS,2240736,2242460,-,ID=gene-AL06_RS10905;Dbxref=GeneID:69500384;Name=AL06_RS10905;gbkey=Gene;gene_biotype=protein_coding;locus_tag=AL06_RS10905;old_locus_tag=CXF52_RS10905,AL06_RS10905,protein_coding,2242656,2244488,2239996,2240736,FALSE,TRUE,AAGAAGGAGTGTGGC,ATGTGTCAGGTGATA,ATG,-8.413115,9,TRUE,TRUE,-3.82996,9
NZ_CP025209.1,CDS,2242656,2244488,-,ID=gene-AL06_RS10910;Dbxref=GeneID:69500385;Name=AL06_RS10910;gbkey=Gene;gene_biotype=protein_coding;locus_tag=AL06_RS10910;old_locus_tag=CXF52_RS10910,AL06_RS10910,protein_coding,2244501,2245328,2240736,2242460,FALSE,FALSE,GGGGTAGCAACCCCG,AAGAAGGAGTGTGGC,ATG,-5.43072,15,TRUE,TRUE,-8.413115,9
NZ_CP025209.1,CDS,2244501,2245328,-,ID=gene-AL06_RS10915;Dbxref=GeneID:69500386;Name=AL06_RS10915;gbkey=Gene;gene_biotype=protein_coding;locus_tag=AL06_RS10915;old_locus_tag=CXF52_RS10915,AL06_RS10915,protein_coding,2245358,2246617,2242656,2244488,FALSE,FALSE,AAAAGATACAAGGAG,GGGGTAGCAACCCCG,ATG,-7.568055,6,TRUE,TRUE,-5.43072,15
NZ_CP025209.1,CDS,2245358,2246617,-,ID=gene-AL06_RS10920;Dbxref=GeneID:69500387;Name=serS;gbkey=Gene;gene=serS;gene_biotype=protein_coding;locus_tag=AL06_RS10920;old_locus_tag=CXF52_RS10920,serS,protein_coding,2250153,2250779,2244501,2245328,FALSE,FALSE,ACGCGGTAGTGTAAG,AAAAGATACAAGGAG,GTG,-1.569835,13,FALSE,TRUE,-7.568055,6
NZ_CP025209.1,CDS,2246715,2247488,+,ID=gene-AL06_RS10925;Dbxref=GeneID:69500388;Name=AL06_RS10925;gbkey=Gene;gene_biotype=protein_coding;locus_tag=AL06_RS10925;old_locus_tag=CXF52_RS10925,AL06_RS10925,protein_coding,2227146,2228966,2247490,2248491,FALSE,FALSE,CCAGAAACCCTCGCT,ACGTTTATCACGAAG,ATG,1.2151,17,FALSE,FALSE,0.1151,6
NZ_CP025209.1,CDS,2247490,2248491,+,ID=gene-AL06_RS10930;Dbxref=GeneID:69500389;Name=AL06_RS10930;gbkey=Gene;gene_biotype=protein_coding;locus_tag=AL06_RS10930;old_locus_tag=CXF52_RS10930,AL06_RS10930,protein_coding,2246715,2247488,2248498,2248845,FALSE,FALSE,ACGTTTATCACGAAG,CACGGCTCCTTAAAG,ATG,0.1151,6,FALSE,FALSE,0.1151,6
NZ_CP025209.1,CDS,2248498,2248845,+,ID=gene-AL06_RS10935;Dbxref=GeneID:69500390;Name=AL06_RS10935;gbkey=Gene;gene_biotype=protein_coding;locus_tag=AL06_RS10935;old_locus_tag=CXF52_RS10935,AL06_RS10935,protein_coding,2247490,2248491,2248920,2250167,FALSE,FALSE,CACGGCTCCTTAAAG,AAAATGGTATCCTTT,ATG,0.1151,6,FALSE,FALSE,-1.569835,12
NZ_CP025209.1,CDS,2248920,2250167,+,ID=gene-AL06_RS10940;Dbxref=GeneID:69500391;Name=AL06_RS10940;gbkey=Gene;gene_biotype=protein_coding;locus_tag=AL06_RS10940;old_locus_tag=CXF52_RS10940,AL06_RS10940,protein_coding,2248498,2248845,2251762,2252898,FALSE,FALSE,AAAATGGTATCCTTT,GGCCGGTAAGGTATT,ATG,-1.569835,12,FALSE,TRUE,-3.92996,8
NZ_CP025209.1,CDS,2250153,2250779,-,ID=gene-AL06_RS10945;Dbxref=GeneID:69500392;Name=AL06_RS10945;gbkey=Gene;gene_biotype=protein_coding;locus_tag=AL06_RS10945;old_locus_tag=CXF52_RS10945,AL06_RS10945,protein_coding,2250824,2251726,2245358,2246617,FALSE,FALSE,CTTGGGACGTCTCAT,ACGCGGTAGTGTAAG,ATG,-2.78552,13,FALSE,FALSE,-1.569835,13
NZ_CP025209.1,CDS,2250824,2251726,-,ID=gene-AL06_RS10950;Dbxref=GeneID:69500393;Name=pheA;gbkey=Gene;gene=pheA;gene_biotype=protein_coding;locus_tag=AL06_RS10950;old_locus_tag=CXF52_RS10950,pheA,protein_coding,2253595,2255886,2250153,2250779,FALSE,FALSE,GCCAGATAGAGTAAG,CTTGGGACGTCTCAT,ATG,-1.80793,5,FALSE,FALSE,-2.78552,13
NZ_CP025209.1,CDS,2251762,2252898,+,ID=gene-AL06_RS10955;Dbxref=GeneID:69500394;Name=AL06_RS10955;gbkey=Gene;gene_biotype=protein_coding;locus_tag=AL06_RS10955;old_locus_tag=CXF52_RS10955,AL06_RS10955,protein_coding,2248920,2250167,2252895,2253611,FALSE,TRUE,GGCCGGTAAGGTATT,TCGGATTGGCAGGTG,ATG,-3.92996,8,TRUE,TRUE,-4.15299,6
NZ_CP025209.1,CDS,2252895,2253611,+,ID=gene-AL06_RS10960;Dbxref=GeneID:69500395;Name=AL06_RS10960;gbkey=Gene;gene_biotype=protein_coding;locus_tag=AL06_RS10960;old_locus_tag=CXF52_RS10960,AL06_RS10960,protein_coding,2251762,2252898,2256098,2257393,TRUE,FALSE,TCGGATTGGCAGGTG,ACCCTGTATGCTCTA,GTG,-4.15299,6,TRUE,FALSE,1.67826,13
NZ_CP025209.1,CDS,2253595,2255886,-,ID=gene-AL06_RS10965;Dbxref=GeneID:69500396;Name=AL06_RS10965;gbkey=Gene;gene_biotype=protein_coding;locus_tag=AL06_RS10965;old_locus_tag=CXF52_RS10965,AL06_RS10965,protein_coding,2257522,2259012,2250824,2251726,FALSE,FALSE,CATTTTGTCAGAGGT,GCCAGATAGAGTAAG,ATG,-5.24147,5,TRUE,FALSE,-1.80793,5
NZ_CP025209.1,CDS,2256098,2257393,+,ID=gene-AL06_RS10970;Dbxref=GeneID:69500397;Name=AL06_RS10970;gbkey=Gene;gene_biotype=protein_coding;locus_tag=AL06_RS10970;old_locus_tag=CXF52_RS10970,AL06_RS10970,protein_coding,2252895,2253611,2259203,2260996,FALSE,FALSE,ACCCTGTATGCTCTA,TCAACCGAGAAAGCA,ATG,1.67826,13,FALSE,FALSE,-0.359835,11
NZ_CP025209.1,CDS,2257522,2259012,-,ID=gene-AL06_RS10980;Dbxref=GeneID:69500398;Name=AL06_RS10980;gbkey=Gene;gene_biotype=protein_coding;locus_tag=AL06_RS10980;old_locus_tag=CXF52_RS10980,AL06_RS10980,protein_coding,2261058,2261963,2253595,2255886,FALSE,FALSE,GGAAACTCCGGAGCA,CATTTTGTCAGAGGT,ATG,-3.60793,7,TRUE,TRUE,-5.24147,5
NZ_CP025209.1,CDS,2259203,2260996,+,ID=gene-AL06_RS10985;Dbxref=GeneID:69500399;Name=AL06_RS10985;gbkey=Gene;gene_biotype=protein_coding;locus_tag=AL06_RS10985;old_locus_tag=CXF52_RS10985,AL06_RS10985,protein_coding,2256098,2257393,2264899,2265816,FALSE,FALSE,TCAACCGAGAAAGCA,AGTCGAAAAGGGGCT,ATG,-0.359835,11,FALSE,TRUE,-5.99388,8
NZ_CP025209.1,CDS,2261058,2261963,-,ID=gene-AL06_RS10990;Dbxref=GeneID:69500400;Name=AL06_RS10990;gbkey=Gene;gene_biotype=protein_coding;locus_tag=AL06_RS10990;old_locus_tag=CXF52_RS10990,AL06_RS10990,protein_coding,2261975,2262658,2257522,2259012,FALSE,FALSE,CCCAATAGACTTATC,GGAAACTCCGGAGCA,ATG,1.1151,13,FALSE,TRUE,-3.60793,7
NZ_CP025209.1,CDS,2261975,2262658,-,ID=gene-AL06_RS10995;Dbxref=GeneID:69500401;Name=AL06_RS10995;gbkey=Gene;gene_biotype=protein_coding;locus_tag=AL06_RS10995;old_locus_tag=CXF52_RS10995,AL06_RS10995,protein_coding,2262802,2263758,2261058,2261963,FALSE,FALSE,CACGGAGTAGTCTCA,CCCAATAGACTTATC,ATG,-6.05299,9,TRUE,FALSE,1.1151,13
NZ_CP025209.1,CDS,2262802,2263758,-,ID=gene-AL06_RS11005;Dbxref=GeneID:69500402;Name=AL06_RS11005;gbkey=Gene;gene_biotype=protein_coding;locus_tag=AL06_RS11005;old_locus_tag=CXF52_RS11005,AL06_RS11005,protein_coding,2264117,2264842,2261975,2262658,FALSE,FALSE,GAATTTTAGAAAGGT,CACGGAGTAGTCTCA,GTG,-3.166535,5,FALSE,TRUE,-6.05299,9
NZ_CP025209.1,CDS,2264117,2264842,-,ID=gene-AL06_RS11010;Dbxref=GeneID:69500403;Name=AL06_RS11010;gbkey=Gene;gene_biotype=protein_coding;locus_tag=AL06_RS11010;old_locus_tag=CXF52_RS11010,AL06_RS11010,protein_coding,2268064,2268726,2262802,2263758,FALSE,FALSE,TTACAGTATCATCTG,GAATTTTAGAAAGGT,ATG,1.2151,15,FALSE,FALSE,-3.166535,5
NZ_CP025209.1,CDS,2264899,2265816,+,ID=gene-AL06_RS11015;Dbxref=GeneID:69500404;Name=nadA;gbkey=Gene;gene=nadA;gene_biotype=protein_coding;locus_tag=AL06_RS11015;old_locus_tag=CXF52_RS11015,nadA,protein_coding,2259203,2260996,2265813,2267042,FALSE,TRUE,AGTCGAAAAGGGGCT,TTGAGGCGATGATCA,ATG,-5.99388,8,TRUE,TRUE,-3.60793,14
NZ_CP025209.1,CDS,2265813,2267042,+,ID=gene-AL06_RS11020;Dbxref=GeneID:69500405;Name=AL06_RS11020;gbkey=Gene;gene_biotype=protein_coding;locus_tag=AL06_RS11020;old_locus_tag=CXF52_RS11020,AL06_RS11020,protein_coding,2264899,2265816,2267030,2267857,TRUE,TRUE,TTGAGGCGATGATCA,AAGCGGTAGGACAGC,ATG,-3.60793,14,TRUE,TRUE,-4.20793,10
NZ_CP025209.1,CDS,2267030,2267857,+,ID=gene-AL06_RS11025;Dbxref=GeneID:69500406;Name=nadC;gbkey=Gene;gene=nadC;gene_biotype=protein_coding;locus_tag=AL06_RS11025;old_locus_tag=CXF52_RS11025,nadC,protein_coding,2265813,2267042,2268880,2269479,TRUE,FALSE,AAGCGGTAGGACAGC,CCAACGAAAGGAACG,ATG,-4.20793,10,TRUE,TRUE,-4.468055,6
NZ_CP025209.1,CDS,2268064,2268726,-,ID=gene-AL06_RS11030;Dbxref=GeneID:69500407;Name=msrA;gbkey=Gene;gene=msrA;gene_biotype=protein_coding;locus_tag=AL06_RS11030;old_locus_tag=CXF52_RS11030,msrA,protein_coding,2270261,2271610,2264117,2264842,FALSE,FALSE,AGTGCACGTTGATGT,TTACAGTATCATCTG,ATG,1.5151,18,FALSE,FALSE,1.2151,15
NZ_CP025209.1,CDS,2268880,2269479,+,ID=gene-AL06_RS11035;Dbxref=GeneID:69500408;Name=AL06_RS11035;gbkey=Gene;gene_biotype=protein_coding;locus_tag=AL06_RS11035;old_locus_tag=CXF52_RS11035,AL06_RS11035,protein_coding,2267030,2267857,2269728,2270264,FALSE,FALSE,CCAACGAAAGGAACG,AAGCAACGAAAGGAA,ATG,-4.468055,6,TRUE,TRUE,-4.40793,7
NZ_CP025209.1,CDS,2269728,2270264,+,ID=gene-AL06_RS11040;Dbxref=GeneID:69500409;Name=AL06_RS11040;gbkey=Gene;gene_biotype=protein_coding;locus_tag=AL06_RS11040;old_locus_tag=CXF52_RS11040,AL06_RS11040,protein_coding,2268880,2269479,2273311,2273943,FALSE,FALSE,AAGCAACGAAAGGAA,ATTCGATAAGGATGA,ATG,-4.40793,7,TRUE,TRUE,-4.40793,9
NZ_CP025209.1,CDS,2270261,2271610,-,ID=gene-AL06_RS11045;Dbxref=GeneID:69500410;Name=AL06_RS11045;gbkey=Gene;gene_biotype=protein_coding;locus_tag=AL06_RS11045;old_locus_tag=CXF52_RS11045,AL06_RS11045,protein_coding,2271627,2273198,2268064,2268726,FALSE,FALSE,TGATACTGTTACACG,AGTGCACGTTGATGT,ATG,1.77826,11,FALSE,FALSE,1.5151,18
NZ_CP025209.1,CDS,2271627,2273198,-,ID=gene-AL06_RS11050;Dbxref=GeneID:69500411;Name=AL06_RS11050;gbkey=Gene;gene_biotype=protein_coding;locus_tag=AL06_RS11050;old_locus_tag=CXF52_RS11050,AL06_RS11050,protein_coding,2274440,2275078,2270261,2271610,FALSE,FALSE,GCAATAAGCTGGAGA,TGATACTGTTACACG,GTG,-3.60793,6,TRUE,FALSE,1.77826,11
NZ_CP025209.1,CDS,2273311,2273943,+,ID=gene-AL06_RS11055;Dbxref=GeneID:69500412;Name=AL06_RS11055;gbkey=Gene;gene_biotype=protein_coding;locus_tag=AL06_RS11055;old_locus_tag=CXF52_RS11055,AL06_RS11055,protein_coding,2269728,2270264,2274065,2274382,FALSE,FALSE,ATTCGATAAGGATGA,TTGAAAAGGACTCTT,ATG,-4.40793,9,TRUE,TRUE,-4.40793,11
NZ_CP025209.1,CDS,2274065,2274382,+,ID=gene-AL06_RS11060;Dbxref=GeneID:69500413;Name=AL06_RS11060;gbkey=Gene;gene_biotype=protein_coding;locus_tag=AL06_RS11060;old_locus_tag=CXF52_RS11060,AL06_RS11060,protein_coding,2273311,2273943,2276439,2276993,FALSE,FALSE,TTGAAAAGGACTCTT,AGGATCTAGGCTTGA,ATG,-4.40793,11,TRUE,TRUE,-5.01615,10
NZ_CP025209.1,CDS,2274440,2275078,-,ID=gene-AL06_RS11065;Dbxref=GeneID:69500414;Name=hrrA;gbkey=Gene;gene=hrrA;gene_biotype=protein_coding;locus_tag=AL06_RS11065;old_locus_tag=CXF52_RS11065,hrrA,protein_coding,2275160,2276440,2271627,2273198,FALSE,FALSE,GAAAGGGCGTGGAGA,GCAATAAGCTGGAGA,ATG,-5.741975,9,TRUE,TRUE,-3.60793,6
NZ_CP025209.1,CDS,2275160,2276440,-,ID=gene-AL06_RS11070;Dbxref=GeneID:69500415;Name=AL06_RS11070;gbkey=Gene;gene_biotype=protein_coding;locus_tag=AL06_RS11070;old_locus_tag=CXF52_RS11070,AL06_RS11070,protein_coding,2278598,2278750,2274440,2275078,FALSE,FALSE,CAGGCAGTAATGTAC,GAAAGGGCGTGGAGA,ATG,-4.013115,8,TRUE,TRUE,-5.741975,9
NZ_CP025209.1,CDS,2276439,2276993,+,ID=gene-AL06_RS11075;Dbxref=GeneID:69500416;Name=AL06_RS11075;gbkey=Gene;gene_biotype=protein_coding;locus_tag=AL06_RS11075;old_locus_tag=CXF52_RS11075,AL06_RS11075,protein_coding,2274065,2274382,2277126,2278535,FALSE,FALSE,AGGATCTAGGCTTGA,TTTCTGTAACGATTC,ATG,-5.01615,10,TRUE,FALSE,1.67826,13
NZ_CP025209.1,CDS,2277126,2278535,+,ID=gene-AL06_RS11080;Dbxref=GeneID:69500417;Name=uhpT;gbkey=Gene;gene=uhpT;gene_biotype=protein_coding;locus_tag=AL06_RS11080;old_locus_tag=CXF52_RS11080,uhpT,protein_coding,2276439,2276993,2283474,2284523,FALSE,FALSE,TTTCTGTAACGATTC,GAACTGAAGGACACG,ATG,1.67826,13,FALSE,TRUE,-4.40793,10
NZ_CP025209.1,CDS,2278598,2278750,-,ID=gene-AL06_RS11960;Dbxref=GeneID:69500574;Name=AL06_RS11960;gbkey=Gene;gene_biotype=protein_coding;locus_tag=AL06_RS11960,AL06_RS11960,protein_coding,2278757,2279578,2275160,2276440,FALSE,FALSE,AGAGGAAGGTTAAAC,CAGGCAGTAATGTAC,ATG,-8.413115,11,TRUE,TRUE,-4.013115,8
NZ_CP025209.1,CDS,2278757,2279578,-,ID=gene-AL06_RS11085;Dbxref=GeneID:69500418;Name=AL06_RS11085;gbkey=Gene;gene_biotype=protein_coding;locus_tag=AL06_RS11085;old_locus_tag=CXF52_RS11085,AL06_RS11085,protein_coding,2280883,2281509,2278598,2278750,FALSE,FALSE,AAACAACGATAAGGA,AGAGGAAGGTTAAAC,ATG,-4.50793,6,TRUE,TRUE,-8.413115,11
NZ_CP025209.1,CDS,2280883,2281509,-,ID=gene-AL06_RS12365;Dbxref=GeneID:69500655;Name=AL06_RS12365;gbkey=Gene;gene_biotype=protein_coding;locus_tag=AL06_RS12365,AL06_RS12365,protein_coding,2281787,2282050,2278757,2279578,FALSE,FALSE,GGAAAGGAAGTGGAT,AAACAACGATAAGGA,TTG,-6.51615,8,TRUE,TRUE,-4.50793,6
NZ_CP025209.1,CDS,2281787,2282050,-,ID=gene-AL06_RS11100;Dbxref=GeneID:69500420;Name=AL06_RS11100;gbkey=Gene;gene_biotype=protein_coding;locus_tag=AL06_RS11100;old_locus_tag=CXF52_RS11100,AL06_RS11100,protein_coding,2282333,2283235,2280883,2281509,FALSE,FALSE,AAATCTCAAGGAGGA,GGAAAGGAAGTGGAT,ATG,-10.01615,7,TRUE,TRUE,-6.51615,8
NZ_CP025209.1,CDS,2282333,2283235,-,ID=gene-AL06_RS11105;Dbxref=GeneID:69500421;Name=AL06_RS11105;gbkey=Gene;gene_biotype=protein_coding;locus_tag=AL06_RS11105;old_locus_tag=CXF52_RS11105,AL06_RS11105,protein_coding,2283401,2283538,2281787,2282050,FALSE,FALSE,TTGATAGAAAGGCTT,AAATCTCAAGGAGGA,ATG,-2.332995,9,FALSE,TRUE,-10.01615,7
NZ_CP025209.1,CDS,2283401,2283538,-,ID=gene-AL06_RS11965;Dbxref=GeneID:69500575;Name=AL06_RS11965;gbkey=Gene;gene_biotype=protein_coding;locus_tag=AL06_RS11965,AL06_RS11965,protein_coding,2284894,2285010,2282333,2283235,FALSE,FALSE,CTGTACTACCCTATC,TTGATAGAAAGGCTT,ATG,1.67826,16,FALSE,FALSE,-2.332995,9
NZ_CP025209.1,CDS,2283474,2284523,+,ID=gene-AL06_RS11110;Dbxref=GeneID:69500422;Name=AL06_RS11110;gbkey=Gene;gene_biotype=protein_coding;locus_tag=AL06_RS11110;old_locus_tag=CXF52_RS11110,AL06_RS11110,protein_coding,2277126,2278535,2293155,2294510,FALSE,FALSE,GAACTGAAGGACACG,AACGGACAGCACAGG,ATG,-4.40793,10,TRUE,FALSE,-3.356025,5
NZ_CP025209.1,rRNA,2284894,2285010,-,ID=gene-AL06_RS11115;Dbxref=GeneID:69500423;Name=rrf;gbkey=Gene;gene=rrf;gene_biotype=rRNA;locus_tag=AL06_RS11115;old_locus_tag=CXF52_RS11115,rrf,rRNA,2285156,2288241,2283401,2283538,FALSE,FALSE,TGGGTGGTTGGTTGT,CTGTACTACCCTATC,GTT,-4.478815,12,TRUE,FALSE,1.67826,16
NZ_CP025209.1,rRNA,2285156,2288241,-,ID=gene-AL06_RS11120;Dbxref=GeneID:69500424;Name=AL06_RS11120;gbkey=Gene;gene_biotype=rRNA;locus_tag=AL06_RS11120;old_locus_tag=CXF52_RS11120,AL06_RS11120,rRNA,2288606,2290124,2284894,2285010,FALSE,FALSE,TGTTTTGTTTGTTAC,TGGGTGGTTGGTTGT,GTG,1.77826,17,FALSE,TRUE,-4.478815,12
NZ_CP025209.1,rRNA,2288606,2290124,-,ID=gene-AL06_RS11125;Dbxref=GeneID:69500425;Name=AL06_RS11125;gbkey=Gene;gene_biotype=rRNA;locus_tag=AL06_RS11125;old_locus_tag=CXF52_RS11125,AL06_RS11125,rRNA,2290660,2291622,2285156,2288241,FALSE,FALSE,TTGGTCTTTTGACTG,TGTTTTGTTTGTTAC,TTT,-1.469835,15,FALSE,FALSE,1.77826,17
NZ_CP025209.1,CDS,2290660,2291622,-,ID=gene-AL06_RS11135;Dbxref=GeneID:69500426;Name=AL06_RS11135;gbkey=Gene;gene_biotype=protein_coding;locus_tag=AL06_RS11135;old_locus_tag=CXF52_RS11135,AL06_RS11135,protein_coding,2291675,2292544,2288606,2290124,FALSE,FALSE,CCTCATGTCTCGAGG,TTGGTCTTTTGACTG,ATG,-5.30793,5,TRUE,FALSE,-1.469835,15
NZ_CP025209.1,CDS,2291675,2292544,-,ID=gene-AL06_RS11140;Dbxref=GeneID:69500427;Name=AL06_RS11140;gbkey=Gene;gene_biotype=protein_coding;locus_tag=AL06_RS11140;old_locus_tag=CXF52_RS11140,AL06_RS11140,protein_coding,2292541,2292915,2290660,2291622,TRUE,FALSE,AAAGCCGAGGACTCT,CCTCATGTCTCGAGG,ATG,-4.40793,10,TRUE,TRUE,-5.30793,5
NZ_CP025209.1,CDS,2292541,2292915,-,ID=gene-AL06_RS11145;Dbxref=GeneID:69500428;Name=AL06_RS11145;gbkey=Gene;gene_biotype=protein_coding;locus_tag=AL06_RS11145;old_locus_tag=CXF52_RS11145,AL06_RS11145,protein_coding,2294583,2295347,2291675,2292544,FALSE,TRUE,CAACTGGGTGGTGGT,AAAGCCGAGGACTCT,GTG,-4.478815,8,TRUE,TRUE,-4.40793,10
NZ_CP025209.1,CDS,2293155,2294510,+,ID=gene-AL06_RS11150;Dbxref=GeneID:69500429;Name=AL06_RS11150;gbkey=Gene;gene_biotype=protein_coding;locus_tag=AL06_RS11150;old_locus_tag=CXF52_RS11150,AL06_RS11150,protein_coding,2283474,2284523,2296115,2296318,FALSE,FALSE,AACGGACAGCACAGG,AAGGAATAGAGGCGT,ATG,-3.356025,5,FALSE,TRUE,-5.21615,9
NZ_CP025209.1,CDS,2294583,2295347,-,ID=gene-AL06_RS11155;Dbxref=GeneID:69500430;Name=AL06_RS11155;gbkey=Gene;gene_biotype=protein_coding;locus_tag=AL06_RS11155;old_locus_tag=CXF52_RS11155,AL06_RS11155,protein_coding,2295518,2295901,2292541,2292915,FALSE,FALSE,GTAGAAGAATCGAGG,CAACTGGGTGGTGGT,ATG,-5.30793,5,TRUE,TRUE,-4.478815,8
NZ_CP025209.1,CDS,2295518,2295901,-,ID=gene-AL06_RS11160;Dbxref=GeneID:69500431;Name=trxA;gbkey=Gene;gene=trxA;gene_biotype=protein_coding;locus_tag=AL06_RS11160;old_locus_tag=CXF52_RS11160,trxA,protein_coding,2300134,2301654,2294583,2295347,FALSE,FALSE,CTTTAACAAAGGAGC,GTAGAAGAATCGAGG,ATG,-6.768055,7,TRUE,TRUE,-5.30793,5
NZ_CP025209.1,CDS,2296115,2296318,+,ID=gene-AL06_RS11165;Dbxref=GeneID:69500432;Name=AL06_RS11165;gbkey=Gene;gene_biotype=protein_coding;locus_tag=AL06_RS11165;old_locus_tag=CXF52_RS11165,AL06_RS11165,protein_coding,2293155,2294510,2296476,2298707,FALSE,FALSE,AAGGAATAGAGGCGT,GATACCAGAAGGTGG,ATG,-5.21615,9,TRUE,TRUE,-3.82996,7
NZ_CP025209.1,CDS,2296476,2298707,+,ID=gene-AL06_RS11170;Dbxref=GeneID:69500433;Name=AL06_RS11170;gbkey=Gene;gene_biotype=protein_coding;locus_tag=AL06_RS11170;old_locus_tag=CXF52_RS11170,AL06_RS11170,protein_coding,2296115,2296318,2298805,2300130,FALSE,FALSE,GATACCAGAAGGTGG,CTCATTGTAGGGAGG,ATG,-3.82996,7,TRUE,TRUE,-10.09374,5
NZ_CP025209.1,CDS,2298805,2300130,+,ID=gene-AL06_RS11175;Dbxref=GeneID:69500434;Name=AL06_RS11175;gbkey=Gene;gene_biotype=protein_coding;locus_tag=AL06_RS11175;old_locus_tag=CXF52_RS11175,AL06_RS11175,protein_coding,2296476,2298707,2308661,2308993,FALSE,FALSE,CTCATTGTAGGGAGG,TCAACCACAGTTGAC,GTG,-10.09374,5,TRUE,FALSE,1.2151,11
NZ_CP025209.1,CDS,2300134,2301654,-,ID=gene-AL06_RS11180;Dbxref=GeneID:69500435;Name=dnaB;gbkey=Gene;gene=dnaB;gene_biotype=protein_coding;locus_tag=AL06_RS11180;old_locus_tag=CXF52_RS11180,dnaB,protein_coding,2302228,2302680,2295518,2295901,FALSE,FALSE,CGATGGAGGATGTGT,CTTTAACAAAGGAGC,ATG,-6.856025,11,TRUE,TRUE,-6.768055,7
NZ_CP025209.1,CDS,2302228,2302680,-,ID=gene-AL06_RS11185;Dbxref=GeneID:69500436;Name=rplI;gbkey=Gene;gene=rplI;gene_biotype=protein_coding;locus_tag=AL06_RS11185;old_locus_tag=CXF52_RS11185,rplI,protein_coding,2302811,2303392,2300134,2301654,FALSE,FALSE,ACCACGAAAGGCAGG,CGATGGAGGATGTGT,ATG,-7.81615,6,TRUE,TRUE,-6.856025,11
NZ_CP025209.1,CDS,2302811,2303392,-,ID=gene-AL06_RS11190;Dbxref=GeneID:69500437;Name=AL06_RS11190;gbkey=Gene;gene_biotype=protein_coding;locus_tag=AL06_RS11190;old_locus_tag=CXF52_RS11190,AL06_RS11190,protein_coding,2303517,2303804,2302228,2302680,FALSE,FALSE,TTGTACAGAAAGGCA,ACCACGAAAGGCAGG,ATG,-2.332995,8,FALSE,TRUE,-7.81615,6
NZ_CP025209.1,CDS,2303517,2303804,-,ID=gene-AL06_RS11195;Dbxref=GeneID:69500438;Name=rpsF;gbkey=Gene;gene=rpsF;gene_biotype=protein_coding;locus_tag=AL06_RS11195;old_locus_tag=CXF52_RS11195,rpsF,protein_coding,2303999,2304178,2302811,2303392,FALSE,FALSE,ATAGGAGGTGATGAG,TTGTACAGAAAGGCA,GTG,-12.113115,12,TRUE,FALSE,-2.332995,8
NZ_CP025209.1,CDS,2303999,2304178,-,ID=gene-AL06_RS11205;Dbxref=GeneID:69500439;Name=AL06_RS11205;gbkey=Gene;gene_biotype=protein_coding;locus_tag=AL06_RS11205;old_locus_tag=CXF52_RS11205,AL06_RS11205,protein_coding,2304178,2305740,2303517,2303804,TRUE,FALSE,GAATAGGAACGGTGA,ATAGGAGGTGATGAG,ATG,-9.013115,8,TRUE,TRUE,-12.113115,12
NZ_CP025209.1,CDS,2304178,2305740,-,ID=gene-AL06_RS11210;Dbxref=GeneID:69500440;Name=AL06_RS11210;gbkey=Gene;gene_biotype=protein_coding;locus_tag=AL06_RS11210;old_locus_tag=CXF52_RS11210,AL06_RS11210,protein_coding,2305794,2307974,2303999,2304178,FALSE,TRUE,GGGGCACTTTTTGTA,GAATAGGAACGGTGA,ATG,-3.278815,6,FALSE,TRUE,-9.013115,8
NZ_CP025209.1,CDS,2305794,2307974,-,ID=gene-AL06_RS11215;Dbxref=GeneID:69500441;Name=AL06_RS11215;gbkey=Gene;gene_biotype=protein_coding;locus_tag=AL06_RS11215;old_locus_tag=CXF52_RS11215,AL06_RS11215,protein_coding,2308062,2308424,2304178,2305740,FALSE,FALSE,CAAGGAAGCATGAAC,GGGGCACTTTTTGTA,TTG,-4.40793,15,TRUE,FALSE,-3.278815,6
NZ_CP025209.1,CDS,2308062,2308424,-,ID=gene-AL06_RS11220;Dbxref=GeneID:69500442;Name=AL06_RS11220;gbkey=Gene;gene_biotype=protein_coding;locus_tag=AL06_RS11220;old_locus_tag=CXF52_RS11220,AL06_RS11220,protein_coding,2311776,2312714,2305794,2307974,FALSE,FALSE,GAGGGGGTAGAATGT,CAAGGAAGCATGAAC,ATG,-11.63894,13,TRUE,TRUE,-4.40793,15
NZ_CP025209.1,CDS,2308661,2308993,+,ID=gene-AL06_RS11225;Dbxref=GeneID:69500443;Name=AL06_RS11225;gbkey=Gene;gene_biotype=protein_coding;locus_tag=AL06_RS11225;old_locus_tag=CXF52_RS11225,AL06_RS11225,protein_coding,2298805,2300130,2309003,2309968,FALSE,FALSE,TCAACCACAGTTGAC,CGAGGACTAATCGGA,ATG,1.2151,11,FALSE,TRUE,-5.01615,7
NZ_CP025209.1,CDS,2309003,2309968,+,ID=gene-AL06_RS11230;Dbxref=GeneID:69500444;Name=AL06_RS11230;gbkey=Gene;gene_biotype=protein_coding;locus_tag=AL06_RS11230;old_locus_tag=CXF52_RS11230,AL06_RS11230,protein_coding,2308661,2308993,2309980,2310651,FALSE,FALSE,CGAGGACTAATCGGA,AGAAGTAGAAGGGGA,ATG,-5.01615,7,TRUE,TRUE,-5.99388,7
NZ_CP025209.1,CDS,2309980,2310651,+,ID=gene-AL06_RS11235;Dbxref=GeneID:69500445;Name=AL06_RS11235;gbkey=Gene;gene_biotype=protein_coding;locus_tag=AL06_RS11235;old_locus_tag=CXF52_RS11235,AL06_RS11235,protein_coding,2309003,2309968,2310663,2311136,FALSE,FALSE,AGAAGTAGAAGGGGA,GGATGTAAAATCAGT,ATG,-5.99388,7,TRUE,FALSE,-1.347805,17
NZ_CP025209.1,CDS,2310663,2311136,+,ID=gene-AL06_RS11240;Dbxref=GeneID:69500446;Name=AL06_RS11240;gbkey=Gene;gene_biotype=protein_coding;locus_tag=AL06_RS11240;old_locus_tag=CXF52_RS11240,AL06_RS11240,protein_coding,2309980,2310651,2312901,2313539,FALSE,FALSE,GGATGTAAAATCAGT,CCTTTTTGAGAGGTT,ATG,-1.347805,17,FALSE,TRUE,-5.904895,6
NZ_CP025209.1,CDS,2311776,2312714,-,ID=gene-AL06_RS11250;Dbxref=GeneID:69500448;Name=AL06_RS11250;gbkey=Gene;gene_biotype=protein_coding;locus_tag=AL06_RS11250;old_locus_tag=CXF52_RS11250,AL06_RS11250,protein_coding,2313675,2314154,2308062,2308424,FALSE,FALSE,GCGGGGTAGCATACT,GAGGGGGTAGAATGT,GTG,-5.23072,13,TRUE,TRUE,-11.63894,13
NZ_CP025209.1,CDS,2312901,2313539,+,ID=gene-AL06_RS11255;Dbxref=GeneID:69500449;Name=AL06_RS11255;gbkey=Gene;gene_biotype=protein_coding;locus_tag=AL06_RS11255;old_locus_tag=CXF52_RS11255,AL06_RS11255,protein_coding,2310663,2311136,2314242,2315096,FALSE,FALSE,CCTTTTTGAGAGGTT,TGGCCTATCCTTAAC,GTG,-5.904895,6,TRUE,FALSE,0.827129999999999,17
NZ_CP025209.1,protein_coding;gene_synonym=pexB,2313675,2314154,-,ID=gene-AL06_RS11265;Dbxref=GeneID:69500450;Name=dps;gbkey=Gene;gene=dps;gene_biotype=protein_coding;gene_synonym=pexB;locus_tag=AL06_RS11265;old_locus_tag=CXF52_RS11265,dps,protein_coding;gene_synonym=pexB,2316639,2317766,2311776,2312714,FALSE,FALSE,TTGGCGTATCATAGG,GCGGGGTAGCATACT,ATG,-3.332995,6,FALSE,TRUE,-5.23072,13
NZ_CP025209.1,CDS,2314242,2315096,+,ID=gene-AL06_RS11270;Dbxref=GeneID:69500451;Name=AL06_RS11270;gbkey=Gene;gene_biotype=protein_coding;locus_tag=AL06_RS11270;old_locus_tag=CXF52_RS11270,AL06_RS11270,protein_coding,2312901,2313539,2315118,2316626,FALSE,FALSE,TGGCCTATCCTTAAC,ACTGGCTACGCTGGT,ATG,0.827129999999999,17,FALSE,FALSE,-0.806410000000001,5
NZ_CP025209.1,CDS,2315118,2316626,+,ID=gene-AL06_RS11275;Dbxref=GeneID:69500452;Name=AL06_RS11275;gbkey=Gene;gene_biotype=protein_coding;locus_tag=AL06_RS11275;old_locus_tag=CXF52_RS11275,AL06_RS11275,protein_coding,2314242,2315096,2320046,2321035,FALSE,FALSE,ACTGGCTACGCTGGT,CTCATGATTGGGATT,ATG,-0.806410000000001,5,FALSE,FALSE,-2.78552,7
NZ_CP025209.1,CDS,2316639,2317766,-,ID=gene-AL06_RS11280;Dbxref=GeneID:69500453;Name=AL06_RS11280;gbkey=Gene;gene_biotype=protein_coding;locus_tag=AL06_RS11280;old_locus_tag=CXF52_RS11280,AL06_RS11280,protein_coding,2317854,2318600,2313675,2314154,FALSE,FALSE,TGTGTGAAAGTTGTG,TTGGCGTATCATAGG,GTG,0.9151,11,FALSE,FALSE,-3.332995,6
NZ_CP025209.1,CDS,2317854,2318600,-,ID=gene-AL06_RS11285;Dbxref=GeneID:69500454;Name=AL06_RS11285;gbkey=Gene;gene_biotype=protein_coding;locus_tag=AL06_RS11285;old_locus_tag=CXF52_RS11285,AL06_RS11285,protein_coding,2318657,2319766,2316639,2317766,FALSE,FALSE,CTAGTGTCGAAGGTA,TGTGTGAAAGTTGTG,GTG,-3.92996,6,TRUE,FALSE,0.9151,11
NZ_CP025209.1,CDS,2318657,2319766,-,ID=gene-AL06_RS11290;Dbxref=GeneID:69500455;Name=AL06_RS11290;gbkey=Gene;gene_biotype=protein_coding;locus_tag=AL06_RS11290;old_locus_tag=CXF52_RS11290,AL06_RS11290,protein_coding,2323598,2325313,2317854,2318600,FALSE,FALSE,GGTCGCTGTTTTGCA,CTAGTGTCGAAGGTA,ATG,-1.569835,17,FALSE,TRUE,-3.92996,6
NZ_CP025209.1,CDS,2320046,2321035,+,ID=gene-AL06_RS11300;Dbxref=GeneID:69500456;Name=AL06_RS11300;gbkey=Gene;gene_biotype=protein_coding;locus_tag=AL06_RS11300;old_locus_tag=CXF52_RS11300,AL06_RS11300,protein_coding,2315118,2316626,2321040,2322086,FALSE,FALSE,CTCATGATTGGGATT,GCTAAGTTGAACTAG,ATG,-2.78552,7,FALSE,FALSE,0.315099999999999,6
NZ_CP025209.1,CDS,2321040,2322086,+,ID=gene-AL06_RS11305;Dbxref=GeneID:69500457;Name=AL06_RS11305;gbkey=Gene;gene_biotype=protein_coding;locus_tag=AL06_RS11305;old_locus_tag=CXF52_RS11305,AL06_RS11305,protein_coding,2320046,2321035,2322083,2322844,FALSE,TRUE,GCTAAGTTGAACTAG,GGCGTCAGGCGGCGC,ATG,0.315099999999999,6,FALSE,FALSE,-2.032995,12
NZ_CP025209.1,CDS,2322083,2322844,+,ID=gene-AL06_RS11310;Dbxref=GeneID:69500458;Name=AL06_RS11310;gbkey=Gene;gene_biotype=protein_coding;locus_tag=AL06_RS11310;old_locus_tag=CXF52_RS11310,AL06_RS11310,protein_coding,2321040,2322086,2322861,2323490,TRUE,FALSE,GGCGTCAGGCGGCGC,TAGTCGTATCCTTGT,ATG,-2.032995,12,FALSE,FALSE,1.1151,18
NZ_CP025209.1,CDS,2322861,2323490,+,ID=gene-AL06_RS11315;Dbxref=GeneID:69500459;Name=AL06_RS11315;gbkey=Gene;gene_biotype=protein_coding;locus_tag=AL06_RS11315;old_locus_tag=CXF52_RS11315,AL06_RS11315,protein_coding,2322083,2322844,2348324,2349577,FALSE,FALSE,TAGTCGTATCCTTGT,CAGGCGCAGGAGATC,ATG,1.1151,18,FALSE,TRUE,-6.468055,9
NZ_CP025209.1,CDS,2323598,2325313,-,ID=gene-AL06_RS11320;Dbxref=GeneID:69500460;Name=AL06_RS11320;gbkey=Gene;gene_biotype=protein_coding;locus_tag=AL06_RS11320;old_locus_tag=CXF52_RS11320,AL06_RS11320,protein_coding,2325465,2327192,2318657,2319766,FALSE,FALSE,CACTGTTACACTCAA,GGTCGCTGTTTTGCA,ATG,1.77826,14,FALSE,FALSE,-1.569835,17
NZ_CP025209.1,CDS,2325465,2327192,-,ID=gene-AL06_RS11325;Dbxref=GeneID:69500461;Name=AL06_RS11325;gbkey=Gene;gene_biotype=protein_coding;locus_tag=AL06_RS11325;old_locus_tag=CXF52_RS11325,AL06_RS11325,protein_coding,2327275,2330475,2323598,2325313,FALSE,FALSE,TCCCAAGTGGTGGTG,CACTGTTACACTCAA,GTG,-1.469835,9,FALSE,FALSE,1.77826,14
NZ_CP025209.1,CDS,2327275,2330475,-,ID=gene-AL06_RS11330;Dbxref=GeneID:69500462;Name=AL06_RS11330;gbkey=Gene;gene_biotype=protein_coding;locus_tag=AL06_RS11330;old_locus_tag=CXF52_RS11330,AL06_RS11330,protein_coding,2330468,2331688,2325465,2327192,TRUE,FALSE,CAGGAGGAAGGAGAC,TCCCAAGTGGTGGTG,GTG,-9.71615,14,TRUE,FALSE,-1.469835,9
NZ_CP025209.1,CDS,2330468,2331688,-,ID=gene-AL06_RS11335;Dbxref=GeneID:69500463;Name=AL06_RS11335;gbkey=Gene;gene_biotype=protein_coding;locus_tag=AL06_RS11335;old_locus_tag=CXF52_RS11335,AL06_RS11335,protein_coding,2331688,2333295,2327275,2330475,TRUE,TRUE,AGCTGGGGAGGTTGA,CAGGAGGAAGGAGAC,ATG,-10.690705,8,TRUE,TRUE,-9.71615,14
NZ_CP025209.1,CDS,2331688,2333295,-,ID=gene-AL06_RS11340;Dbxref=GeneID:69500464;Name=AL06_RS11340;gbkey=Gene;gene_biotype=protein_coding;locus_tag=AL06_RS11340;old_locus_tag=CXF52_RS11340,AL06_RS11340,protein_coding,2333376,2335328,2330468,2331688,FALSE,TRUE,AGAGAAGTGAGGAAA,AGCTGGGGAGGTTGA,ATG,-4.40793,8,TRUE,TRUE,-10.690705,8
NZ_CP025209.1,CDS,2333376,2335328,-,ID=gene-AL06_RS11345;Dbxref=GeneID:69500465;Name=AL06_RS11345;gbkey=Gene;gene_biotype=protein_coding;locus_tag=AL06_RS11345;old_locus_tag=CXF52_RS11345,AL06_RS11345,protein_coding,2335598,2336869,2331688,2333295,FALSE,FALSE,GAAAGCGAGGTAGGT,AGAGAAGTGAGGAAA,ATG,-7.74969,6,TRUE,TRUE,-4.40793,8
NZ_CP025209.1,CDS,2335598,2336869,-,ID=gene-AL06_RS11350;Dbxref=GeneID:69500466;Name=AL06_RS11350;gbkey=Gene;gene_biotype=protein_coding;locus_tag=AL06_RS11350;old_locus_tag=CXF52_RS11350,AL06_RS11350,protein_coding,2337051,2338751,2333376,2335328,FALSE,FALSE,GGATAACTGTTAAAC,GAAAGCGAGGTAGGT,ATG,-1.347805,17,FALSE,TRUE,-7.74969,6
NZ_CP025209.1,CDS,2337051,2338751,-,ID=gene-AL06_RS11355;Dbxref=GeneID:69500467;Name=AL06_RS11355;gbkey=Gene;gene_biotype=protein_coding;locus_tag=AL06_RS11355;old_locus_tag=CXF52_RS11355,AL06_RS11355,protein_coding,2338829,2339482,2335598,2336869,FALSE,FALSE,TTTGCGGCCTTAGGG,GGATAACTGTTAAAC,ATG,-4.256165,6,TRUE,FALSE,-1.347805,17
NZ_CP025209.1,CDS,2338829,2339482,-,ID=gene-AL06_RS11360;Dbxref=GeneID:69500468;Name=AL06_RS11360;gbkey=Gene;gene_biotype=protein_coding;locus_tag=AL06_RS11360;old_locus_tag=CXF52_RS11360,AL06_RS11360,protein_coding,2339818,2342694,2337051,2338751,FALSE,FALSE,ACTCAATGAAAGGCC,TTTGCGGCCTTAGGG,ATG,-2.332995,8,FALSE,TRUE,-4.256165,6
NZ_CP025209.1,CDS,2339818,2342694,-,ID=gene-AL06_RS11365;Dbxref=GeneID:69500469;Name=leuS;gbkey=Gene;gene=leuS;gene_biotype=protein_coding;locus_tag=AL06_RS11365;old_locus_tag=CXF52_RS11365,leuS,protein_coding,2342982,2343704,2338829,2339482,FALSE,FALSE,GCTACTACACTATTT,ACTCAATGAAAGGCC,ATG,3.775225,17,FALSE,FALSE,-2.332995,8
NZ_CP025209.1,CDS,2342982,2343704,-,ID=gene-AL06_RS11370;Dbxref=GeneID:69500470;Name=AL06_RS11370;gbkey=Gene;gene_biotype=protein_coding;locus_tag=AL06_RS11370;old_locus_tag=CXF52_RS11370,AL06_RS11370,protein_coding,2343761,2344426,2339818,2342694,FALSE,FALSE,GTGTGCTAGTCTCAC,GCTACTACACTATTT,ATG,1.1151,12,FALSE,FALSE,3.775225,17
NZ_CP025209.1,CDS,2343761,2344426,-,ID=gene-AL06_RS11375;Dbxref=GeneID:69500471;Name=AL06_RS11375;gbkey=Gene;gene_biotype=protein_coding;locus_tag=AL06_RS11375;old_locus_tag=CXF52_RS11375,AL06_RS11375,protein_coding,2344423,2345457,2342982,2343704,TRUE,FALSE,TTGCATTAGGAGCAA,GTGTGCTAGTCTCAC,ATG,-6.568055,9,TRUE,FALSE,1.1151,12
NZ_CP025209.1,CDS,2344423,2345457,-,ID=gene-AL06_RS11380;Dbxref=GeneID:69500472;Name=AL06_RS11380;gbkey=Gene;gene_biotype=protein_coding;locus_tag=AL06_RS11380;old_locus_tag=CXF52_RS11380,AL06_RS11380,protein_coding,2345593,2348193,2343761,2344426,FALSE,TRUE,TGAAAATAAGGAGCA,TTGCATTAGGAGCAA,ATG,-6.768055,8,TRUE,TRUE,-6.568055,9
NZ_CP025209.1,CDS,2345593,2348193,-,ID=gene-AL06_RS11385;Dbxref=GeneID:69500473;Name=AL06_RS11385;gbkey=Gene;gene_biotype=protein_coding;locus_tag=AL06_RS11385;old_locus_tag=CXF52_RS11385,AL06_RS11385,protein_coding,2350170,2350715,2344423,2345457,FALSE,FALSE,TTTCATGAAAGTGTG,TGAAAATAAGGAGCA,ATG,0.9151,10,FALSE,TRUE,-6.768055,8
NZ_CP025209.1,CDS,2348324,2349577,+,ID=gene-AL06_RS11390;Dbxref=GeneID:69500474;Name=AL06_RS11390;gbkey=Gene;gene_biotype=protein_coding;locus_tag=AL06_RS11390;old_locus_tag=CXF52_RS11390,AL06_RS11390,protein_coding,2322861,2323490,2349574,2350173,FALSE,TRUE,CAGGCGCAGGAGATC,CCAGCCGCCGGGAGA,ATG,-6.468055,9,TRUE,TRUE,-5.145645,6
NZ_CP025209.1,CDS,2349574,2350173,+,ID=gene-AL06_RS11395;Dbxref=GeneID:69500475;Name=chrA;gbkey=Gene;gene=chrA;gene_biotype=protein_coding;locus_tag=AL06_RS11395;old_locus_tag=CXF52_RS11395,chrA,protein_coding,2348324,2349577,2353165,2354556,TRUE,FALSE,CCAGCCGCCGGGAGA,CAGATGAGGAGGAGT,ATG,-5.145645,6,TRUE,TRUE,-10.01615,9
NZ_CP025209.1,CDS,2350170,2350715,-,ID=gene-AL06_RS11400;Dbxref=GeneID:69500476;Name=AL06_RS11400;gbkey=Gene;gene_biotype=protein_coding;locus_tag=AL06_RS11400;old_locus_tag=CXF52_RS11400,AL06_RS11400,protein_coding,2350812,2352713,2345593,2348193,FALSE,FALSE,TTTTGGGAAAGGACG,TTTCATGAAAGTGTG,GTG,-5.29374,8,TRUE,FALSE,0.9151,10
NZ_CP025209.1,CDS,2350812,2352713,-,ID=gene-AL06_RS11405;Dbxref=GeneID:69500477;Name=AL06_RS11405;gbkey=Gene;gene_biotype=protein_coding;locus_tag=AL06_RS11405;old_locus_tag=CXF52_RS11405,AL06_RS11405,protein_coding,2361774,2362994,2350170,2350715,FALSE,FALSE,TATTTCACCGGAGGA,TTTTGGGAAAGGACG,ATG,-6.856025,6,TRUE,TRUE,-5.29374,8
NZ_CP025209.1,CDS,2353165,2354556,+,ID=gene-AL06_RS11410;Dbxref=GeneID:69500478;Name=AL06_RS11410;gbkey=Gene;gene_biotype=protein_coding;locus_tag=AL06_RS11410;old_locus_tag=CXF52_RS11410,AL06_RS11410,protein_coding,2349574,2350173,2354724,2355518,FALSE,FALSE,CAGATGAGGAGGAGT,TATCACTGAGGAGGG,ATG,-10.01615,9,TRUE,TRUE,-10.01615,7
NZ_CP025209.1,CDS,2354724,2355518,+,ID=gene-AL06_RS11415;Dbxref=GeneID:69500479;Name=AL06_RS11415;gbkey=Gene;gene_biotype=protein_coding;locus_tag=AL06_RS11415;old_locus_tag=CXF52_RS11415,AL06_RS11415,protein_coding,2353165,2354556,2357373,2358368,FALSE,FALSE,TATCACTGAGGAGGG,TGAAGGAGTGGTTGA,ATG,-10.01615,7,TRUE,TRUE,-9.213115,9
NZ_CP025209.1,CDS,2357373,2358368,+,ID=gene-AL06_RS11430;Dbxref=GeneID:69500481;Name=dhaK;gbkey=Gene;gene=dhaK;gene_biotype=protein_coding;locus_tag=AL06_RS11430;old_locus_tag=CXF52_RS11430,dhaK,protein_coding,2354724,2355518,2358372,2359013,FALSE,FALSE,TGAAGGAGTGGTTGA,GAGGAAGGGGATGTA,ATG,-9.213115,9,TRUE,TRUE,-8.53894,7
NZ_CP025209.1,CDS,2358372,2359013,+,ID=gene-AL06_RS11435;Dbxref=GeneID:69500482;Name=dhaL;gbkey=Gene;gene=dhaL;gene_biotype=protein_coding;locus_tag=AL06_RS11435;old_locus_tag=CXF52_RS11435,dhaL,protein_coding,2357373,2358368,2359010,2359678,FALSE,TRUE,GAGGAAGGGGATGTA,CCGCTTCCGAGGGGA,ATG,-8.53894,7,TRUE,TRUE,-5.99388,7
NZ_CP025209.1,CDS,2359010,2359678,+,ID=gene-AL06_RS11440;Dbxref=GeneID:69500483;Name=dhaM;gbkey=Gene;gene=dhaM;gene_biotype=protein_coding;locus_tag=AL06_RS11440;old_locus_tag=CXF52_RS11440,dhaM,protein_coding,2358372,2359013,2359876,2361183,TRUE,FALSE,CCGCTTCCGAGGGGA,TGGCCAAATGTTACT,ATG,-5.99388,7,TRUE,FALSE,0.827129999999999,17
NZ_CP025209.1,CDS,2359876,2361183,+,ID=gene-AL06_RS11445;Dbxref=GeneID:69500484;Name=AL06_RS11445;gbkey=Gene;gene_biotype=protein_coding;locus_tag=AL06_RS11445;old_locus_tag=CXF52_RS11445,AL06_RS11445,protein_coding,2359010,2359678,2363031,2364026,FALSE,FALSE,TGGCCAAATGTTACT,GTTAGGTAGCAAAAC,TTG,0.827129999999999,17,FALSE,TRUE,-3.92996,13
NZ_CP025209.1,CDS,2361774,2362994,-,ID=gene-AL06_RS11460;Dbxref=GeneID:69500485;Name=AL06_RS11460;gbkey=Gene;gene_biotype=protein_coding;locus_tag=AL06_RS11460;old_locus_tag=CXF52_RS11460,AL06_RS11460,protein_coding,2366773,2367555,2350812,2352713,FALSE,FALSE,ACCCATTAGGATTCT,TATTTCACCGGAGGA,ATG,-4.20793,10,TRUE,TRUE,-6.856025,6
NZ_CP025209.1,CDS,2363031,2364026,+,ID=gene-AL06_RS11465;Dbxref=GeneID:69500486;Name=AL06_RS11465;gbkey=Gene;gene_biotype=protein_coding;locus_tag=AL06_RS11465;old_locus_tag=CXF52_RS11465,AL06_RS11465,protein_coding,2359876,2361183,2364122,2364880,FALSE,FALSE,GTTAGGTAGCAAAAC,GACACTCCTAGGAAT,ATG,-3.92996,13,TRUE,TRUE,-4.20793,8
NZ_CP025209.1,CDS,2364122,2364880,+,ID=gene-AL06_RS11470;Dbxref=GeneID:69500487;Name=AL06_RS11470;gbkey=Gene;gene_biotype=protein_coding;locus_tag=AL06_RS11470;old_locus_tag=CXF52_RS11470,AL06_RS11470,protein_coding,2363031,2364026,2364886,2365578,FALSE,FALSE,GACACTCCTAGGAAT,AGGTTGCTGATTAGT,ATG,-4.20793,8,TRUE,TRUE,-4.02996,16
NZ_CP025209.1,CDS,2364886,2365578,+,ID=gene-AL06_RS11475;Dbxref=GeneID:69500488;Name=AL06_RS11475;gbkey=Gene;gene_biotype=protein_coding;locus_tag=AL06_RS11475;old_locus_tag=CXF52_RS11475,AL06_RS11475,protein_coding,2364122,2364880,2365596,2366762,FALSE,FALSE,AGGTTGCTGATTAGT,AACAGAGGAGGAGCG,ATG,-4.02996,16,TRUE,TRUE,-10.01615,10
NZ_CP025209.1,CDS,2365596,2366762,+,ID=gene-AL06_RS11480;Dbxref=GeneID:69500489;Name=AL06_RS11480;gbkey=Gene;gene_biotype=protein_coding;locus_tag=AL06_RS11480;old_locus_tag=CXF52_RS11480,AL06_RS11480,protein_coding,2364886,2365578,2367603,2368241,FALSE,FALSE,AACAGAGGAGGAGCG,CGTGGAACAATAATT,ATG,-10.01615,10,TRUE,FALSE,-1.247805,14
NZ_CP025209.1,CDS,2366773,2367555,-,ID=gene-AL06_RS11485;Dbxref=GeneID:69500490;Name=AL06_RS11485;gbkey=Gene;gene_biotype=protein_coding;locus_tag=AL06_RS11485;old_locus_tag=CXF52_RS11485,AL06_RS11485,protein_coding,2368249,2369742,2361774,2362994,FALSE,FALSE,TTCACGTGAAACATT,ACCCATTAGGATTCT,GTG,1.77826,13,FALSE,TRUE,-4.20793,10
NZ_CP025209.1,CDS,2367603,2368241,+,ID=gene-AL06_RS11490;Dbxref=GeneID:69500491;Name=AL06_RS11490;gbkey=Gene;gene_biotype=protein_coding;locus_tag=AL06_RS11490;old_locus_tag=CXF52_RS11490,AL06_RS11490,protein_coding,2365596,2366762,2372204,2372776,FALSE,FALSE,CGTGGAACAATAATT,TGCTGGGCCGTTCAA,ATG,-1.247805,14,FALSE,FALSE,-1.29604,13
NZ_CP025209.1,CDS,2368249,2369742,-,ID=gene-AL06_RS11495;Dbxref=GeneID:69500492;Name=AL06_RS11495;gbkey=Gene;gene_biotype=protein_coding;locus_tag=AL06_RS11495;old_locus_tag=CXF52_RS11495,AL06_RS11495,protein_coding,2369806,2370672,2366773,2367555,FALSE,FALSE,GTTGCTATGCTGAAA,TTCACGTGAAACATT,ATG,1.57826,18,FALSE,FALSE,1.77826,13
NZ_CP025209.1,CDS,2369806,2370672,-,ID=gene-AL06_RS11500;Dbxref=GeneID:69500493;Name=AL06_RS11500;gbkey=Gene;gene_biotype=protein_coding;locus_tag=AL06_RS11500;old_locus_tag=CXF52_RS11500,AL06_RS11500,protein_coding,2370872,2372116,2368249,2369742,FALSE,FALSE,CGTGCTACCTTGTGC,GTTGCTATGCTGAAA,ATG,1.77826,17,FALSE,FALSE,1.57826,18
NZ_CP025209.1,CDS,2370872,2372116,-,ID=gene-AL06_RS11505;Dbxref=GeneID:69500494;Name=AL06_RS11505;gbkey=Gene;gene_biotype=protein_coding;locus_tag=AL06_RS11505;old_locus_tag=CXF52_RS11505,AL06_RS11505,protein_coding,2380340,2381131,2369806,2370672,FALSE,FALSE,AAATATTAGGTAACC,CGTGCTACCTTGTGC,ATG,-3.92996,9,TRUE,FALSE,1.77826,17
NZ_CP025209.1,CDS,2372204,2372776,+,ID=gene-AL06_RS11510;Dbxref=GeneID:69500495;Name=AL06_RS11510;gbkey=Gene;gene_biotype=protein_coding;locus_tag=AL06_RS11510;old_locus_tag=CXF52_RS11510,AL06_RS11510,protein_coding,2367603,2368241,2373029,2374360,FALSE,FALSE,TGCTGGGCCGTTCAA,GAAAGAGGTTAGAAA,TTG,-1.29604,13,FALSE,TRUE,-5.904895,11
NZ_CP025209.1,CDS,2373029,2374360,+,ID=gene-AL06_RS11515;Dbxref=GeneID:69500496;Name=trpB;gbkey=Gene;gene=trpB;gene_biotype=protein_coding;locus_tag=AL06_RS11515;old_locus_tag=CXF52_RS11515,trpB,protein_coding,2372204,2372776,2375917,2376561,FALSE,FALSE,GAAAGAGGTTAGAAA,ATCTGGGGGTGATTC,ATG,-5.904895,11,TRUE,TRUE,-8.378815,10
NZ_CP025209.1,CDS,2375917,2376561,+,ID=gene-AL06_RS11525;Dbxref=GeneID:69500498;Name=AL06_RS11525;gbkey=Gene;gene_biotype=protein_coding;locus_tag=AL06_RS11525;old_locus_tag=CXF52_RS11525,AL06_RS11525,protein_coding,2373029,2374360,2376576,2377601,FALSE,FALSE,ATCTGGGGGTGATTC,AATAAGAAAGACCAC,ATG,-8.378815,10,TRUE,FALSE,0.9151,15
NZ_CP025209.1,CDS,2376576,2377601,+,ID=gene-AL06_RS11530;Dbxref=GeneID:69500499;Name=trpD;gbkey=Gene;gene=trpD;gene_biotype=protein_coding;locus_tag=AL06_RS11530;old_locus_tag=CXF52_RS11530,trpD,protein_coding,2375917,2376561,2377591,2379048,FALSE,TRUE,AATAAGAAAGACCAC,ATCCATGAGGAGGCA,ATG,0.9151,15,FALSE,TRUE,-10.01615,8
NZ_CP025209.1,CDS,2377591,2379048,+,ID=gene-AL06_RS11535;Dbxref=GeneID:69500500;Name=trpCF;gbkey=Gene;gene=trpCF;gene_biotype=protein_coding;locus_tag=AL06_RS11535;old_locus_tag=CXF52_RS11535,trpCF,protein_coding,2376576,2377601,2379109,2379486,TRUE,FALSE,ATCCATGAGGAGGCA,ATAAGGAATTCTAGA,ATG,-10.01615,8,TRUE,TRUE,-4.40793,14
NZ_CP025209.1,CDS,2379109,2379486,+,ID=gene-AL06_RS11540;Dbxref=GeneID:69500501;Name=AL06_RS11540;gbkey=Gene;gene_biotype=protein_coding;locus_tag=AL06_RS11540;old_locus_tag=CXF52_RS11540,AL06_RS11540,protein_coding,2377591,2379048,2379483,2380343,FALSE,TRUE,ATAAGGAATTCTAGA,ATCCCGCTATGGTTG,ATG,-4.40793,14,TRUE,FALSE,-1.469835,7
NZ_CP025209.1,CDS,2379483,2380343,+,ID=gene-AL06_RS11545;Dbxref=GeneID:69500502;Name=panC;gbkey=Gene;gene=panC;gene_biotype=protein_coding;locus_tag=AL06_RS11545;old_locus_tag=CXF52_RS11545,panC,protein_coding,2379109,2379486,2381468,2382694,TRUE,FALSE,ATCCCGCTATGGTTG,AACCACAGGGAATAT,ATG,-1.469835,7,FALSE,TRUE,-4.156165,11
NZ_CP025209.1,CDS,2380340,2381131,-,ID=gene-AL06_RS11550;Dbxref=GeneID:69500503;Name=panB;gbkey=Gene;gene=panB;gene_biotype=protein_coding;locus_tag=AL06_RS11550;old_locus_tag=CXF52_RS11550,panB,protein_coding,2385359,2385724,2370872,2372116,FALSE,FALSE,ACTACTGAAAGGTGC,AAATATTAGGTAACC,GTG,-3.82996,7,TRUE,TRUE,-3.92996,9
NZ_CP025209.1,CDS,2381468,2382694,+,ID=gene-AL06_RS11555;Dbxref=GeneID:69500504;Name=trpB;gbkey=Gene;gene=trpB;gene_biotype=protein_coding;locus_tag=AL06_RS11555;old_locus_tag=CXF52_RS11555,trpB,protein_coding,2379483,2380343,2383561,2383938,FALSE,FALSE,AACCACAGGGAATAT,ATGTGTGATACTGGA,ATG,-4.156165,11,TRUE,FALSE,-1.347805,5
NZ_CP025209.1,CDS,2383561,2383938,+,ID=gene-AL06_RS11565;Dbxref=GeneID:69500506;Name=AL06_RS11565;gbkey=Gene;gene_biotype=protein_coding;locus_tag=AL06_RS11565;old_locus_tag=CXF52_RS11565,AL06_RS11565,protein_coding,2381468,2382694,2383959,2384927,FALSE,FALSE,ATGTGTGATACTGGA,TCTGCTTTAGACTCG,ATG,-1.347805,5,FALSE,FALSE,1.1151,11
NZ_CP025209.1,CDS,2383959,2384927,+,ID=gene-AL06_RS11570;Dbxref=GeneID:69500507;Name=AL06_RS11570;gbkey=Gene;gene_biotype=protein_coding;locus_tag=AL06_RS11570;old_locus_tag=CXF52_RS11570,AL06_RS11570,protein_coding,2383561,2383938,2384924,2385250,FALSE,TRUE,TCTGCTTTAGACTCG,ACGCGTCTAAGATGT,ATG,1.1151,11,FALSE,FALSE,0.9151,10
NZ_CP025209.1,CDS,2384924,2385250,+,ID=gene-AL06_RS11575;Dbxref=GeneID:69500508;Name=AL06_RS11575;gbkey=Gene;gene_biotype=protein_coding;locus_tag=AL06_RS11575;old_locus_tag=CXF52_RS11575,AL06_RS11575,protein_coding,2383959,2384927,2388689,2389561,TRUE,FALSE,ACGCGTCTAAGATGT,ACGGGATACGATCAG,ATG,0.9151,10,FALSE,FALSE,-2.78552,14
NZ_CP025209.1,CDS,2385359,2385724,-,ID=gene-AL06_RS11580;Dbxref=GeneID:69500509;Name=AL06_RS11580;gbkey=Gene;gene_biotype=protein_coding;locus_tag=AL06_RS11580;old_locus_tag=CXF52_RS11580,AL06_RS11580,protein_coding,2385733,2386464,2380340,2381131,FALSE,FALSE,ATCGCCGGTGAACTC,ACTACTGAAAGGTGC,ATG,-1.469835,11,FALSE,TRUE,-3.82996,7
NZ_CP025209.1,CDS,2385733,2386464,-,ID=gene-AL06_RS11585;Dbxref=GeneID:69500510;Name=AL06_RS11585;gbkey=Gene;gene_biotype=protein_coding;locus_tag=AL06_RS11585;old_locus_tag=CXF52_RS11585,AL06_RS11585,protein_coding,2386465,2387061,2385359,2385724,FALSE,FALSE,CAATGTGGGAGAAAA,ATCGCCGGTGAACTC,GTG,-5.145645,9,TRUE,FALSE,-1.469835,11
NZ_CP025209.1,CDS,2386465,2387061,-,ID=gene-AL06_RS11590;Dbxref=GeneID:69500511;Name=AL06_RS11590;gbkey=Gene;gene_biotype=protein_coding;locus_tag=AL06_RS11590;old_locus_tag=CXF52_RS11590,AL06_RS11590,protein_coding,2387062,2388549,2385733,2386464,FALSE,FALSE,ATGGTGGTACGAGCA,CAATGTGGGAGAAAA,ATG,-1.569835,12,FALSE,TRUE,-5.145645,9
NZ_CP025209.1,CDS,2387062,2388549,-,ID=gene-AL06_RS11595;Dbxref=GeneID:69500512;Name=AL06_RS11595;gbkey=Gene;gene_biotype=protein_coding;locus_tag=AL06_RS11595;old_locus_tag=CXF52_RS11595,AL06_RS11595,protein_coding,2399188,2400291,2386465,2387061,FALSE,FALSE,CGTTAAAGAATGTAG,ATGGTGGTACGAGCA,ATG,0.315099999999999,6,FALSE,FALSE,-1.569835,12
NZ_CP025209.1,CDS,2388689,2389561,+,ID=gene-AL06_RS11600;Dbxref=GeneID:69500513;Name=AL06_RS11600;gbkey=Gene;gene_biotype=protein_coding;locus_tag=AL06_RS11600;old_locus_tag=CXF52_RS11600,AL06_RS11600,protein_coding,2384924,2385250,2389561,2392272,FALSE,TRUE,ACGGGATACGATCAG,GGAGGGTTACTCCAC,ATG,-2.78552,14,FALSE,TRUE,-6.956025,15
NZ_CP025209.1,CDS,2389561,2392272,+,ID=gene-AL06_RS11605;Dbxref=GeneID:69500514;Name=AL06_RS11605;gbkey=Gene;gene_biotype=protein_coding;locus_tag=AL06_RS11605;old_locus_tag=CXF52_RS11605,AL06_RS11605,protein_coding,2388689,2389561,2392382,2395711,TRUE,FALSE,GGAGGGTTACTCCAC,TGCAAAGTAGGACAC,ATG,-6.956025,15,TRUE,TRUE,-4.20793,9
NZ_CP025209.1,CDS,2392382,2395711,+,ID=gene-AL06_RS11610;Dbxref=GeneID:69500515;Name=murJ;gbkey=Gene;gene=murJ;gene_biotype=protein_coding;locus_tag=AL06_RS11610;old_locus_tag=CXF52_RS11610,murJ,protein_coding,2389561,2392272,2395871,2396473,FALSE,FALSE,TGCAAAGTAGGACAC,ATAACAGGGGGGATT,TTG,-4.20793,9,TRUE,TRUE,-8.941975,10
NZ_CP025209.1,CDS,2395871,2396473,+,ID=gene-AL06_RS11615;Dbxref=GeneID:69500516;Name=AL06_RS11615;gbkey=Gene;gene_biotype=protein_coding;locus_tag=AL06_RS11615;old_locus_tag=CXF52_RS11615,AL06_RS11615,protein_coding,2392382,2395711,2396609,2397553,FALSE,FALSE,ATAACAGGGGGGATT,AAAAGGGAGTACCAC,ATG,-8.941975,10,TRUE,TRUE,-5.145645,11
NZ_CP025209.1,CDS,2396609,2397553,+,ID=gene-AL06_RS11620;Dbxref=GeneID:69500517;Name=trxB;gbkey=Gene;gene=trxB;gene_biotype=protein_coding;locus_tag=AL06_RS11620;old_locus_tag=CXF52_RS11620,trxB,protein_coding,2395871,2396473,2397568,2397891,FALSE,FALSE,AAAAGGGAGTACCAC,CTTAAAGGAGCATTT,ATG,-5.145645,11,TRUE,TRUE,-6.768055,11
NZ_CP025209.1,CDS,2397568,2397891,+,ID=gene-AL06_RS11625;Dbxref=GeneID:69500518;Name=trxA;gbkey=Gene;gene=trxA;gene_biotype=protein_coding;locus_tag=AL06_RS11625;old_locus_tag=CXF52_RS11625,trxA,protein_coding,2396609,2397553,2397939,2399120,FALSE,FALSE,CTTAAAGGAGCATTT,AGCGAAGGAAAGGAG,ATG,-6.768055,11,TRUE,TRUE,-7.568055,6
NZ_CP025209.1,CDS,2397939,2399120,+,ID=gene-AL06_RS11630;Dbxref=GeneID:69500519;Name=AL06_RS11630;gbkey=Gene;gene_biotype=protein_coding;locus_tag=AL06_RS11630;old_locus_tag=CXF52_RS11630,AL06_RS11630,protein_coding,2397568,2397891,0,0,FALSE,FALSE,AGCGAAGGAAAGGAG,ATTACCTAAATGCGA,GTG,-7.568055,6,TRUE,FALSE,0,0
NZ_CP025209.1,CDS,2399188,2400291,-,ID=gene-AL06_RS11635;Dbxref=GeneID:69500520;Name=AL06_RS11635;gbkey=Gene;gene_biotype=protein_coding;locus_tag=AL06_RS11635;old_locus_tag=CXF52_RS11635,AL06_RS11635,protein_coding,2400298,2401314,2387062,2388549,FALSE,FALSE,ATCGAAGGAGTAACG,CGTTAAAGAATGTAG,ATG,-7.51615,6,TRUE,FALSE,0.315099999999999,6
NZ_CP025209.1,CDS,2400298,2401314,-,ID=gene-AL06_RS11640;Dbxref=GeneID:69500521;Name=AL06_RS11640;gbkey=Gene;gene_biotype=protein_coding;locus_tag=AL06_RS11640;old_locus_tag=CXF52_RS11640,AL06_RS11640,protein_coding,2401437,2402072,2399188,2400291,FALSE,FALSE,ATAGTCTGAGAAGGG,ATCGAAGGAGTAACG,ATG,-4.456165,6,TRUE,TRUE,-7.51615,6
NZ_CP025209.1,CDS,2401437,2402072,-,ID=gene-AL06_RS11645;Dbxref=GeneID:69500522;Name=rsmG;gbkey=Gene;gene=rsmG;gene_biotype=protein_coding;locus_tag=AL06_RS11645;old_locus_tag=CXF52_RS11645,rsmG,protein_coding,2402230,2403183,2400298,2401314,FALSE,FALSE,AGAAAAGGGATGGTT,ATAGTCTGAGAAGGG,GTG,-8.43894,7,TRUE,TRUE,-4.456165,6
NZ_CP025209.1,CDS,2402230,2403183,-,ID=gene-AL06_RS11650;Dbxref=GeneID:69500523;Name=yidC;gbkey=Gene;gene=yidC;gene_biotype=protein_coding;locus_tag=AL06_RS11650;old_locus_tag=CXF52_RS11650,yidC,protein_coding,2403190,2403516,2401437,2402072,FALSE,FALSE,CAAGGAGTTCTGACT,AGAAAAGGGATGGTT,GTG,-6.768055,14,TRUE,TRUE,-8.43894,7
NZ_CP025209.1,CDS,2403190,2403516,-,ID=gene-AL06_RS11655;Dbxref=GeneID:69500524;Name=yidD;gbkey=Gene;gene=yidD;gene_biotype=protein_coding;locus_tag=AL06_RS11655;old_locus_tag=CXF52_RS11655,yidD,protein_coding,2403476,2403835,2402230,2403183,TRUE,FALSE,TCTGAGGAGTTGCGG,CAAGGAGTTCTGACT,ATG,-6.91615,9,TRUE,TRUE,-6.768055,14
NZ_CP025209.1,CDS,2403476,2403835,-,ID=gene-AL06_RS11660;Dbxref=GeneID:69500525;Name=rnpA;gbkey=Gene;gene=rnpA;gene_biotype=protein_coding;locus_tag=AL06_RS11660;old_locus_tag=CXF52_RS11660,rnpA,protein_coding,2403867,2404010,2403190,2403516,FALSE,TRUE,AAGCTCGAAAAGAAC,TCTGAGGAGTTGCGG,GTG,0.9151,18,FALSE,TRUE,-6.91615,9
NZ_CP025209.1,CDS,2403867,2404010,-,ID=gene-AL06_RS11665;Dbxref=GeneID:69500526;Name=rpmH;gbkey=Gene;gene=rpmH;gene_biotype=protein_coding;locus_tag=AL06_RS11665;old_locus_tag=CXF52_RS11665,rpmH,protein_coding,2405069,2406082,2403476,2403835,FALSE,FALSE,ATTTAGAGGAGTGTT,AAGCTCGAAAAGAAC,GTG,-8.413115,7,TRUE,FALSE,0.9151,18
NZ_CP025210.1,CDS,2405069,2406082,-,ID=gene-AL06_RS11670;Dbxref=GeneID:69500527;Name=AL06_RS11670;gbkey=Gene;gene_biotype=protein_coding;locus_tag=AL06_RS11670;old_locus_tag=CXF52_RS11670,AL06_RS11670,protein_coding,2406075,2406242,2403867,2404010,TRUE,FALSE,AGCGAAAACGTAGGT,ATTTAGAGGAGTGTT,ATG,-3.166535,5,FALSE,TRUE,-8.413115,7
NZ_CP025210.1,CDS,2406075,2406242,-,ID=gene-AL06_RS11805;Dbxref=GeneID:69500548;Name=AL06_RS11805;gbkey=Gene;gene_biotype=protein_coding;locus_tag=AL06_RS11805,AL06_RS11805,protein_coding,2406239,2406529,2405069,2406082,TRUE,TRUE,AAATTGGCAAGGGTG,AGCGAAAACGTAGGT,ATG,-4.778055,5,TRUE,FALSE,-3.166535,5
NZ_CP025210.1,CDS,2406239,2406529,-,ID=gene-AL06_RS11675;Dbxref=GeneID:69500528;Name=AL06_RS11675;gbkey=Gene;gene_biotype=protein_coding;locus_tag=AL06_RS11675;old_locus_tag=CXF52_RS11675,AL06_RS11675,protein_coding,2406539,2406757,2406075,2406242,FALSE,TRUE,CATTGATTAAGGGGT,AAATTGGCAAGGGTG,ATG,-6.562725,5,TRUE,TRUE,-4.778055,5
NZ_CP025210.1,CDS,2406539,2406757,-,ID=gene-AL06_RS11810;Dbxref=GeneID:69500549;Name=AL06_RS11810;gbkey=Gene;gene_biotype=protein_coding;locus_tag=AL06_RS11810,AL06_RS11810,protein_coding,0,0,2406239,2406529,FALSE,FALSE,GTAACACTAAGGATA,CATTGATTAAGGGGT,ATG,-4.40793,8,TRUE,TRUE,-6.562725,5
